0.360745
0.041249
0.034343
0.025714
0.027502
0.039388
0.042892
0.032102
0.041241
0.037546
0.040190
0.029908
0.043725
0.041801
0.034492
0.048130
0.042444
0.045498
0.035565
0.039288
0.033491
0.033301
0.028111
0.030795
0.047846
0.046514
0.052965
0.025889
0.047578
0.034804
0.031734
0.041579
0.045137
0.044915
0.039454
0.049328
0.029185
0.028660
0.029890
0.033385
0.030463
0.028737
0.039076
0.026769
0.040078
0.026726
0.039261
0.026704
0.027711
0.033064
0.028454
0.027969
0.027931
0.028234
0.030385
0.031229
0.028529
0.028079
0.028235
0.028041
0.035120
0.034241
0.041564
0.033801
0.044546
0.051298
0.039607
0.029996
0.032503
0.025673
0.028500
0.027859
0.034000
0.046320
0.044529
0.047071
0.043634
0.046719
0.044821
0.032107
0.055716
0.045592
0.046814
0.046373
0.049474
0.050897
0.052819
0.045765
0.047013
0.045720
0.050947
0.046628
0.047249
0.044201
0.066614
0.046035
0.046232
0.046099
0.046736
0.042984
0.064414
0.053730
0.043924
0.042539
0.054658
0.040008
0.039717
0.060708
0.041697
0.055656
0.053751
0.041986
0.060739
0.034145
0.048945
0.047184
0.059029
0.048862
0.051582
0.047740
0.048462
0.046232
0.046738
0.050425
0.058800
0.050946
0.046981
0.047051
0.051662
0.046038
0.050572
0.043551
0.066811
0.044442
0.061454
0.051588
0.048497
0.031713
0.034292
0.033762
0.032433
0.031574
0.033064
0.031742
0.038511
0.050055
0.032024
0.033601
0.041405
0.031775
0.032799
0.036617
0.033008
0.038231
0.031838
0.032601
0.031888
0.035755
0.045776
0.031586
0.038041
0.031790
0.031633
0.040989
0.034290
0.031615
0.034928
0.033884
0.032622
0.036742
0.032386
0.026649
0.032569
0.027347
0.034621
0.038052
0.031690
0.032008
0.031844
0.031730
0.049468
0.036773
0.036518
0.032936
0.032762
0.031666
0.033549
0.025382
0.060356
0.045348
0.031799
0.034027
0.048202
0.048864
0.044373
0.031639
0.035111
0.031718
0.032063
0.042841
0.031674
0.031466
0.051969
0.032094
0.035269
0.032920
0.032703
0.031838
0.037118
0.046827
0.034111
0.047244
0.051352
0.048956
0.046890
0.045177
0.046145
0.044756
0.044756
0.043618
0.045054
0.040777
0.064621
0.050664
0.060825
0.060416
0.048369
0.047979
0.047486
0.045972
0.051671
0.048018
0.050720
0.048415
0.052160
0.045966
0.046061
0.050887
0.017570
0.023363
0.043814
0.044620
0.032269
0.032674
0.031955
0.047685
0.033914
0.031923
0.032430
0.032350
0.031849
0.032506
0.050164
0.047193
0.041388
0.036642
0.031587
0.031716
0.046089
0.032089
0.035278
0.031755
0.036314
0.032592
0.031835
0.034165
0.032385
0.032542
0.032900
0.034410
0.031771
0.032011
0.032261
0.032312
0.037097
0.024057
0.023735
0.034511
0.025745
0.024907
0.024963
0.043656
0.029589
0.028786
0.030423
0.031180
0.030984
0.040655
0.032779
0.032805
0.035104
0.032987
0.031638
0.025130
0.045679
0.045864
0.043112
0.047253
0.046039
0.047881
0.029536
0.027694
0.030589
0.043794
0.039989
0.047997
0.045105
0.048042
0.049689
0.044194
0.044665
0.051027
0.047601
0.049138
0.045766
0.046568
0.049202
0.048102
0.048056
0.042453
0.051257
0.045974
0.046350
0.048251
0.046548
0.046459
0.046863
0.046379
0.046806
0.046772
0.048340
0.046266
0.046016
0.050870
0.047552
0.048071
0.048548
0.046472
0.048316
0.048079
0.055319
0.046063
0.046726
0.050586
0.048320
0.045925
0.046485
0.047498
0.048958
0.045809
0.050720
0.046312
0.049164
0.046686
0.047607
0.045978
0.042763
0.048264
0.047179
0.048460
0.047887
0.046792
0.047956
0.046491
0.049778
0.047085
0.047272
0.048894
0.049458
0.046608
0.059809
0.047598
0.047038
0.047633
0.046684
0.046022
0.031743
0.047923
0.032229
0.047790
0.048392
0.047846
0.047384
0.048002
0.049469
0.046186
0.045477
0.046484
0.046586
0.045750
0.046849
0.045681
0.048255
0.045863
0.050354
0.046149
0.045706
0.032876
0.033856
0.022918
0.038686
0.033084
0.032795
0.040875
0.038441
0.041796
0.041450
0.028158
0.042383
0.042321
0.046877
0.045561
0.049993
0.049182
0.050259
0.040065
0.049129
0.045912
0.039032
0.049016
0.045886
0.051634
0.047099
0.046755
0.031629
0.033147
0.040322
0.038659
0.027101
0.041799
0.043241
0.042044
0.042939
0.041669
0.035978
0.040239
0.035888
0.046792
0.047107
0.044065
0.056753
0.059237
0.036447
0.049360
0.049380
0.047069
0.047101
0.050129
0.051162
0.051580
0.051076
0.051602
0.046738
0.048376
0.049911
0.051477
0.034688
0.034194
0.046483
0.048379
0.033104
0.041425
0.026166
0.025921
0.025331
0.042679
0.028383
0.043807
0.062450
0.040731
0.030286
0.053444
0.062445
0.029301
0.030715
0.050571
0.048461
0.061373
0.063287
0.051946
0.061717
0.046153
0.034556
0.061368
0.049131
0.046361
0.045907
0.038656
0.045814
0.044976
0.033356
0.043594
0.042882
0.042697
0.043463
0.044498
0.039314
0.045535
0.036687
0.042240
0.043244
0.032257
0.030456
0.040658
0.029712
0.031223
0.029527
0.029885
0.029565
0.029412
0.043106
0.029650
0.030090
0.029419
0.059036
0.043358
0.043209
0.042798
0.045015
0.043704
0.043348
0.060225
0.050237
0.058178
0.046344
0.047486
0.052159
0.045662
0.051380
0.046976
0.048094
0.032449
0.031602
0.040685
0.030299
0.043671
0.040756
0.038427
0.038313
0.048696
0.040927
0.033096
0.030318
0.033841
0.034544
0.033766
0.037658
0.039475
0.040552
0.044011
0.044158
0.042695
0.045342
0.045255
0.045848
0.042966
0.046235
0.022061
0.029048
0.070059
0.061630
0.057953
0.069000
0.048972
0.059806
0.042296
0.046505
0.058685
0.056010
0.068291
0.059553
0.059787
0.059205
0.064456
0.046429
0.048597
0.046528
0.054341
0.046558
0.054110
0.042088
0.037529
0.042415
0.028016
0.016488
0.031592
0.018629
0.015947
0.017130
0.020282
0.019530
0.034921
0.018220
0.020360
0.019083
0.019138
0.018176
0.036770
0.031518
0.037393
0.057405
0.037470
0.063304
0.037817
0.041548
0.043089
0.033014
0.037335
0.043639
0.067663
0.045568
0.065176
0.042146
0.039658
0.026460
0.035287
0.031070
0.031368
0.031790
0.031540
0.033539
0.034570
0.038623
0.050282
0.046541
0.044509
0.032302
0.037024
0.032132
0.033856
0.047610
0.024736
0.047521
0.041590
0.042558
0.044339
0.042845
0.045181
0.037650
0.030061
0.046362
0.062824
0.048611
0.039204
0.046401
0.037749
0.045929
0.054332
0.051295
0.055600
0.052885
0.035438
0.061746
0.037890
0.033533
0.046652
0.055098
0.040997
0.035268
0.054829
0.041657
0.051339
0.058225
0.043099
0.040523
0.061078
0.054320
0.037504
0.044267
0.040994
0.043433
0.042269
0.043128
0.042505
0.044737
0.041235
0.047888
0.044446
0.046755
0.044332
0.046237
0.051031
0.033478
0.046386
0.048740
0.047387
0.045663
0.049387
0.041553
0.044310
0.056934
0.044113
0.047460
0.046082
0.047079
0.046725
0.050380
0.045916
0.039028
0.041252
0.033517
0.031268
0.031309
0.032732
0.026654
0.032473
0.030784
0.033206
0.020688
0.031313
0.031438
0.033983
0.032099
0.032351
0.034009
0.036078
0.032134
0.032740
0.035680
0.033532
0.033324
0.045070
0.030065
0.035571
0.030385
0.030603
0.033406
0.030851
0.033772
0.031767
0.034205
0.032895
0.033974
0.040006
0.039405
0.042481
0.039678
0.042873
0.039686
0.043671
0.040318
0.039758
0.039919
0.049378
0.064022
0.049484
0.052329
0.051175
0.048649
0.018924
0.019644
0.054433
0.036348
0.034460
0.036824
0.037414
0.055259
0.037076
0.043122
0.043810
0.039825
0.045658
0.048536
0.040364
0.059675
0.038901
0.043061
0.041837
0.042147
0.048057
0.039793
0.045249
0.054283
0.041035
0.032716
0.028802
0.029059
0.029844
0.029894
0.030543
0.028108
0.027826
0.030496
0.025201
0.024787
0.029846
0.024407
0.024028
0.026658
0.024004
0.024879
0.023622
0.025476
0.028169
0.027735
0.027563
0.030248
0.029332
0.036113
0.033373
0.038057
0.036022
0.038035
0.036470
0.042471
0.037093
0.039468
0.036690
0.038095
0.035778
0.039113
0.029547
0.029847
0.033018
0.030860
0.019186
0.020992
0.023293
0.018389
0.018484
0.017950
0.020327
0.019765
0.021770
0.018417
0.022691
0.022426
0.024200
0.027868
0.027644
0.035485
0.024258
0.026845
0.024751
0.024411
0.025975
0.026459
0.024054
0.024278
0.023748
0.024641
0.028141
0.024874
0.024165
0.024250
0.024807
0.024030
0.027255
0.031111
0.024104
0.024507
0.025415
0.026943
0.025970
0.024001
0.027213
0.025758
0.027750
0.026595
0.027425
0.028611
0.025482
0.036377
0.027769
0.027218
0.027477
0.031875
0.026810
0.031977
0.026475
0.034175
0.040619
0.037222
0.037074
0.030823
0.050101
0.031176
0.041627
0.042583
0.050681
0.033246
0.038344
0.037550
0.036097
0.034237
0.032324
0.031928
0.035147
0.037209
0.033463
0.045729
0.037790
0.031847
0.032218
0.036918
0.026003
0.034352
0.027560
0.026551
0.032568
0.026889
0.026572
0.028540
0.034074
0.032152
0.036198
0.040980
0.043017
0.043032
0.048947
0.043856
0.043872
0.044926
0.045199
0.043015
0.047046
0.035337
0.035030
0.042295
0.042476
0.037921
0.038655
0.039065
0.038221
0.024210
0.026448
0.043395
0.041436
0.037607
0.040580
0.038250
0.037848
0.042565
0.040661
0.039212
0.038798
0.039675
0.037887
0.043962
0.038095
0.037867
0.046057
0.038384
0.039245
0.039174
0.038144
0.041926
0.036816
0.032869
0.038276
0.041230
0.034338
0.038402
0.035320
0.036026
0.038577
0.035923
0.035694
0.036540
0.036942
0.036778
0.037938
0.035830
0.035868
0.035941
0.039559
0.035947
0.035786
0.040447
0.035871
0.035961
0.036010
0.039944
0.043297
0.053677
0.041415
0.043169
0.040106
0.028078
0.026807
0.047103
0.053437
0.027420
0.027215
0.029726
0.026776
0.028209
0.034914
0.036018
0.026434
0.032700
0.027354
0.027579
0.026510
0.027407
0.031301
0.026554
0.028175
0.028641
0.026345
0.026375
0.035559
0.027716
0.026518
0.034259
0.038535
0.031003
0.033838
0.032326
0.028451
0.029815
0.031127
0.039244
0.032734
0.030323
0.031793
0.033882
0.032456
0.031191
0.030253
0.031403
0.026697
0.028110
0.028078
0.028723
0.028088
0.036009
0.029281
0.028447
0.037640
0.028945
0.031053
0.036718
0.033121
0.033816
0.034495
0.037433
0.036162
0.036929
0.036497
0.041143
0.054986
0.040181
0.036343
0.041528
0.036405
0.040829
0.044173
0.040737
0.043001
0.042924
0.043889
0.050330
0.033593
0.034977
0.039588
0.043741
0.040434
0.037658
0.047761
0.044460
0.043262
0.043388
0.040104
0.041341
0.042127
0.042378
0.041975
0.051064
0.046781
0.043459
0.041003
0.043420
0.047934
0.055293
0.050399
0.060569
0.052013
0.046769
0.047840
0.043418
0.047479
0.045051
0.045955
0.043398
0.047062
0.044631
0.036031
0.049588
0.057326
0.047263
0.051119
0.046339
0.051065
0.047532
0.048815
0.047002
0.048173
0.047175
0.047483
0.046808
0.051041
0.046232
0.049988
0.049271
0.051069
0.046440
0.059357
0.049646
0.059324
0.047692
0.047011
0.049818
0.046689
0.031015
0.044669
0.044864
0.031218
0.026619
0.029425
0.029741
0.047125
0.048374
0.040288
0.044883
0.049318
0.044362
0.043824
0.031603
0.027588
0.028208
0.031044
0.029379
0.029961
0.028117
0.028609
0.030077
0.032269
0.039054
0.031591
0.021881
0.036528
0.033339
0.038743
0.033607
0.033009
0.034856
0.037332
0.039051
0.040616
0.039939
0.042785
0.041042
0.040585
0.039936
0.041775
0.040679
0.040009
0.043731
0.041159
0.041608
0.040423
0.043815
0.039951
0.045715
0.040933
0.041705
0.042309
0.040903
0.044072
0.044036
0.041609
0.041772
0.031222
0.045417
0.044993
0.044246
0.030499
0.030330
0.031525
0.031004
0.030911
0.046524
0.044601
0.046943
0.044106
0.043044
0.040945
0.042113
0.039964
0.041110
0.043167
0.047510
0.042260
0.041915
0.054299
0.029514
0.041796
0.042097
0.042121
0.048211
0.046506
0.041716
0.042036
0.042335
0.045763
0.028649
0.037215
0.032595
0.028919
0.032889
0.029546
0.023840
0.032752
0.033691
0.039487
0.022882
0.042258
0.040336
0.047772
0.029548
0.024230
0.025781
0.027124
0.032888
0.039253
0.033832
0.034848
0.033257
0.035957
0.036024
0.033029
0.035326
0.035889
0.036062
0.034755
0.035434
0.035804
0.035028
0.035417
0.035471
0.037696
0.048157
0.049923
0.035295
0.025692
0.025496
0.025163
0.041211
0.025200
0.024988
0.024582
0.024525
0.038391
0.024805
0.029273
0.047355
0.033051
0.031884
0.031592
0.033681
0.032068
0.056802
0.033811
0.032188
0.039948
0.060900
0.043996
0.044631
0.048330
0.058456
0.045092
0.045130
0.037858
0.032287
0.031600
0.032566
0.035253
0.033072
0.034926
0.031523
0.030678
0.045026
0.031181
0.043985
0.030334
0.031580
0.028676
0.041934
0.034374
0.024379
0.032493
0.028119
0.024725
0.027063
0.025400
0.027703
0.041738
0.044121
0.027668
0.029443
0.027786
0.029896
0.035601
0.027928
0.027563
0.031523
0.031574
0.034429
0.034255
0.040294
0.029284
0.019105
0.017577
0.016769
0.020631
0.037973
0.028618
0.019690
0.022919
0.023929
0.022261
0.040094
0.029609
0.024461
0.023590
0.023071
0.032650
0.028990
0.026817
0.022915
0.039523
0.040693
0.025929
0.026225
0.031610
0.039123
0.034344
0.041106
0.031618
0.028848
0.043345
0.029732
0.028945
0.032880
0.031614
0.045894
0.041067
0.029010
0.049438
0.063290
0.041865
0.050126
0.052485
0.041642
0.041257
0.044206
0.044485
0.034071
0.036893
0.042030
0.039014
0.027920
0.036739
0.028565
0.035935
0.037660
0.043143
0.039951
0.029795
0.036693
0.037848
0.025184
0.024976
0.037334
0.042794
0.036922
0.027382
0.027721
0.024827
0.024940
0.026705
0.026906
0.038241
0.026053
0.027635
0.036867
0.037223
0.042185
0.028178
0.046573
0.027678
0.046145
0.026239
0.024885
0.028516
0.027565
0.036034
0.035867
0.036481
0.024178
0.031581
0.029876
0.026331
0.028434
0.029365
0.029577
0.031543
0.024705
0.045985
0.045579
0.046567
0.029050
0.038411
0.044211
0.032194
0.031389
0.028694
0.032530
0.027958
0.031448
0.030339
0.028952
0.030633
0.020422
0.038336
0.020596
0.025424
0.021210
0.021167
0.024359
0.036344
0.025784
0.026199
0.025805
0.030632
0.043613
0.025172
0.025545
0.026220
0.028153
0.024928
0.025512
0.026331
0.025246
0.025034
0.028844
0.026587
0.024568
0.023038
0.026393
0.023519
0.023560
0.026554
0.023320
0.021072
0.020915
0.035390
0.036111
0.036535
0.032707
0.043279
0.047523
0.035865
0.035258
0.039586
0.043801
0.040352
0.040569
0.040641
0.039990
0.040834
0.042563
0.041893
0.033227
0.030182
0.029976
0.029558
0.029847
0.034076
0.026575
0.028319
0.034008
0.028002
0.031764
0.032934
0.027223
0.028022
0.035226
0.032052
0.030555
0.054761
0.034028
0.032861
0.033255
0.035122
0.037589
0.034810
0.034252
0.040435
0.030070
0.035212
0.031766
0.033648
0.030061
0.029863
0.032192
0.030563
0.030514
0.031113
0.033510
0.030787
0.030013
0.020444
0.036452
0.023076
0.021168
0.023834
0.024094
0.029045
0.043075
0.023622
0.036814
0.033893
0.034403
0.040550
0.034845
0.034427
0.035536
0.035804
0.026658
0.025056
0.026778
0.026689
0.036225
0.033508
0.024398
0.025388
0.027238
0.023394
0.029891
0.024382
0.030694
0.023462
0.030663
0.023520
0.023435
0.033404
0.025044
0.018914
0.019364
0.022966
0.038463
0.035779
0.022172
0.021198
0.023609
0.023998
0.020890
0.022964
0.021007
0.031592
0.021797
0.021603
0.022737
0.022651
0.025517
0.022821
0.023914
0.024303
0.028743
0.024860
0.037971
0.025193
0.024993
0.026029
0.026668
0.025536
0.025362
0.025763
0.025046
0.038095
0.037295
0.048104
0.036749
0.039877
0.057311
0.045099
0.040443
0.038821
0.039947
0.043808
0.042018
0.040640
0.038580
0.042029
0.039445
0.041016
0.027302
0.043019
0.027249
0.042181
0.039678
0.040664
0.030084
0.027379
0.038968
0.028462
0.034237
0.057916
0.043643
0.048903
0.024304
0.023674
0.026141
0.036037
0.023829
0.025928
0.026650
0.023934
0.023812
0.030081
0.035206
0.035027
0.025936
0.028012
0.025426
0.026546
0.029481
0.027429
0.026531
0.026404
0.028208
0.028253
0.028340
0.027340
0.027481
0.026855
0.027251
0.028609
0.041439
0.033270
0.038252
0.034316
0.029232
0.029554
0.032154
0.032380
0.029598
0.029843
0.032594
0.029453
0.029379
0.028472
0.029439
0.029356
0.030128
0.030474
0.029424
0.030994
0.031949
0.029802
0.029318
0.032938
0.030009
0.029927
0.031633
0.029385
0.032490
0.029384
0.034529
0.030931
0.029664
0.034129
0.029664
0.030147
0.031105
0.030260
0.030565
0.031200
0.031264
0.029677
0.031773
0.029906
0.029553
0.031007
0.030303
0.030112
0.029155
0.030248
0.030024
0.029432
0.030855
0.045573
0.047109
0.043626
0.043072
0.045383
0.030784
0.033420
0.031525
0.029356
0.033113
0.029358
0.029306
0.030929
0.043871
0.040015
0.048328
0.044012
0.042234
0.029514
0.030144
0.045583
0.031020
0.044037
0.042828
0.042459
0.043972
0.042734
0.030850
0.029424
0.044950
0.030981
0.043599
0.047530
0.031405
0.029557
0.029273
0.038935
0.027907
0.042981
0.029724
0.030642
0.031399
0.031946
0.033380
0.032538
0.032154
0.046424
0.035002
0.034533
0.047027
0.031956
0.041577
0.032670
0.032044
0.033671
0.036016
0.033003
0.041926
0.034194
0.032589
0.031998
0.035046
0.038188
0.033170
0.032202
0.035553
0.032048
0.033053
0.031890
0.048946
0.032189
0.024242
0.018632
0.013672
0.013875
0.049733
0.048040
0.049734
0.047428
0.032521
0.029912
0.033354
0.024269
0.049649
0.023085
0.022620
0.039368
0.032294
0.032485
0.035285
0.024651
0.022981
0.032840
0.035245
0.024773
0.023590
0.036412
0.035500
0.035764
0.031954
0.043787
0.022255
0.013649
0.020520
0.015114
0.017552
0.034273
0.023034
0.021867
0.025743
0.021820
0.017035
0.016147
0.016244
0.027689
0.024815
0.021509
0.020022
0.027838
0.022175
0.025310
0.015562
0.016110
0.017086
0.021099
0.016380
0.019144
0.015694
0.015953
0.015575
0.015640
0.015530
0.015360
0.018817
0.017586
0.017667
0.015549
0.015766
0.019258
0.018572
0.015416
0.015601
0.015488
0.016437
0.027260
0.017705
0.016087
0.015990
0.018211
0.033476
0.028718
0.018729
0.019871
0.015404
0.020339
0.016310
0.021477
0.021736
0.016129
0.020492
0.024689
0.031024
0.024489
0.017104
0.020511
0.020771
0.018285
0.016996
0.017179
0.018909
0.018119
0.017130
0.016903
0.022516
0.018447
0.018897
0.016988
0.020279
0.020537
0.017537
0.017828
0.017303
0.017916
0.019921
0.017289
0.017488
0.021231
0.031699
0.032005
0.033791
0.026015
0.021283
0.016540
0.021252
0.019729
0.025476
0.019149
0.020398
0.021900
0.027188
0.025440
0.024976
0.022946
0.037349
0.034744
0.033961
0.037974
0.024290
0.028288
0.027485
0.021854
0.024150
0.020198
0.030095
0.020732
0.020200
0.020948
0.029590
0.030551
0.035278
0.029579
0.033374
0.028978
0.029144
0.021830
0.021851
0.025582
0.021956
0.021559
0.021545
0.025814
0.022791
0.033870
0.031848
0.025279
0.025844
0.021755
0.026696
0.030329
0.024907
0.022061
0.021764
0.034821
0.021528
0.022355
0.022163
0.021324
0.023165
0.029576
0.023107
0.022856
0.026756
0.023286
0.022847
0.025939
0.023155
0.025088
0.022916
0.022798
0.030741
0.024246
0.023155
0.040920
0.023008
0.022988
0.038989
0.025448
0.022867
0.025569
0.023529
0.022913
0.037195
0.024975
0.034270
0.033118
0.036560
0.033225
0.022877
0.035330
0.037049
0.033459
0.036723
0.033759
0.035201
0.032654
0.044424
0.043262
0.027037
0.036541
0.024182
0.026140
0.037211
0.034999
0.035271
0.037500
0.046034
0.032308
0.030821
0.021068
0.033289
0.032597
0.034940
0.033797
0.030907
0.029654
0.039631
0.037036
0.034632
0.033200
0.032041
0.040331
0.032678
0.033291
0.036820
0.035324
0.036139
0.035430
0.034390
0.045926
0.030759
0.030410
0.027596
0.032808
0.031327
0.028105
0.027217
0.026996
0.030681
0.035342
0.035549
0.032130
0.035478
0.035217
0.032404
0.032875
0.034008
0.032683
0.037005
0.034574
0.037946
0.037538
0.036762
0.040776
0.037780
0.038506
0.023289
0.023369
0.025770
0.024240
0.019412
0.022261
0.021130
0.023566
0.023457
0.031366
0.026463
0.025947
0.027950
0.025693
0.025767
0.035573
0.026620
0.028627
0.035495
0.030733
0.029983
0.033667
0.031127
0.030567
0.034557
0.030914
0.029743
0.030814
0.024228
0.031197
0.020999
0.023174
0.034860
0.030092
0.029743
0.039059
0.037983
0.029723
0.034530
0.034837
0.041183
0.035539
0.043083
0.035907
0.022350
0.022554
0.022995
0.024604
0.023049
0.023580
0.024145
0.023868
0.024756
0.023776
0.024944
0.023672
0.024695
0.031432
0.028807
0.023618
0.024266
0.023441
0.026862
0.023794
0.026424
0.024999
0.042949
0.041343
0.035898
0.037190
0.037467
0.035776
0.038334
0.037959
0.038162
0.044397
0.040391
0.037069
0.027119
0.036165
0.030458
0.029595
0.027761
0.030564
0.029215
0.027265
0.027455
0.029856
0.028387
0.027122
0.035594
0.028752
0.026779
0.032339
0.027900
0.027371
0.028841
0.045574
0.032249
0.030656
0.029816
0.029032
0.029626
0.033751
0.029939
0.032806
0.042445
0.032045
0.032110
0.031988
0.031253
0.037531
0.034471
0.034932
0.031977
0.034668
0.036787
0.032592
0.033966
0.033525
0.032139
0.033674
0.031483
0.031677
0.034624
0.041277
0.032463
0.031647
0.031288
0.032630
0.031646
0.034847
0.035280
0.032267
0.035104
0.031570
0.031394
0.031053
0.032336
0.035338
0.034163
0.033586
0.035496
0.034118
0.038831
0.031974
0.029160
0.030113
0.032423
0.028333
0.029119
0.031875
0.057189
0.045964
0.033287
0.030081
0.047606
0.046059
0.036487
0.031396
0.040039
0.040637
0.032286
0.031958
0.036588
0.045603
0.040433
0.063126
0.051541
0.049831
0.043709
0.054776
0.039640
0.029184
0.027663
0.027047
0.057935
0.047348
0.046830
0.058812
0.047865
0.041529
0.035855
0.042021
0.026174
0.044546
0.040261
0.038825
0.045314
0.034842
0.054796
0.046876
0.036273
0.064384
0.042628
0.035676
0.035120
0.032547
0.023274
0.024009
0.051973
0.038763
0.038711
0.040527
0.029969
0.053315
0.034804
0.031482
0.037319
0.038010
0.034695
0.034399
0.033550
0.033904
0.022032
0.035311
0.035013
0.023327
0.030966
0.036443
0.028790
0.024858
0.024500
0.045523
0.035997
0.051749
0.034184
0.039811
0.035157
0.037788
0.059444
0.037197
0.041579
0.037670
0.043198
0.049007
0.036120
0.038169
0.039169
0.039290
0.048110
0.037763
0.038817
0.037927
0.038330
0.043195
0.034065
0.030656
0.037467
0.041430
0.037077
0.039400
0.041382
0.047819
0.041191
0.042421
0.047888
0.041710
0.036864
0.033683
0.039336
0.033661
0.034425
0.037073
0.037224
0.035512
0.035372
0.038066
0.035561
0.035331
0.035304
0.035757
0.038797
0.045698
0.041525
0.040024
0.038765
0.038862
0.038841
0.038765
0.037935
0.039563
0.038388
0.044320
0.038398
0.043821
0.059137
0.039129
0.040378
0.038558
0.044458
0.041337
0.059220
0.047028
0.040136
0.040205
0.045791
0.041049
0.040610
0.040763
0.042432
0.041694
0.040163
0.040030
0.041732
0.040212
0.042800
0.040227
0.043910
0.040167
0.038926
0.040168
0.038342
0.041316
0.039199
0.041162
0.035405
0.021161
0.029612
0.026221
0.027884
0.026914
0.026751
0.026093
0.026871
0.029495
0.030433
0.025805
0.032369
0.034857
0.033832
0.030449
0.027886
0.033494
0.031480
0.029894
0.030393
0.029489
0.031280
0.032192
0.033234
0.038021
0.033395
0.033240
0.038910
0.034571
0.036172
0.039862
0.034204
0.032983
0.035415
0.034504
0.033702
0.034101
0.037329
0.033913
0.033309
0.032980
0.035214
0.035948
0.033985
0.042823
0.035480
0.045029
0.035648
0.038236
0.037156
0.036678
0.035532
0.035904
0.036383
0.042470
0.035382
0.025332
0.025087
0.024788
0.032754
0.024597
0.027356
0.024841
0.024199
0.024204
0.024085
0.025316
0.024847
0.026014
0.027942
0.024717
0.025057
0.045914
0.036566
0.036136
0.035895
0.035385
0.035569
0.034703
0.039119
0.035109
0.033659
0.035267
0.034815
0.037818
0.036220
0.035894
0.035091
0.034824
0.039590
0.030990
0.031581
0.020282
0.020781
0.026142
0.021905
0.020203
0.018810
0.042863
0.037814
0.040778
0.039099
0.023628
0.031020
0.025178
0.026377
0.039676
0.024331
0.022834
0.022439
0.021827
0.015296
0.032510
0.017242
0.015218
0.015249
0.021091
0.015743
0.015063
0.015529
0.015138
0.016353
0.015218
0.015206
0.015069
0.015111
0.016227
0.024235
0.021886
0.024607
0.022134
0.038364
0.040835
0.022354
0.021881
0.022341
0.023429
0.022087
0.030236
0.025147
0.021826
0.024327
0.023397
0.024137
0.041626
0.031391
0.046088
0.040358
0.039776
0.042905
0.039204
0.035062
0.024419
0.022510
0.022694
0.022708
0.029649
0.037903
0.022054
0.022228
0.022006
0.022084
0.033736
0.023844
0.022232
0.022391
0.022124
0.023131
0.022326
0.021868
0.021703
0.023347
0.029721
0.022177
0.021737
0.023005
0.024538
0.021973
0.022409
0.023311
0.023664
0.024436
0.024557
0.022581
0.025985
0.026838
0.022047
0.022459
0.022481
0.021823
0.021863
0.023844
0.025180
0.023967
0.023842
0.023951
0.028035
0.024760
0.024062
0.026482
0.024225
0.024708
0.025434
0.028107
0.024256
0.024270
0.024144
0.027126
0.024737
0.025423
0.024571
0.027220
0.024846
0.024189
0.026805
0.028291
0.031488
0.029718
0.035169
0.034805
0.034960
0.034621
0.036327
0.037401
0.037946
0.033897
0.033700
0.037158
0.034610
0.034620
0.034251
0.034850
0.037312
0.036406
0.034287
0.036174
0.040051
0.036386
0.038141
0.042191
0.042068
0.038113
0.038312
0.038226
0.040298
0.038068
0.040013
0.039382
0.037971
0.045345
0.038761
0.037752
0.043010
0.040849
0.039421
0.038209
0.037955
0.037963
0.038832
0.045735
0.032554
0.033313
0.033011
0.032074
0.034901
0.032181
0.033427
0.032032
0.035582
0.032981
0.032428
0.036944
0.037821
0.038118
