1
605.5000,315.5000,69.0000,89.0000
605.5000,315.5000,69.0000,89.0000
605.5000,315.5000,69.0000,89.0000
605.5000,315.5000,69.0000,89.0000
525.5000,442.5000,69.0000,89.0000
525.5000,325.5000,69.0000,89.0000
605.5000,315.5000,69.0000,89.0000
605.5000,315.5000,69.0000,89.0000
605.5000,315.5000,69.0000,89.0000
605.5000,315.5000,69.0000,89.0000
605.5000,315.5000,69.0000,89.0000
492.5000,616.5000,69.0000,89.0000
605.5000,315.5000,69.0000,89.0000
605.5000,315.5000,69.0000,89.0000
605.5000,315.5000,69.0000,89.0000
605.5000,315.5000,69.0000,89.0000
605.5000,315.5000,69.0000,89.0000
605.5000,315.5000,69.0000,89.0000
605.5000,315.5000,69.0000,89.0000
605.5000,315.5000,69.0000,89.0000
605.5000,315.5000,69.0000,89.0000
605.5000,315.5000,69.0000,89.0000
605.5000,315.5000,69.0000,89.0000
605.5000,315.5000,69.0000,89.0000
605.5000,315.5000,69.0000,89.0000
605.5000,315.5000,69.0000,89.0000
605.5000,315.5000,69.0000,89.0000
605.5000,315.5000,69.0000,89.0000
605.5000,315.5000,69.0000,89.0000
605.5000,315.5000,69.0000,89.0000
605.5000,315.5000,69.0000,89.0000
605.5000,315.5000,69.0000,89.0000
605.5000,315.5000,69.0000,89.0000
605.5000,315.5000,69.0000,89.0000
605.5000,315.5000,69.0000,89.0000
605.5000,315.5000,69.0000,89.0000
605.5000,315.5000,69.0000,89.0000
605.5000,315.5000,69.0000,89.0000
605.5000,315.5000,69.0000,89.0000
605.5000,315.5000,69.0000,89.0000
605.5000,315.5000,69.0000,89.0000
517.5000,558.5000,69.0000,89.0000
605.5000,315.5000,69.0000,89.0000
460.5000,558.5000,69.0000,89.0000
605.5000,315.5000,69.0000,89.0000
476.5000,587.5000,69.0000,89.0000
605.5000,315.5000,69.0000,89.0000
605.5000,315.5000,69.0000,89.0000
605.5000,315.5000,69.0000,89.0000
605.5000,315.5000,69.0000,89.0000
605.5000,315.5000,69.0000,89.0000
605.5000,315.5000,69.0000,89.0000
605.5000,315.5000,69.0000,89.0000
605.5000,315.5000,69.0000,89.0000
605.5000,315.5000,69.0000,89.0000
605.5000,315.5000,69.0000,89.0000
605.5000,315.5000,69.0000,89.0000
605.5000,315.5000,69.0000,89.0000
605.5000,315.5000,69.0000,89.0000
605.5000,315.5000,69.0000,89.0000
605.5000,315.5000,69.0000,89.0000
509.5000,645.5000,69.0000,89.0000
605.5000,315.5000,69.0000,89.0000
517.5000,733.5000,69.0000,89.0000
509.5000,762.5000,69.0000,89.0000
517.5000,703.5000,69.0000,89.0000
605.5000,315.5000,69.0000,89.0000
517.5000,733.5000,69.0000,89.0000
605.5000,315.5000,69.0000,89.0000
605.5000,315.5000,69.0000,89.0000
605.5000,315.5000,69.0000,89.0000
605.5000,315.5000,69.0000,89.0000
517.5000,587.5000,69.0000,89.0000
509.5000,529.5000,69.0000,89.0000
585.9709,512.4709,71.0582,81.0582
525.5000,558.5000,69.0000,89.0000
508.5000,544.5000,69.0000,89.0000
525.5000,558.5000,69.0000,89.0000
605.5000,315.5000,69.0000,89.0000
509.5000,530.5000,69.0000,89.0000
508.5000,544.5000,69.0000,89.0000
509.5000,529.5000,69.0000,89.0000
492.5000,500.5000,69.0000,89.0000
525.5000,558.5000,69.0000,89.0000
517.5000,617.5000,69.0000,89.0000
537.1792,505.1792,101.6416,111.6416
529.9133,502.9134,95.1733,105.1733
536.0072,518.0072,77.9856,87.9856
525.5000,558.5000,69.0000,89.0000
492.5000,616.5000,69.0000,89.0000
509.5000,530.5000,69.0000,89.0000
612.4894,493.4894,70.0211,80.0211
508.5000,558.5000,69.0000,89.0000
476.5000,602.5000,69.0000,89.0000
492.5000,616.5000,69.0000,89.0000
484.5000,645.5000,69.0000,89.0000
476.5000,645.5000,69.0000,89.0000
427.5000,762.5000,69.0000,89.0000
427.5000,762.5000,69.0000,89.0000
427.5000,762.5000,69.0000,89.0000
813.6432,413.6432,93.7136,103.7136
794.6572,425.6572,75.6856,85.6856
784.0289,438.0289,53.9422,63.9422
787.8680,436.8680,68.2639,78.2639
443.5000,762.5000,69.0000,89.0000
443.5000,762.5000,69.0000,89.0000
443.5000,762.5000,69.0000,89.0000
427.5000,762.5000,69.0000,89.0000
443.5000,762.5000,69.0000,89.0000
476.5000,762.5000,69.0000,89.0000
484.5000,747.5000,69.0000,89.0000
452.5000,761.5000,69.0000,89.0000
605.5000,315.5000,69.0000,89.0000
508.5000,762.5000,69.0000,89.0000
785.6599,490.1598,45.6803,55.6803
792.5307,446.5307,115.9386,125.9386
798.3477,436.8477,116.3046,126.3046
741.9601,467.4601,105.0797,115.0797
844.0622,453.5622,129.8756,139.8756
859.4398,461.4398,130.1203,140.1203
859.2065,456.7065,123.5870,133.5870
848.4797,466.9796,142.0407,152.0407
857.3879,455.8878,123.2243,133.2243
866.3903,469.8903,117.2194,127.2194
525.5000,907.5000,69.0000,89.0000
876.0325,479.0324,126.9351,136.9351
866.3334,449.8334,139.3332,149.3332
844.6252,456.6252,104.7496,114.7496
891.0671,481.0672,135.8657,145.8657
915.7656,489.2656,98.4687,108.4687
791.4765,486.9765,85.0470,95.0470
509.5000,762.5000,69.0000,89.0000
841.6106,496.6106,102.7788,112.7788
476.5000,762.5000,69.0000,89.0000
476.5000,762.5000,69.0000,89.0000
605.5000,315.5000,69.0000,89.0000
605.5000,315.5000,69.0000,89.0000
605.5000,315.5000,69.0000,89.0000
605.5000,315.5000,69.0000,89.0000
605.5000,315.5000,69.0000,89.0000
605.5000,315.5000,69.0000,89.0000
605.5000,315.5000,69.0000,89.0000
605.5000,315.5000,69.0000,89.0000
605.5000,315.5000,69.0000,89.0000
492.5000,849.5000,69.0000,89.0000
605.5000,315.5000,69.0000,89.0000
605.5000,315.5000,69.0000,89.0000
605.5000,315.5000,69.0000,89.0000
605.5000,315.5000,69.0000,89.0000
605.5000,315.5000,69.0000,89.0000
605.5000,315.5000,69.0000,89.0000
605.5000,315.5000,69.0000,89.0000
605.5000,315.5000,69.0000,89.0000
605.5000,315.5000,69.0000,89.0000
605.5000,315.5000,69.0000,89.0000
605.5000,315.5000,69.0000,89.0000
605.5000,315.5000,69.0000,89.0000
605.5000,315.5000,69.0000,89.0000
605.5000,315.5000,69.0000,89.0000
605.5000,315.5000,69.0000,89.0000
605.5000,315.5000,69.0000,89.0000
605.5000,315.5000,69.0000,89.0000
605.5000,315.5000,69.0000,89.0000
605.5000,315.5000,69.0000,89.0000
605.5000,315.5000,69.0000,89.0000
605.5000,315.5000,69.0000,89.0000
605.5000,315.5000,69.0000,89.0000
605.5000,315.5000,69.0000,89.0000
605.5000,315.5000,69.0000,89.0000
605.5000,315.5000,69.0000,89.0000
605.5000,315.5000,69.0000,89.0000
605.5000,315.5000,69.0000,89.0000
605.5000,315.5000,69.0000,89.0000
605.5000,315.5000,69.0000,89.0000
605.5000,315.5000,69.0000,89.0000
605.5000,315.5000,69.0000,89.0000
605.5000,315.5000,69.0000,89.0000
605.5000,315.5000,69.0000,89.0000
605.5000,315.5000,69.0000,89.0000
501.5000,486.5000,69.0000,89.0000
605.5000,315.5000,69.0000,89.0000
605.5000,315.5000,69.0000,89.0000
605.5000,315.5000,69.0000,89.0000
605.5000,315.5000,69.0000,89.0000
605.5000,315.5000,69.0000,89.0000
605.5000,315.5000,69.0000,89.0000
605.5000,315.5000,69.0000,89.0000
500.5000,529.5000,69.0000,89.0000
508.5000,529.5000,69.0000,89.0000
605.5000,315.5000,69.0000,89.0000
605.5000,315.5000,69.0000,89.0000
509.5000,529.5000,69.0000,89.0000
543.3854,503.8853,72.2293,82.2293
605.5000,315.5000,69.0000,89.0000
605.5000,315.5000,69.0000,89.0000
605.5000,315.5000,69.0000,89.0000
605.5000,315.5000,69.0000,89.0000
605.5000,315.5000,69.0000,89.0000
605.5000,315.5000,69.0000,89.0000
605.5000,315.5000,69.0000,89.0000
605.5000,315.5000,69.0000,89.0000
605.5000,315.5000,69.0000,89.0000
605.5000,315.5000,69.0000,89.0000
605.5000,315.5000,69.0000,89.0000
605.5000,315.5000,69.0000,89.0000
605.5000,315.5000,69.0000,89.0000
605.5000,315.5000,69.0000,89.0000
605.5000,315.5000,69.0000,89.0000
476.5000,529.5000,69.0000,89.0000
605.5000,315.5000,69.0000,89.0000
554.3212,489.3213,56.3575,66.3575
552.0409,489.0409,58.9182,68.9182
540.7255,475.2255,90.5491,100.5491
476.5000,529.5000,69.0000,89.0000
467.5000,544.5000,69.0000,89.0000
544.7463,446.2463,102.5074,112.5074
550.4736,455.9736,89.0527,99.0527
541.1843,430.6843,110.6315,120.6315
540.3245,444.3245,102.3509,112.3509
545.2752,452.2752,96.4496,106.4496
555.5154,467.5154,70.9692,80.9692
545.8126,444.8126,98.3749,108.3749
553.3754,448.8754,78.2493,88.2493
563.5305,463.5305,52.9391,62.9391
547.4000,467.9000,85.2001,95.2001
548.3197,471.3197,78.3606,88.3606
548.6336,465.1336,79.7327,89.7327
552.3528,484.3528,73.2943,83.2943
484.5000,529.5000,69.0000,89.0000
500.5000,543.5000,69.0000,89.0000
550.9962,486.9962,84.0076,94.0076
501.5000,544.5000,69.0000,89.0000
561.4016,504.4015,49.1969,59.1969
493.5000,544.5000,69.0000,89.0000
493.5000,558.5000,69.0000,89.0000
543.3170,489.8170,77.3661,87.3661
517.5000,529.5000,69.0000,89.0000
605.5000,315.5000,69.0000,89.0000
605.5000,315.5000,69.0000,89.0000
522.4949,486.4949,108.0102,118.0102
517.5000,515.5000,69.0000,89.0000
605.5000,315.5000,69.0000,89.0000
605.5000,315.5000,69.0000,89.0000
605.5000,315.5000,69.0000,89.0000
500.5000,529.5000,69.0000,89.0000
605.5000,315.5000,69.0000,89.0000
605.5000,315.5000,69.0000,89.0000
605.5000,315.5000,69.0000,89.0000
605.5000,315.5000,69.0000,89.0000
605.5000,315.5000,69.0000,89.0000
605.5000,315.5000,69.0000,89.0000
279.5000,602.5000,69.0000,89.0000
605.5000,315.5000,69.0000,89.0000
605.5000,315.5000,69.0000,89.0000
605.5000,315.5000,69.0000,89.0000
605.5000,315.5000,69.0000,89.0000
605.5000,315.5000,69.0000,89.0000
263.5000,616.5000,69.0000,89.0000
605.5000,315.5000,69.0000,89.0000
605.5000,315.5000,69.0000,89.0000
605.5000,315.5000,69.0000,89.0000
605.5000,315.5000,69.0000,89.0000
605.5000,315.5000,69.0000,89.0000
605.5000,315.5000,69.0000,89.0000
605.5000,315.5000,69.0000,89.0000
605.5000,315.5000,69.0000,89.0000
605.5000,315.5000,69.0000,89.0000
605.5000,315.5000,69.0000,89.0000
605.5000,315.5000,69.0000,89.0000
605.5000,315.5000,69.0000,89.0000
605.5000,315.5000,69.0000,89.0000
605.5000,315.5000,69.0000,89.0000
605.5000,315.5000,69.0000,89.0000
485.5000,558.5000,69.0000,89.0000
605.5000,315.5000,69.0000,89.0000
605.5000,315.5000,69.0000,89.0000
605.5000,315.5000,69.0000,89.0000
605.5000,315.5000,69.0000,89.0000
605.5000,315.5000,69.0000,89.0000
605.5000,315.5000,69.0000,89.0000
605.5000,315.5000,69.0000,89.0000
605.5000,315.5000,69.0000,89.0000
605.5000,315.5000,69.0000,89.0000
605.5000,315.5000,69.0000,89.0000
605.5000,315.5000,69.0000,89.0000
605.5000,315.5000,69.0000,89.0000
605.5000,315.5000,69.0000,89.0000
605.5000,315.5000,69.0000,89.0000
605.5000,315.5000,69.0000,89.0000
605.5000,315.5000,69.0000,89.0000
605.5000,315.5000,69.0000,89.0000
605.5000,315.5000,69.0000,89.0000
605.5000,315.5000,69.0000,89.0000
272.5000,646.5000,69.0000,89.0000
661.8431,271.8431,67.3139,77.3139
279.5000,646.5000,69.0000,89.0000
287.5000,646.5000,69.0000,89.0000
280.5000,645.5000,69.0000,89.0000
287.5000,645.5000,69.0000,89.0000
605.5000,315.5000,69.0000,89.0000
605.5000,315.5000,69.0000,89.0000
605.5000,315.5000,69.0000,89.0000
279.5000,645.5000,69.0000,89.0000
279.5000,645.5000,69.0000,89.0000
493.5000,558.5000,69.0000,89.0000
287.5000,645.5000,69.0000,89.0000
493.5000,558.5000,69.0000,89.0000
525.5000,558.5000,69.0000,89.0000
271.5000,602.5000,69.0000,89.0000
563.3267,488.3267,74.3466,84.3466
565.2375,484.7375,74.5250,84.5250
560.8439,483.3439,86.3122,96.3122
492.5000,558.5000,69.0000,89.0000
263.5000,616.5000,69.0000,89.0000
558.7927,479.2927,75.4145,85.4145
560.6442,493.6442,77.7117,87.7117
492.5000,558.5000,69.0000,89.0000
271.5000,602.5000,69.0000,89.0000
632.9271,265.4271,61.1458,71.1458
271.5000,602.5000,69.0000,89.0000
492.5000,558.5000,69.0000,89.0000
579.4672,479.4671,63.0657,73.0657
563.2115,479.7116,86.5769,96.5769
560.1720,472.6720,98.6561,108.6561
255.5000,617.5000,69.0000,89.0000
247.5000,646.5000,69.0000,89.0000
525.5000,558.5000,69.0000,89.0000
555.2511,488.2511,90.4978,100.4978
555.6277,494.1277,85.7445,95.7445
556.5455,490.5455,83.9090,93.9090
550.7656,488.7656,98.4687,108.4687
558.5194,492.5194,85.9612,95.9612
550.8809,489.3810,100.2381,110.2381
556.7673,492.7672,92.4655,102.4655
525.5000,558.5000,69.0000,89.0000
561.8890,498.3890,89.2220,99.2220
558.2591,501.2591,96.4818,106.4818
557.7592,498.7592,95.4816,105.4816
625.7500,267.2500,55.5000,65.5000
632.9009,281.4009,59.1982,69.1982
608.1136,258.1136,87.7729,97.7729
560.7510,496.7510,95.4979,105.4979
561.2846,500.2846,99.4307,109.4307
525.5000,558.5000,69.0000,89.0000
576.1254,490.6254,73.7492,83.7492
493.5000,558.5000,69.0000,89.0000
509.5000,587.5000,69.0000,89.0000
582.3862,522.8862,69.2275,79.2275
296.5000,645.5000,69.0000,89.0000
574.4087,514.9087,57.1826,67.1826
561.7237,494.2237,91.5526,101.5526
578.7709,531.7709,46.4583,56.4583
328.5000,616.5000,69.0000,89.0000
312.5000,645.5000,69.0000,89.0000
608.9056,284.9056,92.1888,102.1888
637.7500,286.7500,44.5000,54.5000
604.2150,282.7150,84.5700,94.5700
615.3494,271.3494,97.3013,107.3013
609.7308,282.2308,99.5385,109.5385
618.3561,291.3561,93.2878,103.2878
604.9763,294.4763,95.0475,105.0475
610.2435,282.7435,92.5129,102.5129
588.7581,305.2581,96.4839,106.4839
611.1688,295.6688,77.6625,87.6625
602.1232,301.1232,95.7536,105.7536
610.0895,320.5894,79.8211,89.8211
597.3439,317.3439,88.3122,98.3122
476.5000,587.5000,69.0000,89.0000
337.5000,602.5000,69.0000,89.0000
599.7331,372.7331,108.5338,118.5338
597.8169,380.8169,120.3662,130.3662
585.6919,363.6919,120.6162,130.6162
594.2330,314.7330,100.5341,110.5341
593.4515,318.4515,95.0970,105.0970
484.5000,587.5000,69.0000,89.0000
605.5000,315.5000,69.0000,89.0000
525.5000,529.5000,69.0000,89.0000
605.5000,315.5000,69.0000,89.0000
525.5000,558.5000,69.0000,89.0000
304.5000,602.5000,69.0000,89.0000
621.3390,323.3390,65.3221,75.3221
312.5000,602.5000,69.0000,89.0000
620.7969,306.2969,82.4062,92.4062
642.6631,307.1631,67.6738,77.6738
653.5112,295.0111,84.9777,94.9777
304.5000,646.5000,69.0000,89.0000
668.2647,299.2647,51.4706,61.4706
654.2571,304.2571,69.4857,79.4857
296.5000,646.5000,69.0000,89.0000
312.5000,646.5000,69.0000,89.0000
661.0674,305.0674,79.8652,89.8652
669.8896,318.3896,61.2208,71.2208
312.5000,660.5000,69.0000,89.0000
664.0059,328.0059,76.9882,86.9882
345.5000,660.5000,69.0000,89.0000
336.5000,660.5000,69.0000,89.0000
662.3834,308.8834,81.2333,91.2333
484.5000,645.5000,69.0000,89.0000
605.5000,315.5000,69.0000,89.0000
362.5000,660.5000,69.0000,89.0000
675.1349,362.6349,48.7303,58.7303
672.1880,459.6880,42.6240,52.6240
672.0753,384.5753,51.8493,61.8493
362.5000,660.5000,69.0000,89.0000
443.5000,646.5000,69.0000,89.0000
476.5000,645.5000,69.0000,89.0000
605.5000,315.5000,69.0000,89.0000
362.5000,646.5000,69.0000,89.0000
675.7814,378.7814,42.4373,52.4373
671.3442,389.3442,52.3115,62.3115
459.5000,646.5000,69.0000,89.0000
658.0732,467.0732,66.8535,76.8535
476.5000,645.5000,69.0000,89.0000
662.3524,489.3524,64.2951,74.2951
652.2295,459.2295,95.5410,105.5410
646.2804,451.2804,106.4392,116.4392
647.6789,470.1789,99.6422,109.6422
649.3955,480.8955,96.2090,106.2090
644.5809,474.5809,90.8383,100.8383
492.5000,645.5000,69.0000,89.0000
641.9946,463.4946,92.0109,102.0109
640.7614,485.2614,89.4773,99.4773
509.5000,645.5000,69.0000,89.0000
605.5000,315.5000,69.0000,89.0000
652.3990,499.3990,74.2020,84.2020
370.5000,660.5000,69.0000,89.0000
509.5000,645.5000,69.0000,89.0000
605.5000,315.5000,69.0000,89.0000
361.5000,660.5000,69.0000,89.0000
509.5000,646.5000,69.0000,89.0000
656.0620,518.0620,83.8761,93.8761
509.5000,646.5000,69.0000,89.0000
492.5000,645.5000,69.0000,89.0000
651.0168,497.5168,82.9665,92.9665
492.5000,646.5000,69.0000,89.0000
660.5000,473.5000,100.0000,110.0000
652.2581,467.7581,96.4839,106.4839
659.1325,473.6325,86.7350,96.7350
651.0685,468.0685,92.8631,102.8631
492.5000,646.5000,69.0000,89.0000
656.5407,480.0407,75.9186,85.9186
605.5000,315.5000,69.0000,89.0000
492.5000,645.5000,69.0000,89.0000
492.5000,645.5000,69.0000,89.0000
493.5000,645.5000,69.0000,89.0000
673.7548,492.7548,47.4904,57.4904
666.7500,479.2500,70.5000,80.5000
673.9623,490.4623,56.0755,66.0754
663.6531,464.1531,101.6937,111.6937
650.1920,462.1920,104.6160,114.6160
664.1749,484.1748,78.6503,88.6503
475.5000,660.5000,69.0000,89.0000
508.5000,646.5000,69.0000,89.0000
394.5000,674.5000,69.0000,89.0000
679.6671,456.6671,52.6659,62.6659
605.5000,315.5000,69.0000,89.0000
605.5000,315.5000,69.0000,89.0000
492.5000,646.5000,69.0000,89.0000
665.2391,517.7391,57.5217,67.5217
605.5000,315.5000,69.0000,89.0000
605.5000,315.5000,69.0000,89.0000
605.5000,315.5000,69.0000,89.0000
605.5000,315.5000,69.0000,89.0000
605.5000,315.5000,69.0000,89.0000
605.5000,315.5000,69.0000,89.0000
605.5000,315.5000,69.0000,89.0000
492.5000,674.5000,69.0000,89.0000
460.5000,674.5000,69.0000,89.0000
460.5000,674.5000,69.0000,89.0000
605.5000,315.5000,69.0000,89.0000
605.5000,315.5000,69.0000,89.0000
484.5000,674.5000,69.0000,89.0000
605.5000,315.5000,69.0000,89.0000
605.5000,315.5000,69.0000,89.0000
476.5000,660.5000,69.0000,89.0000
460.5000,674.5000,69.0000,89.0000
206.5000,486.5000,69.0000,89.0000
460.5000,675.5000,69.0000,89.0000
476.5000,660.5000,69.0000,89.0000
206.5000,486.5000,69.0000,89.0000
460.5000,674.5000,69.0000,89.0000
605.5000,315.5000,69.0000,89.0000
190.5000,442.5000,69.0000,89.0000
189.5000,456.5000,69.0000,89.0000
493.5000,718.5000,69.0000,89.0000
492.5000,674.5000,69.0000,89.0000
492.5000,703.5000,69.0000,89.0000
703.5042,500.5042,63.9915,73.9915
501.5000,718.5000,69.0000,89.0000
484.5000,703.5000,69.0000,89.0000
492.5000,733.5000,69.0000,89.0000
727.6047,484.1047,76.7907,86.7907
492.5000,732.5000,69.0000,89.0000
492.5000,762.5000,69.0000,89.0000
509.5000,762.5000,69.0000,89.0000
509.5000,762.5000,69.0000,89.0000
492.5000,732.5000,69.0000,89.0000
605.5000,315.5000,69.0000,89.0000
739.3417,510.3417,45.3167,55.3167
517.5000,747.5000,69.0000,89.0000
605.5000,315.5000,69.0000,89.0000
605.5000,315.5000,69.0000,89.0000
605.5000,315.5000,69.0000,89.0000
605.5000,315.5000,69.0000,89.0000
605.5000,315.5000,69.0000,89.0000
605.5000,315.5000,69.0000,89.0000
605.5000,315.5000,69.0000,89.0000
605.5000,315.5000,69.0000,89.0000
605.5000,315.5000,69.0000,89.0000
500.5000,660.5000,69.0000,89.0000
605.5000,315.5000,69.0000,89.0000
605.5000,315.5000,69.0000,89.0000
605.5000,315.5000,69.0000,89.0000
181.5000,544.5000,69.0000,89.0000
181.5000,544.5000,69.0000,89.0000
181.5000,544.5000,69.0000,89.0000
181.5000,544.5000,69.0000,89.0000
549.9097,176.4097,78.1807,88.1807
545.6846,177.6846,76.6308,86.6308
541.9418,165.4418,100.1163,110.1163
545.9342,164.9342,99.1316,109.1316
541.8190,167.8190,92.3619,102.3619
538.1088,158.6088,110.7824,120.7824
538.3417,158.8417,105.3167,115.3167
545.8178,165.8178,82.3644,92.3644
555.1641,163.6640,79.6719,89.6719
173.5000,544.5000,69.0000,89.0000
173.5000,544.5000,69.0000,89.0000
189.5000,515.5000,69.0000,89.0000
394.5000,675.5000,69.0000,89.0000
605.5000,315.5000,69.0000,89.0000
605.5000,315.5000,69.0000,89.0000
386.5000,689.5000,69.0000,89.0000
605.5000,315.5000,69.0000,89.0000
197.5000,558.5000,69.0000,89.0000
197.5000,558.5000,69.0000,89.0000
181.5000,544.5000,69.0000,89.0000
361.5000,733.5000,69.0000,89.0000
189.5000,572.5000,69.0000,89.0000
190.5000,573.5000,69.0000,89.0000
605.5000,315.5000,69.0000,89.0000
181.5000,544.5000,69.0000,89.0000
181.5000,544.5000,69.0000,89.0000
189.5000,573.5000,69.0000,89.0000
197.5000,616.5000,69.0000,89.0000
197.5000,558.5000,69.0000,89.0000
562.7100,180.2100,84.5799,94.5799
541.5618,186.0618,71.8765,81.8765
546.4427,195.9427,53.1145,63.1145
538.7023,176.7023,85.5955,95.5955
535.7188,181.2188,82.5625,92.5625
189.5000,515.5000,69.0000,89.0000
182.5000,529.5000,69.0000,89.0000
711.4598,386.4598,78.0804,88.0804
378.5000,762.5000,69.0000,89.0000
788.9048,381.9048,60.1905,70.1905
778.7629,378.2629,63.4741,73.4741
756.8657,359.8656,86.2687,96.2687
783.1074,359.1074,86.7853,96.7853
794.5957,352.5957,95.8086,105.8086
802.1503,363.6502,74.6995,84.6995
780.3886,352.3886,86.2228,96.2228
799.7500,360.7500,94.5000,104.5000
808.8755,375.8755,66.2490,76.2490
795.6686,359.1687,100.6627,110.6627
787.1821,377.1821,68.6358,78.6358
553.3337,182.8337,55.3327,65.3327
794.5745,389.0744,68.8511,78.8511
811.8531,381.3531,85.2937,95.2937
563.8270,171.8270,86.3459,96.3459
771.9620,386.9620,92.0760,102.0760
771.2750,397.7750,89.4500,99.4500
564.5537,185.5537,58.8926,68.8926
571.0482,183.5481,66.9037,76.9037
572.9279,159.9279,96.1441,106.1441
574.9123,160.4123,95.1754,105.1754
572.3732,161.8732,94.2537,104.2537
569.0063,158.5063,103.9874,113.9874
563.0133,159.5133,104.9734,114.9734
561.0206,165.5207,91.9587,101.9587
560.5220,169.5220,79.9560,89.9560
780.0573,415.5573,87.8854,97.8854
799.7900,420.2900,84.4199,94.4199
808.9261,401.4262,103.1477,113.1477
796.2412,407.7412,105.5176,115.5176
786.3978,419.3979,117.2043,127.2043
733.9918,447.9918,118.0165,128.0165
741.1330,443.1330,122.7341,132.7341
719.8881,442.3881,131.2238,141.2238
772.6030,422.6031,127.7939,137.7939
785.5008,421.0008,110.9984,120.9984
823.2143,446.2143,69.5714,79.5714
443.5000,834.5000,69.0000,89.0000
777.8716,438.3716,103.2568,113.2568
773.7482,444.2482,104.5036,114.5036
764.6667,465.6667,106.6665,116.6665
790.5786,442.0786,98.8428,108.8428
751.6946,462.6946,105.6108,115.6108
758.1943,443.6943,135.6113,145.6113
744.1598,437.6598,142.6804,152.6804
746.8173,431.8174,138.3653,148.3653
774.6741,434.1741,113.6518,123.6518
795.9730,429.4730,83.0541,93.0541
427.5000,791.5000,69.0000,89.0000
784.8063,459.8063,74.3873,84.3873
459.5000,791.5000,69.0000,89.0000
508.5000,762.5000,69.0000,89.0000
794.8301,483.8301,84.3397,94.3397
557.9508,198.9508,84.0984,94.0984
774.2951,485.2951,95.4098,105.4098
198.5000,558.5000,69.0000,89.0000
508.5000,762.5000,69.0000,89.0000
500.5000,777.5000,69.0000,89.0000
605.5000,315.5000,69.0000,89.0000
509.5000,762.5000,69.0000,89.0000
460.5000,791.5000,69.0000,89.0000
460.5000,791.5000,69.0000,89.0000
492.5000,791.5000,69.0000,89.0000
508.5000,776.5000,69.0000,89.0000
764.6988,476.1988,95.6024,105.6024
493.5000,777.5000,69.0000,89.0000
564.5654,212.5653,46.8693,56.8693
508.5000,762.5000,69.0000,89.0000
476.5000,762.5000,69.0000,89.0000
508.5000,762.5000,69.0000,89.0000
739.8813,500.3814,76.2373,86.2373
738.5417,475.0417,92.9166,102.9166
757.0149,480.5149,88.9702,98.9702
815.8625,470.3625,63.2750,73.2750
492.5000,776.5000,69.0000,89.0000
459.5000,791.5000,69.0000,89.0000
779.4448,436.9448,99.1104,109.1104
805.9307,444.9307,84.1387,94.1387
772.9129,438.4129,104.1742,114.1742
475.5000,820.5000,69.0000,89.0000
761.2049,484.2049,88.5902,98.5902
751.0023,507.0023,61.9955,71.9955
743.9391,477.4391,95.1218,105.1218
492.5000,762.5000,69.0000,89.0000
460.5000,820.5000,69.0000,89.0000
839.4935,427.4935,92.0130,102.0130
822.6945,430.6945,88.6110,98.6110
829.9673,410.9673,111.0653,121.0653
460.5000,820.5000,69.0000,89.0000
836.9515,443.4515,95.0970,105.0970
818.1935,417.1935,108.6131,118.6131
864.4292,438.9292,83.1415,93.1415
851.3909,441.8909,98.2181,108.2181
875.5959,461.0959,59.8081,69.8081
880.0359,452.0359,77.9281,87.9281
884.4233,426.9233,120.1534,130.1534
885.8544,439.8544,91.2913,101.2913
859.0947,459.0947,60.8106,70.8106
774.3741,486.3741,88.2517,98.2517
784.5657,447.0657,122.8685,132.8685
768.5991,453.5990,127.8019,137.8019
762.4776,471.4776,121.0448,131.0448
770.1539,471.1540,125.6921,135.6921
744.2394,470.7393,128.5213,138.5213
786.9757,468.4757,109.0486,119.0486
767.7934,470.7934,119.4132,129.4132
788.0714,451.5714,122.8572,132.8572
779.1122,476.1122,101.7756,111.7756
875.5722,438.0722,76.8556,86.8556
525.5000,733.5000,69.0000,89.0000
763.2292,489.7292,100.5417,110.5417
789.8143,450.3144,137.3713,147.3713
795.1132,454.6132,128.7735,138.7735
822.9573,455.4573,115.0854,125.0854
852.9222,447.4222,114.1555,124.1555
883.8089,461.8089,68.3821,78.3821
787.5022,500.5022,62.9956,72.9956
864.8780,463.3780,81.2440,91.2440
873.6647,465.6647,72.6707,82.6707
468.5000,849.5000,69.0000,89.0000
459.5000,878.5000,69.0000,89.0000
862.5128,461.0128,107.9745,117.9745
895.4597,472.9597,98.0807,108.0807
899.9893,479.9893,93.0214,103.0214
912.4509,486.4509,79.0982,89.0982
476.5000,878.5000,69.0000,89.0000
605.5000,315.5000,69.0000,89.0000
214.5000,543.5000,69.0000,89.0000
214.5000,543.5000,69.0000,89.0000
206.5000,543.5000,69.0000,89.0000
206.5000,544.5000,69.0000,89.0000
533.5000,732.5000,69.0000,89.0000
198.5000,558.5000,69.0000,89.0000
541.5000,719.5000,69.0000,89.0000
541.5000,704.5000,69.0000,89.0000
710.4695,526.4695,96.0609,106.0609
704.8485,546.8485,69.3030,79.3030
710.2647,554.2647,51.4706,61.4706
558.5000,704.5000,69.0000,89.0000
700.1167,538.1167,77.7666,87.7666
549.5000,675.5000,69.0000,89.0000
550.5000,675.5000,69.0000,89.0000
605.5000,315.5000,69.0000,89.0000
605.5000,315.5000,69.0000,89.0000
605.5000,315.5000,69.0000,89.0000
605.5000,315.5000,69.0000,89.0000
605.5000,315.5000,69.0000,89.0000
378.5000,878.5000,69.0000,89.0000
361.5000,878.5000,69.0000,89.0000
361.5000,878.5000,69.0000,89.0000
361.5000,878.5000,69.0000,89.0000
443.5000,878.5000,69.0000,89.0000
605.5000,315.5000,69.0000,89.0000
345.5000,879.5000,69.0000,89.0000
345.5000,878.5000,69.0000,89.0000
905.4702,332.4702,68.0596,78.0596
337.5000,893.5000,69.0000,89.0000
916.8483,338.3483,43.3034,53.3034
905.3851,316.3851,73.2298,83.2298
910.7787,332.7787,71.4425,81.4425
345.5000,892.5000,69.0000,89.0000
329.5000,907.5000,69.0000,89.0000
329.5000,907.5000,69.0000,89.0000
933.0016,319.0016,73.9968,83.9968
917.4434,335.4434,51.1132,61.1132
899.0525,322.5525,80.8950,90.8950
906.3666,328.8666,77.2668,87.2668
345.5000,878.5000,69.0000,89.0000
345.5000,878.5000,69.0000,89.0000
345.5000,878.5000,69.0000,89.0000
353.5000,878.5000,69.0000,89.0000
353.5000,879.5000,69.0000,89.0000
345.5000,879.5000,69.0000,89.0000
345.5000,892.5000,69.0000,89.0000
345.5000,879.5000,69.0000,89.0000
353.5000,878.5000,69.0000,89.0000
353.5000,878.5000,69.0000,89.0000
900.2001,351.7001,59.5998,69.5998
353.5000,878.5000,69.0000,89.0000
353.5000,878.5000,69.0000,89.0000
900.8762,359.3761,48.2477,58.2477
345.5000,878.5000,69.0000,89.0000
353.5000,878.5000,69.0000,89.0000
353.5000,878.5000,69.0000,89.0000
902.4874,342.9874,79.0253,89.0253
904.0013,339.0013,83.9975,93.9975
897.2895,335.2895,91.4210,101.4210
893.6669,354.6669,64.6662,74.6662
905.6271,364.1272,41.7457,51.7457
246.5000,529.5000,69.0000,89.0000
231.5000,529.5000,69.0000,89.0000
230.5000,529.5000,69.0000,89.0000
230.5000,529.5000,69.0000,89.0000
230.5000,529.5000,69.0000,89.0000
223.5000,529.5000,69.0000,89.0000
222.5000,529.5000,69.0000,89.0000
230.5000,529.5000,69.0000,89.0000
222.5000,529.5000,69.0000,89.0000
361.5000,878.5000,69.0000,89.0000
377.5000,878.5000,69.0000,89.0000
214.5000,529.5000,69.0000,89.0000
214.5000,543.5000,69.0000,89.0000
214.5000,543.5000,69.0000,89.0000
214.5000,530.5000,69.0000,89.0000
558.5109,222.5109,45.9782,55.9782
552.3786,215.3786,56.2428,66.2428
892.4611,361.9611,65.0778,75.0778
881.5781,350.5781,92.8438,102.8438
891.3796,362.3796,65.2409,75.2409
872.8334,348.8335,88.3331,98.3331
872.0577,348.5577,91.8847,101.8847
871.5720,359.5720,77.8561,87.8561
884.2924,351.7924,93.4152,103.4152
875.5580,354.0580,95.8840,105.8840
878.7147,356.2147,87.5707,97.5707
547.3417,212.8417,75.3167,85.3167
870.6063,362.6063,83.7874,93.7874
883.2260,374.7260,60.5480,70.5480
230.5000,529.5000,69.0000,89.0000
230.5000,529.5000,69.0000,89.0000
877.8555,370.8556,72.2889,82.2889
547.1670,227.1670,55.6660,65.6660
875.4509,371.4509,79.0982,89.0982
881.9382,356.9382,86.1236,96.1236
905.8998,376.3998,50.2003,60.2003
874.9465,360.4465,87.1070,97.1070
890.6521,377.1521,62.6957,72.6957
889.2125,375.7126,64.5749,74.5749
884.0381,370.5381,68.9238,78.9238
893.9706,365.9706,77.0588,87.0588
885.6757,366.1757,81.6487,91.6487
532.5840,239.0840,73.8319,83.8319
538.4584,245.4584,69.0832,79.0832
539.4915,248.4915,64.0169,74.0169
885.8040,373.8040,63.3920,73.3920
528.1025,242.1025,83.7950,93.7950
542.7537,264.7537,51.4926,61.4926
538.2668,259.2668,60.4663,70.4663
877.5096,370.5096,92.9808,102.9808
875.3047,377.3047,90.3905,100.3905
524.9420,252.4420,70.1160,80.1160
528.6124,243.1124,82.7753,92.7753
524.1583,240.6583,83.6833,93.6833
887.5930,397.5929,80.8141,90.8141
895.6375,404.1375,65.7250,75.7250
893.9172,392.9172,88.1656,98.1656
878.9673,378.9673,107.0655,117.0655
882.8384,392.3383,102.3233,112.3233
874.5793,385.5793,110.8413,120.8413
866.9673,396.9673,107.0655,117.0655
882.8476,411.3476,93.3048,103.3048
856.2500,407.2500,97.5000,107.5000
805.6779,409.6778,111.6443,121.6443
828.8235,404.3235,114.3530,124.3530
830.0466,419.5466,102.9069,112.9069
852.4136,415.9136,93.1728,103.1728
850.2295,411.7295,101.5410,111.5410
495.2446,243.7446,103.5109,113.5109
492.5024,239.0025,110.9951,120.9951
494.9451,243.9451,105.1098,115.1098
504.9380,242.9380,109.1241,119.1241
492.3292,240.3292,113.3416,123.3416
497.9977,241.9976,114.0047,124.0047
499.9685,245.4686,108.0629,118.0629
496.1065,241.6065,114.7870,124.7870
499.4758,243.4758,112.0484,122.0484
496.0008,243.0008,111.9984,121.9984
853.2617,413.2617,114.4766,124.4766
839.5210,417.0210,114.9581,124.9581
823.0760,426.5760,110.8479,120.8479
500.5197,243.0197,113.9607,123.9607
500.6131,244.6131,111.7739,121.7739
499.4054,242.4054,113.1893,123.1893
499.0319,244.5319,110.9362,120.9362
501.1690,245.6690,108.6620,118.6620
498.1690,245.6690,108.6620,118.6620
486.1690,246.6690,108.6620,118.6620
487.6676,245.6676,109.6648,119.6648
485.1326,245.1326,110.7348,120.7348
491.0121,244.0121,116.9758,126.9758
490.1729,244.6729,115.6542,125.6542
483.2351,243.7351,118.5298,128.5298
478.4015,245.4015,115.1970,125.1970
473.3282,245.3282,118.3436,128.3436
478.1024,245.6024,116.7952,126.7952
478.1024,245.6024,116.7952,126.7952
484.7143,246.2143,118.5714,128.5714
490.1375,248.6375,115.7250,125.7250
488.3501,245.3501,119.2998,129.2998
490.3446,246.8446,116.3108,126.3108
488.2647,245.7647,119.4706,129.4706
493.9505,248.9505,114.0990,124.0990
491.1503,247.1503,116.6995,126.6995
484.4167,245.4167,120.1665,130.1665
487.7143,247.2143,118.5714,128.5714
489.2647,248.7647,119.4706,129.4706
486.7616,248.7616,120.4767,130.4767
488.0205,247.5205,122.9590,132.9590
487.5056,249.5056,123.9888,133.9888
485.0760,247.0760,124.8479,134.8479
477.5096,246.5096,125.9809,135.9809
480.1686,247.1686,123.6628,133.6628
477.9912,248.4912,127.0176,137.0176
476.7016,251.2016,127.5967,137.5967
476.3628,250.8628,125.2744,135.2744
476.7919,251.7919,125.4162,135.4162
480.0622,251.0622,126.8756,136.8756
485.0063,253.0063,123.9874,133.9874
483.2188,250.2188,124.5625,134.5625
881.5818,439.0818,126.8363,136.8363
483.5781,251.5781,124.8438,134.8438
486.5800,253.0800,125.8400,135.8400
484.1399,251.1399,127.7202,137.7202
485.3559,251.8559,125.2882,135.2882
478.6206,252.6206,129.7589,139.7589
476.1291,255.6291,130.7419,140.7419
473.4333,258.4333,131.1333,141.1333
472.1399,260.1399,127.7202,137.7202
471.5836,260.5836,130.8328,140.8328
904.6431,441.6431,135.7139,145.7139
473.4904,261.9904,132.0192,142.0192
474.1063,262.1063,133.7875,143.7875
472.5504,262.5504,134.8992,144.8992
469.7950,262.7950,134.4100,144.4100
467.7051,264.2051,137.5898,147.5898
470.0490,266.0490,137.9021,147.9021
469.4336,268.4336,138.1328,148.1328
472.1748,267.6748,137.6504,147.6504
471.4336,266.4336,138.1328,148.1328
472.2392,268.7392,138.5216,148.5216
474.0150,266.5150,138.9701,148.9701
471.4337,268.4337,139.1327,149.1327
471.6602,267.6602,139.6796,149.6796
470.5616,269.5616,140.8767,150.8767
471.4332,270.9332,142.1336,152.1336
469.2383,271.2383,141.5234,151.5234
469.4029,273.4029,140.1941,150.1941
473.2734,275.2734,138.4531,148.4531
469.3752,273.8752,139.2497,149.2497
467.0475,272.5475,140.9049,150.9049
465.0774,274.0774,141.8452,151.8452
468.1740,272.1740,140.6520,150.6520
465.8833,273.3833,142.2335,152.2335
469.2076,271.7076,140.5849,150.5849
467.6640,272.1640,140.6720,150.6720
470.2722,273.7722,141.4556,151.4556
467.1123,273.6123,141.7753,151.7753
467.7029,273.7029,140.5943,150.5943
469.4146,274.4146,139.1709,149.1709
468.8880,274.3880,141.2239,151.2239
473.2167,273.7167,139.5667,149.5667
473.3492,272.3492,138.3015,148.3015
469.5664,274.5664,139.8672,149.8672
468.6786,274.1786,139.6428,149.6428
467.9438,276.9438,140.1125,150.1125
467.6640,275.1640,140.6720,150.6720
467.9546,277.9546,139.0909,149.0909
465.9181,276.4181,139.1637,149.1637
463.3680,279.8680,140.2639,150.2639
460.8610,279.8610,140.2781,150.2781
459.1240,281.6240,140.7521,150.7521
459.8880,283.3880,141.2239,151.2239
460.9012,287.4012,140.1977,150.1977
464.4348,289.4348,138.1304,148.1304
464.6814,288.6814,136.6372,146.6372
464.5477,291.0477,137.9045,147.9045
463.6376,293.6376,139.7248,149.7248
466.1688,293.6688,137.6625,147.6625
466.9470,298.4470,137.1060,147.1060
467.9692,297.9692,138.0616,148.0616
470.7051,298.2051,137.5898,147.5898
466.5702,295.0702,136.8597,146.8597
468.4823,292.9823,137.0354,147.0354
468.3101,294.8101,138.3797,148.3797
471.6587,294.6587,138.6825,148.6825
474.4337,295.4337,139.1327,149.1327
474.1097,297.1097,139.7806,149.7806
470.1786,296.1786,139.6428,149.6428
471.4336,298.4336,138.1328,148.1328
472.6814,296.6814,136.6372,146.6372
477.1748,297.6748,137.6504,147.6504
474.7888,297.2888,137.4223,147.4223
477.6007,303.6007,136.7986,146.7986
477.9957,302.9957,136.0086,146.0086
476.5746,304.0746,135.8509,145.8509
475.6007,309.6007,136.7986,146.7986
472.3362,310.8362,137.3275,147.3275
473.9612,313.4612,139.0777,149.0777
473.1263,315.6263,138.7473,148.7473
477.2087,315.2087,137.5825,147.5825
473.8984,313.8984,139.2032,149.2032
475.4583,314.4583,141.0833,151.0833
475.8365,319.3365,141.3270,151.3270
475.8980,319.3980,138.2039,148.2039
477.6068,319.6068,139.7865,149.7865
479.6252,319.6252,140.7497,150.7497
474.3143,323.3143,142.3714,152.3714
482.0997,322.5997,142.8005,152.8005
477.6748,327.1748,142.6504,152.6504
475.5754,322.5754,143.8492,153.8492
471.6979,326.1979,142.6041,152.6041
471.1744,326.1744,143.6513,153.6513
471.2830,327.2830,142.4340,152.4340
473.2708,327.7708,142.4583,152.4583
471.5444,327.5444,142.9113,152.9113
472.8983,329.3983,142.2033,152.2033
474.9292,330.4292,143.1416,153.1416
477.9073,330.4073,143.1853,153.1853
479.2103,330.7103,141.5794,151.5794
480.3131,329.8131,143.3738,153.3738
481.3074,331.3074,143.3853,153.3853
485.3626,331.8626,144.2748,154.2748
484.1492,329.1492,143.7016,153.7016
486.3927,326.3927,141.2146,151.2146
481.3441,334.3441,143.3118,153.3118
482.0724,334.5724,145.8553,155.8553
480.1826,337.6826,147.6349,157.6349
477.7732,339.2732,147.4535,157.4535
482.4214,338.9214,145.1571,155.1571
484.9595,334.9595,144.0810,154.0810
488.0051,332.0051,143.9897,153.9897
487.9603,332.4603,143.0795,153.0795
491.3315,337.8315,143.3370,153.3370
492.7864,336.7864,144.4272,154.4272
490.7955,335.2955,144.4091,154.4091
494.8560,334.3560,145.2881,155.2881
493.6555,337.1555,145.6890,155.6890
489.6594,337.6594,145.6812,155.6812
500.5948,339.5948,147.8104,157.8104
498.6733,336.1733,148.6534,158.6534
502.6646,338.6646,148.6709,158.6709
495.3557,340.8557,150.2886,160.2886
494.4233,343.4233,151.1533,161.1533
494.3800,340.3800,150.2400,160.2400
491.0989,345.5989,148.8022,158.8022
495.7719,341.2719,148.4561,158.4561
506.7587,341.2587,149.4826,159.4826
503.9897,345.4897,150.0206,160.0206
507.8900,346.8900,152.2200,162.2200
513.9763,346.4763,153.0475,163.0475
518.2687,344.7687,154.4625,164.4625
530.5005,344.0005,153.9989,163.9989
526.2353,344.7353,153.5294,163.5294
525.5618,349.5617,152.8765,162.8765
541.9465,358.9464,150.1071,160.1071
541.9443,363.4443,150.1114,160.1114
546.1786,353.6786,153.6428,163.6428
548.1365,352.1365,155.7271,165.7271
541.1786,352.1786,153.6428,163.6428
550.6539,350.1539,151.6922,161.6922
550.9465,351.4464,150.1071,160.1071
553.7391,357.2391,149.5217,159.5217
554.6168,356.1168,153.7665,163.7665
553.8061,355.8061,150.3879,160.3879
566.3196,357.8196,149.3608,159.3608
555.9429,352.9429,156.1142,166.1142
566.9398,346.4398,156.1203,166.1203
568.8824,346.3824,155.2352,165.2352
568.5324,347.0324,155.9352,165.9352
567.4346,343.9347,154.1307,164.1307
565.5322,346.0322,152.9356,162.9356
549.1220,348.1220,155.7559,165.7559
526.5833,351.0832,159.8336,169.8336
529.2934,352.2934,155.4132,165.4132
541.5427,356.0427,152.9145,162.9145
523.9282,356.4282,152.1435,162.1435
505.7884,361.7884,153.4233,163.4233
519.5836,356.5836,148.8328,158.8328
491.9525,355.9525,153.0949,163.0949
482.2703,352.2703,145.4595,155.4595
491.4233,347.4233,151.1533,161.1533
478.6288,348.6288,153.7424,163.7424
471.5929,350.5929,150.8142,160.8142
479.8259,336.3259,151.3482,161.3482
481.1220,338.1220,155.7559,165.7559
485.3586,339.8586,155.2829,165.2829
481.9443,332.4443,150.1114,160.1114
484.6646,320.6646,148.6709,158.6709
495.8259,314.3259,151.3482,161.3482
468.3672,334.3672,152.2657,162.2657
470.4910,331.9910,152.0181,162.0181
473.3687,328.8687,151.2626,161.2626
482.1123,325.6123,151.7753,161.7753
466.1599,336.6599,156.6802,166.6802
469.5950,334.5950,150.8099,160.8099
460.2273,330.2273,155.5454,165.5454
463.4619,315.4619,151.0762,161.0762
472.5088,320.0088,154.9824,164.9824
464.2579,319.7579,161.4843,171.4843
449.8722,322.3722,164.2555,174.2555
443.1661,326.1661,165.6678,175.6678
441.2080,320.2080,171.5839,181.5839
452.8086,320.3086,162.3828,172.3828
449.7649,328.2649,160.4702,170.4702
466.2626,322.2626,158.4748,168.4748
450.7885,328.2885,164.4230,174.4230
450.9633,325.9633,162.0735,172.0735
434.9192,335.4192,162.1617,172.1617
443.2224,336.7224,156.5553,166.5553
459.7188,332.7188,146.5625,156.5625
456.4914,331.4914,136.0172,146.0172
448.8299,331.8299,128.3403,138.3403
442.0750,346.0750,131.8499,141.8499
453.0597,339.0597,132.8806,142.8806
450.9346,337.4346,131.1307,141.1307
449.8236,338.8236,136.3528,146.3528
455.7107,340.7107,131.5786,141.5786
456.8646,342.3646,129.2708,139.2708
436.4664,365.9664,122.0671,132.0671
451.1197,355.1197,101.7607,111.7607
455.6465,338.6465,116.7071,126.7071
455.2083,360.7083,103.5833,113.5833
457.2331,346.7331,108.5338,118.5338
482.2865,326.2865,118.4271,128.4270
494.9456,330.4456,116.1088,126.1088
495.1025,329.1025,83.7950,93.7950
512.0513,316.0513,103.8974,113.8974
501.5630,318.0630,102.8740,112.8740
480.6371,320.1371,97.7258,107.7258
492.1252,318.6252,100.7495,110.7495
462.5009,325.0009,99.9981,109.9981
489.7614,340.2614,56.4773,66.4773
337.5000,486.5000,69.0000,89.0000
487.4067,317.4067,88.1866,98.1866
514.1952,324.1952,75.6096,85.6096
530.4069,300.4069,117.1862,127.1862
520.9584,309.4583,111.0833,121.0833
505.5986,291.0986,123.8029,133.8029
508.5438,286.5438,132.9124,142.9124
508.4757,311.9757,109.0486,119.0486
502.7097,311.7097,96.5806,106.5806
478.6696,318.1696,93.6608,103.6608
498.8256,310.3256,87.3488,97.3488
487.9363,325.4363,110.1274,120.1274
497.6133,316.6133,118.7734,128.7734
515.9271,300.4271,133.1458,143.1458
512.5435,305.5435,137.9130,147.9130
512.3822,303.8822,141.2357,151.2357
515.4868,323.4868,143.0265,153.0265
523.0195,310.0196,139.9609,149.9609
509.5463,329.0463,143.9075,153.9075
536.8751,302.8752,144.2497,154.2497
527.2500,326.7500,139.5000,149.5000
530.6059,330.1059,144.7883,154.7883
528.3681,332.8681,141.2638,151.2638
527.8986,324.3986,146.2027,156.2027
540.6047,325.6047,147.7906,157.7906
538.1506,324.1507,144.6987,154.6987
546.3958,327.8958,137.2083,147.2083
545.4807,335.9807,135.0385,145.0385
534.2041,334.7041,132.5918,142.5918
523.6107,338.1107,129.7785,139.7785
524.8502,339.8503,127.2995,137.2995
542.0682,340.5682,117.8637,127.8637
549.7148,348.7148,112.5705,122.5705
521.5729,368.0729,91.8542,101.8542
556.1160,349.6160,115.7681,125.7681
557.8988,341.8988,111.2023,121.2023
535.8380,352.3380,108.3241,118.3241
527.4390,364.4390,99.1220,109.1220
526.5323,355.0323,105.9353,115.9353
514.7787,348.7787,119.4426,129.4426
533.3439,352.8439,106.3123,116.3123
530.5402,360.0403,91.9195,101.9195
530.5722,365.0722,76.8556,86.8556
534.8389,354.3388,96.3223,106.3223
534.7232,351.7232,97.5536,107.5536
528.5756,362.5756,84.8488,94.8488
548.8367,357.3367,86.3266,96.3266
540.1902,346.6903,103.6195,113.6195
533.5009,350.5009,102.9982,112.9982
545.4539,344.4539,109.0922,119.0922
544.1679,341.1679,107.6642,117.6642
551.6688,353.1688,117.6625,127.6625
533.3160,366.3160,88.3679,98.3679
568.6686,354.1687,100.6627,110.6627
563.8607,342.3607,112.2785,122.2785
586.2789,345.7789,112.4423,122.4423
613.9914,354.4914,100.0172,110.0172
639.2358,332.2358,87.5283,97.5283
615.1548,336.6548,93.6904,103.6904
605.1387,337.1387,94.7225,104.7225
615.3100,334.8100,82.3801,92.3801
320.5000,617.5000,69.0000,89.0000
605.5000,315.5000,69.0000,89.0000
377.5000,529.5000,69.0000,89.0000
378.5000,529.5000,69.0000,89.0000
623.6583,263.1583,98.6833,108.6833
686.3335,270.3335,79.3330,89.3330
688.2827,268.2826,103.4348,113.4348
714.1149,260.1149,88.7702,98.7702
720.8126,245.3126,104.3749,114.3749
717.0011,259.5011,89.9977,99.9977
712.8553,266.3554,78.2893,88.2893
709.2319,252.7319,96.5363,106.5363
706.8872,249.3872,97.2256,107.2256
701.8126,246.3126,98.3749,108.3749
684.4098,254.9098,103.1804,113.1804
692.1202,249.1202,109.7596,119.7596
703.3000,249.3000,109.3999,119.3999
700.4637,262.4638,100.0725,110.0725
716.0417,253.5417,92.9166,102.9166
729.8401,257.8401,84.3197,94.3197
749.3863,253.8863,80.2275,90.2275
716.5838,255.5838,94.8324,104.8324
723.0231,253.5232,101.9537,111.9537
731.5210,251.5210,99.9580,109.9580
722.2542,254.2542,93.4915,103.4915
729.7929,239.2929,101.4141,111.4141
720.6071,232.6071,113.7859,123.7859
734.1668,248.6668,82.6664,92.6664
727.1273,240.6273,96.7455,106.7455
263.5000,732.5000,69.0000,89.0000
754.3338,269.3338,49.3324,59.3324
280.5000,704.5000,69.0000,89.0000
280.5000,704.5000,69.0000,89.0000
279.5000,704.5000,69.0000,89.0000
605.5000,315.5000,69.0000,89.0000
280.5000,646.5000,69.0000,89.0000
263.5000,674.5000,69.0000,89.0000
263.5000,674.5000,69.0000,89.0000
605.5000,315.5000,69.0000,89.0000
605.5000,315.5000,69.0000,89.0000
605.5000,315.5000,69.0000,89.0000
605.5000,315.5000,69.0000,89.0000
605.5000,315.5000,69.0000,89.0000
280.5000,704.5000,69.0000,89.0000
280.5000,704.5000,69.0000,89.0000
719.6772,272.1772,70.6455,80.6455
288.5000,674.5000,69.0000,89.0000
296.5000,646.5000,69.0000,89.0000
288.5000,646.5000,69.0000,89.0000
296.5000,674.5000,69.0000,89.0000
697.5635,299.5636,67.8729,77.8729
296.5000,674.5000,69.0000,89.0000
288.5000,646.5000,69.0000,89.0000
296.5000,674.5000,69.0000,89.0000
701.2813,299.2813,56.4374,66.4374
715.3860,300.3860,64.2279,74.2279
320.5000,674.5000,69.0000,89.0000
605.5000,315.5000,69.0000,89.0000
312.5000,762.5000,69.0000,89.0000
312.5000,704.5000,69.0000,89.0000
722.6751,310.1751,79.6497,89.6497
711.9470,291.4471,97.1059,107.1059
689.9191,307.4190,46.1619,56.1619
304.5000,660.5000,69.0000,89.0000
304.5000,660.5000,69.0000,89.0000
695.8680,289.8680,68.2639,78.2639
296.5000,646.5000,69.0000,89.0000
443.5000,646.5000,69.0000,89.0000
443.5000,646.5000,69.0000,89.0000
443.5000,646.5000,69.0000,89.0000
296.5000,427.5000,69.0000,89.0000
304.5000,427.5000,69.0000,89.0000
296.5000,427.5000,69.0000,89.0000
605.5000,315.5000,69.0000,89.0000
296.5000,428.5000,69.0000,89.0000
296.5000,441.5000,69.0000,89.0000
304.5000,427.5000,69.0000,89.0000
605.5000,315.5000,69.0000,89.0000
304.5000,427.5000,69.0000,89.0000
304.5000,427.5000,69.0000,89.0000
304.5000,427.5000,69.0000,89.0000
605.5000,315.5000,69.0000,89.0000
605.5000,315.5000,69.0000,89.0000
605.5000,315.5000,69.0000,89.0000
605.5000,315.5000,69.0000,89.0000
328.5000,849.5000,69.0000,89.0000
328.5000,849.5000,69.0000,89.0000
874.7961,330.2962,53.4077,63.4077
847.6160,307.1159,101.7681,111.7681
835.7212,328.2212,73.5576,83.5576
863.8931,321.8932,73.2137,83.2137
329.5000,849.5000,69.0000,89.0000
866.5644,340.0644,52.8712,62.8712
337.5000,834.5000,69.0000,89.0000
329.5000,791.5000,69.0000,89.0000
329.5000,791.5000,69.0000,89.0000
329.5000,791.5000,69.0000,89.0000
427.9009,318.4009,59.1982,69.1982
428.2136,315.7136,58.5728,68.5728
312.5000,427.5000,69.0000,89.0000
353.5000,762.5000,69.0000,89.0000
345.5000,762.5000,69.0000,89.0000
361.5000,791.5000,69.0000,89.0000
780.2566,340.7566,72.4868,82.4868
791.6991,350.6991,45.6018,55.6018
361.5000,791.5000,69.0000,89.0000
605.5000,315.5000,69.0000,89.0000
605.5000,315.5000,69.0000,89.0000
605.5000,315.5000,69.0000,89.0000
361.5000,820.5000,69.0000,89.0000
605.5000,315.5000,69.0000,89.0000
605.5000,315.5000,69.0000,89.0000
605.5000,315.5000,69.0000,89.0000
605.5000,315.5000,69.0000,89.0000
361.5000,849.5000,69.0000,89.0000
605.5000,315.5000,69.0000,89.0000
605.5000,315.5000,69.0000,89.0000
362.5000,878.5000,69.0000,89.0000
605.5000,315.5000,69.0000,89.0000
605.5000,315.5000,69.0000,89.0000
605.5000,315.5000,69.0000,89.0000
605.5000,315.5000,69.0000,89.0000
605.5000,315.5000,69.0000,89.0000
378.5000,878.5000,69.0000,89.0000
605.5000,315.5000,69.0000,89.0000
605.5000,315.5000,69.0000,89.0000
605.5000,315.5000,69.0000,89.0000
378.5000,878.5000,69.0000,89.0000
386.5000,878.5000,69.0000,89.0000
84.5000,849.5000,69.0000,89.0000
866.5632,73.5632,82.8735,92.8735
83.5000,820.5000,69.0000,89.0000
91.5000,849.5000,69.0000,89.0000
91.5000,849.5000,69.0000,89.0000
605.5000,315.5000,69.0000,89.0000
605.5000,315.5000,69.0000,89.0000
605.5000,315.5000,69.0000,89.0000
605.5000,315.5000,69.0000,89.0000
605.5000,315.5000,69.0000,89.0000
605.5000,315.5000,69.0000,89.0000
605.5000,315.5000,69.0000,89.0000
605.5000,315.5000,69.0000,89.0000
605.5000,315.5000,69.0000,89.0000
605.5000,315.5000,69.0000,89.0000
605.5000,315.5000,69.0000,89.0000
378.5000,893.5000,69.0000,89.0000
605.5000,315.5000,69.0000,89.0000
605.5000,315.5000,69.0000,89.0000
605.5000,315.5000,69.0000,89.0000
914.2002,374.2002,49.5997,59.5997
361.5000,893.5000,69.0000,89.0000
361.5000,907.5000,69.0000,89.0000
923.4197,339.4197,71.1606,81.1606
920.4197,343.4197,71.1606,81.1606
920.0101,331.5101,89.9797,99.9797
923.6162,328.1162,89.7675,99.7675
345.5000,936.5000,69.0000,89.0000
910.1970,335.1970,54.6060,64.6060
911.2812,330.2813,72.4374,82.4374
901.8555,323.8556,72.2889,82.2889
337.5000,893.5000,69.0000,89.0000
329.5000,907.5000,69.0000,89.0000
329.5000,907.5000,69.0000,89.0000
321.5000,907.5000,69.0000,89.0000
312.5000,878.5000,69.0000,89.0000
198.5000,645.5000,69.0000,89.0000
189.5000,645.5000,69.0000,89.0000
312.5000,893.5000,69.0000,89.0000
605.5000,315.5000,69.0000,89.0000
605.5000,315.5000,69.0000,89.0000
605.5000,315.5000,69.0000,89.0000
320.5000,907.5000,69.0000,89.0000
320.5000,907.5000,69.0000,89.0000
605.5000,315.5000,69.0000,89.0000
605.5000,315.5000,69.0000,89.0000
605.5000,315.5000,69.0000,89.0000
605.5000,315.5000,69.0000,89.0000
605.5000,315.5000,69.0000,89.0000
605.5000,315.5000,69.0000,89.0000
605.5000,315.5000,69.0000,89.0000
605.5000,315.5000,69.0000,89.0000
605.5000,315.5000,69.0000,89.0000
605.5000,315.5000,69.0000,89.0000
605.5000,315.5000,69.0000,89.0000
605.5000,315.5000,69.0000,89.0000
605.5000,315.5000,69.0000,89.0000
605.5000,315.5000,69.0000,89.0000
605.5000,315.5000,69.0000,89.0000
605.5000,315.5000,69.0000,89.0000
605.5000,315.5000,69.0000,89.0000
605.5000,315.5000,69.0000,89.0000
605.5000,315.5000,69.0000,89.0000
329.5000,907.5000,69.0000,89.0000
329.5000,907.5000,69.0000,89.0000
605.5000,315.5000,69.0000,89.0000
605.5000,315.5000,69.0000,89.0000
605.5000,315.5000,69.0000,89.0000
605.5000,315.5000,69.0000,89.0000
605.5000,315.5000,69.0000,89.0000
329.5000,907.5000,69.0000,89.0000
605.5000,315.5000,69.0000,89.0000
605.5000,315.5000,69.0000,89.0000
328.5000,907.5000,69.0000,89.0000
605.5000,315.5000,69.0000,89.0000
605.5000,315.5000,69.0000,89.0000
605.5000,315.5000,69.0000,89.0000
605.5000,315.5000,69.0000,89.0000
296.5000,878.5000,69.0000,89.0000
214.5000,645.5000,69.0000,89.0000
605.5000,315.5000,69.0000,89.0000
659.9808,190.9808,67.0384,77.0384
214.5000,645.5000,69.0000,89.0000
288.5000,878.5000,69.0000,89.0000
295.5000,878.5000,69.0000,89.0000
427.5272,201.0272,91.9456,101.9456
165.5000,617.5000,69.0000,89.0000
442.8552,196.3552,84.2896,94.2896
206.5000,427.5000,69.0000,89.0000
173.5000,645.5000,69.0000,89.0000
608.0854,164.0854,87.8292,97.8292
605.5000,315.5000,69.0000,89.0000
605.5000,315.5000,69.0000,89.0000
605.5000,315.5000,69.0000,89.0000
605.5000,315.5000,69.0000,89.0000
247.5000,704.5000,69.0000,89.0000
605.5000,315.5000,69.0000,89.0000
508.5000,529.5000,69.0000,89.0000
493.5000,529.5000,69.0000,89.0000
509.5000,529.5000,69.0000,89.0000
190.5000,326.5000,69.0000,89.0000
605.5000,315.5000,69.0000,89.0000
181.5000,369.5000,69.0000,89.0000
165.5000,383.5000,69.0000,89.0000
605.5000,315.5000,69.0000,89.0000
605.5000,315.5000,69.0000,89.0000
230.5000,646.5000,69.0000,89.0000
230.5000,645.5000,69.0000,89.0000
124.5000,442.5000,69.0000,89.0000
605.5000,315.5000,69.0000,89.0000
605.5000,315.5000,69.0000,89.0000
605.5000,315.5000,69.0000,89.0000
605.5000,315.5000,69.0000,89.0000
605.5000,315.5000,69.0000,89.0000
605.5000,315.5000,69.0000,89.0000
247.5000,645.5000,69.0000,89.0000
605.5000,315.5000,69.0000,89.0000
605.5000,315.5000,69.0000,89.0000
247.5000,645.5000,69.0000,89.0000
247.5000,645.5000,69.0000,89.0000
247.5000,645.5000,69.0000,89.0000
605.5000,315.5000,69.0000,89.0000
230.5000,645.5000,69.0000,89.0000
605.5000,315.5000,69.0000,89.0000
247.5000,645.5000,69.0000,89.0000
605.5000,315.5000,69.0000,89.0000
605.5000,315.5000,69.0000,89.0000
605.5000,315.5000,69.0000,89.0000
605.5000,315.5000,69.0000,89.0000
605.5000,315.5000,69.0000,89.0000
189.5000,398.5000,69.0000,89.0000
181.5000,413.5000,69.0000,89.0000
605.5000,315.5000,69.0000,89.0000
605.5000,315.5000,69.0000,89.0000
605.5000,315.5000,69.0000,89.0000
605.5000,315.5000,69.0000,89.0000
605.5000,315.5000,69.0000,89.0000
605.5000,315.5000,69.0000,89.0000
605.5000,315.5000,69.0000,89.0000
605.5000,315.5000,69.0000,89.0000
605.5000,315.5000,69.0000,89.0000
230.5000,645.5000,69.0000,89.0000
230.5000,645.5000,69.0000,89.0000
230.5000,616.5000,69.0000,89.0000
605.5000,315.5000,69.0000,89.0000
230.5000,645.5000,69.0000,89.0000
230.5000,645.5000,69.0000,89.0000
605.5000,315.5000,69.0000,89.0000
605.5000,315.5000,69.0000,89.0000
605.5000,315.5000,69.0000,89.0000
605.5000,315.5000,69.0000,89.0000
605.5000,315.5000,69.0000,89.0000
605.5000,315.5000,69.0000,89.0000
605.5000,315.5000,69.0000,89.0000
605.5000,315.5000,69.0000,89.0000
605.5000,315.5000,69.0000,89.0000
605.5000,315.5000,69.0000,89.0000
605.5000,315.5000,69.0000,89.0000
605.5000,315.5000,69.0000,89.0000
605.5000,315.5000,69.0000,89.0000
605.5000,315.5000,69.0000,89.0000
605.5000,315.5000,69.0000,89.0000
605.5000,315.5000,69.0000,89.0000
605.5000,315.5000,69.0000,89.0000
605.5000,315.5000,69.0000,89.0000
605.5000,315.5000,69.0000,89.0000
605.5000,315.5000,69.0000,89.0000
605.5000,315.5000,69.0000,89.0000
605.5000,315.5000,69.0000,89.0000
605.5000,315.5000,69.0000,89.0000
605.5000,315.5000,69.0000,89.0000
605.5000,315.5000,69.0000,89.0000
605.5000,315.5000,69.0000,89.0000
605.5000,315.5000,69.0000,89.0000
605.5000,315.5000,69.0000,89.0000
605.5000,315.5000,69.0000,89.0000
605.5000,315.5000,69.0000,89.0000
605.5000,315.5000,69.0000,89.0000
605.5000,315.5000,69.0000,89.0000
605.5000,315.5000,69.0000,89.0000
605.5000,315.5000,69.0000,89.0000
605.5000,315.5000,69.0000,89.0000
605.5000,315.5000,69.0000,89.0000
605.5000,315.5000,69.0000,89.0000
605.5000,315.5000,69.0000,89.0000
605.5000,315.5000,69.0000,89.0000
605.5000,315.5000,69.0000,89.0000
605.5000,315.5000,69.0000,89.0000
605.5000,315.5000,69.0000,89.0000
605.5000,315.5000,69.0000,89.0000
605.5000,315.5000,69.0000,89.0000
605.5000,315.5000,69.0000,89.0000
605.5000,315.5000,69.0000,89.0000
605.5000,315.5000,69.0000,89.0000
174.5000,529.5000,69.0000,89.0000
181.5000,529.5000,69.0000,89.0000
181.5000,529.5000,69.0000,89.0000
181.5000,529.5000,69.0000,89.0000
173.5000,529.5000,69.0000,89.0000
531.7858,177.7858,62.4285,72.4285
173.5000,529.5000,69.0000,89.0000
173.5000,529.5000,69.0000,89.0000
181.5000,529.5000,69.0000,89.0000
181.5000,529.5000,69.0000,89.0000
173.5000,529.5000,69.0000,89.0000
173.5000,543.5000,69.0000,89.0000
605.5000,315.5000,69.0000,89.0000
605.5000,315.5000,69.0000,89.0000
605.5000,315.5000,69.0000,89.0000
605.5000,315.5000,69.0000,89.0000
605.5000,315.5000,69.0000,89.0000
165.5000,558.5000,69.0000,89.0000
165.5000,558.5000,69.0000,89.0000
173.5000,529.5000,69.0000,89.0000
165.5000,558.5000,69.0000,89.0000
181.5000,529.5000,69.0000,89.0000
181.5000,529.5000,69.0000,89.0000
181.5000,529.5000,69.0000,89.0000
173.5000,529.5000,69.0000,89.0000
174.5000,529.5000,69.0000,89.0000
173.5000,529.5000,69.0000,89.0000
181.5000,529.5000,69.0000,89.0000
174.5000,529.5000,69.0000,89.0000
174.5000,529.5000,69.0000,89.0000
181.5000,529.5000,69.0000,89.0000
181.5000,529.5000,69.0000,89.0000
181.5000,529.5000,69.0000,89.0000
181.5000,529.5000,69.0000,89.0000
181.5000,529.5000,69.0000,89.0000
181.5000,529.5000,69.0000,89.0000
181.5000,529.5000,69.0000,89.0000
181.5000,529.5000,69.0000,89.0000
181.5000,529.5000,69.0000,89.0000
181.5000,529.5000,69.0000,89.0000
181.5000,529.5000,69.0000,89.0000
181.5000,529.5000,69.0000,89.0000
181.5000,529.5000,69.0000,89.0000
182.5000,587.5000,69.0000,89.0000
198.5000,616.5000,69.0000,89.0000
198.5000,616.5000,69.0000,89.0000
197.5000,558.5000,69.0000,89.0000
197.5000,558.5000,69.0000,89.0000
181.5000,587.5000,69.0000,89.0000
182.5000,587.5000,69.0000,89.0000
181.5000,587.5000,69.0000,89.0000
605.5000,315.5000,69.0000,89.0000
189.5000,558.5000,69.0000,89.0000
605.5000,315.5000,69.0000,89.0000
605.5000,315.5000,69.0000,89.0000
605.5000,315.5000,69.0000,89.0000
605.5000,315.5000,69.0000,89.0000
605.5000,315.5000,69.0000,89.0000
197.5000,558.5000,69.0000,89.0000
605.5000,315.5000,69.0000,89.0000
181.5000,529.5000,69.0000,89.0000
197.5000,558.5000,69.0000,89.0000
197.5000,558.5000,69.0000,89.0000
181.5000,530.5000,69.0000,89.0000
181.5000,587.5000,69.0000,89.0000
190.5000,558.5000,69.0000,89.0000
181.5000,558.5000,69.0000,89.0000
181.5000,587.5000,69.0000,89.0000
605.5000,315.5000,69.0000,89.0000
605.5000,315.5000,69.0000,89.0000
605.5000,315.5000,69.0000,89.0000
605.5000,315.5000,69.0000,89.0000
197.5000,616.5000,69.0000,89.0000
181.5000,558.5000,69.0000,89.0000
605.5000,315.5000,69.0000,89.0000
605.5000,315.5000,69.0000,89.0000
605.5000,315.5000,69.0000,89.0000
605.5000,315.5000,69.0000,89.0000
605.5000,315.5000,69.0000,89.0000
605.5000,315.5000,69.0000,89.0000
605.5000,315.5000,69.0000,89.0000
605.5000,315.5000,69.0000,89.0000
605.5000,315.5000,69.0000,89.0000
605.5000,315.5000,69.0000,89.0000
605.5000,315.5000,69.0000,89.0000
605.5000,315.5000,69.0000,89.0000
605.5000,315.5000,69.0000,89.0000
605.5000,315.5000,69.0000,89.0000
605.5000,315.5000,69.0000,89.0000
605.5000,315.5000,69.0000,89.0000
605.5000,315.5000,69.0000,89.0000
605.5000,315.5000,69.0000,89.0000
605.5000,315.5000,69.0000,89.0000
605.5000,315.5000,69.0000,89.0000
605.5000,315.5000,69.0000,89.0000
605.5000,315.5000,69.0000,89.0000
605.5000,315.5000,69.0000,89.0000
605.5000,315.5000,69.0000,89.0000
605.5000,315.5000,69.0000,89.0000
605.5000,315.5000,69.0000,89.0000
605.5000,315.5000,69.0000,89.0000
605.5000,315.5000,69.0000,89.0000
605.5000,315.5000,69.0000,89.0000
605.5000,315.5000,69.0000,89.0000
605.5000,315.5000,69.0000,89.0000
605.5000,315.5000,69.0000,89.0000
605.5000,315.5000,69.0000,89.0000
605.5000,315.5000,69.0000,89.0000
605.5000,315.5000,69.0000,89.0000
605.5000,315.5000,69.0000,89.0000
605.5000,315.5000,69.0000,89.0000
605.5000,315.5000,69.0000,89.0000
605.5000,315.5000,69.0000,89.0000
605.5000,315.5000,69.0000,89.0000
605.5000,315.5000,69.0000,89.0000
605.5000,315.5000,69.0000,89.0000
605.5000,315.5000,69.0000,89.0000
605.5000,315.5000,69.0000,89.0000
605.5000,315.5000,69.0000,89.0000
181.5000,529.5000,69.0000,89.0000
165.5000,500.5000,69.0000,89.0000
165.5000,500.5000,69.0000,89.0000
181.5000,529.5000,69.0000,89.0000
165.5000,500.5000,69.0000,89.0000
165.5000,500.5000,69.0000,89.0000
165.5000,500.5000,69.0000,89.0000
181.5000,529.5000,69.0000,89.0000
173.5000,529.5000,69.0000,89.0000
181.5000,369.5000,69.0000,89.0000
173.5000,529.5000,69.0000,89.0000
165.5000,529.5000,69.0000,89.0000
165.5000,500.5000,69.0000,89.0000
173.5000,529.5000,69.0000,89.0000
181.5000,529.5000,69.0000,89.0000
165.5000,500.5000,69.0000,89.0000
181.5000,529.5000,69.0000,89.0000
605.5000,315.5000,69.0000,89.0000
181.5000,529.5000,69.0000,89.0000
605.5000,315.5000,69.0000,89.0000
181.5000,529.5000,69.0000,89.0000
181.5000,529.5000,69.0000,89.0000
181.5000,529.5000,69.0000,89.0000
605.5000,315.5000,69.0000,89.0000
605.5000,315.5000,69.0000,89.0000
181.5000,529.5000,69.0000,89.0000
605.5000,315.5000,69.0000,89.0000
605.5000,315.5000,69.0000,89.0000
181.5000,529.5000,69.0000,89.0000
181.5000,529.5000,69.0000,89.0000
181.5000,529.5000,69.0000,89.0000
605.5000,315.5000,69.0000,89.0000
605.5000,315.5000,69.0000,89.0000
605.5000,315.5000,69.0000,89.0000
182.5000,529.5000,69.0000,89.0000
605.5000,315.5000,69.0000,89.0000
605.5000,315.5000,69.0000,89.0000
605.5000,315.5000,69.0000,89.0000
605.5000,315.5000,69.0000,89.0000
605.5000,315.5000,69.0000,89.0000
605.5000,315.5000,69.0000,89.0000
189.5000,515.5000,69.0000,89.0000
181.5000,529.5000,69.0000,89.0000
605.5000,315.5000,69.0000,89.0000
605.5000,315.5000,69.0000,89.0000
605.5000,315.5000,69.0000,89.0000
605.5000,315.5000,69.0000,89.0000
605.5000,315.5000,69.0000,89.0000
605.5000,315.5000,69.0000,89.0000
605.5000,315.5000,69.0000,89.0000
605.5000,315.5000,69.0000,89.0000
605.5000,315.5000,69.0000,89.0000
605.5000,315.5000,69.0000,89.0000
605.5000,315.5000,69.0000,89.0000
605.5000,315.5000,69.0000,89.0000
605.5000,315.5000,69.0000,89.0000
605.5000,315.5000,69.0000,89.0000
605.5000,315.5000,69.0000,89.0000
605.5000,315.5000,69.0000,89.0000
605.5000,315.5000,69.0000,89.0000
605.5000,315.5000,69.0000,89.0000
605.5000,315.5000,69.0000,89.0000
605.5000,315.5000,69.0000,89.0000
605.5000,315.5000,69.0000,89.0000
605.5000,315.5000,69.0000,89.0000
605.5000,315.5000,69.0000,89.0000
605.5000,315.5000,69.0000,89.0000
605.5000,315.5000,69.0000,89.0000
605.5000,315.5000,69.0000,89.0000
605.5000,315.5000,69.0000,89.0000
605.5000,315.5000,69.0000,89.0000
605.5000,315.5000,69.0000,89.0000
605.5000,315.5000,69.0000,89.0000
605.5000,315.5000,69.0000,89.0000
605.5000,315.5000,69.0000,89.0000
605.5000,315.5000,69.0000,89.0000
605.5000,315.5000,69.0000,89.0000
605.5000,315.5000,69.0000,89.0000
605.5000,315.5000,69.0000,89.0000
605.5000,315.5000,69.0000,89.0000
605.5000,315.5000,69.0000,89.0000
605.5000,315.5000,69.0000,89.0000
605.5000,315.5000,69.0000,89.0000
605.5000,315.5000,69.0000,89.0000
605.5000,315.5000,69.0000,89.0000
605.5000,315.5000,69.0000,89.0000
605.5000,315.5000,69.0000,89.0000
605.5000,315.5000,69.0000,89.0000
605.5000,315.5000,69.0000,89.0000
605.5000,315.5000,69.0000,89.0000
605.5000,315.5000,69.0000,89.0000
605.5000,315.5000,69.0000,89.0000
605.5000,315.5000,69.0000,89.0000
605.5000,315.5000,69.0000,89.0000
605.5000,315.5000,69.0000,89.0000
605.5000,315.5000,69.0000,89.0000
605.5000,315.5000,69.0000,89.0000
605.5000,315.5000,69.0000,89.0000
605.5000,315.5000,69.0000,89.0000
605.5000,315.5000,69.0000,89.0000
605.5000,315.5000,69.0000,89.0000
605.5000,315.5000,69.0000,89.0000
605.5000,315.5000,69.0000,89.0000
605.5000,315.5000,69.0000,89.0000
605.5000,315.5000,69.0000,89.0000
605.5000,315.5000,69.0000,89.0000
605.5000,315.5000,69.0000,89.0000
605.5000,315.5000,69.0000,89.0000
605.5000,315.5000,69.0000,89.0000
605.5000,315.5000,69.0000,89.0000
605.5000,315.5000,69.0000,89.0000
605.5000,315.5000,69.0000,89.0000
165.5000,529.5000,69.0000,89.0000
165.5000,529.5000,69.0000,89.0000
165.5000,558.5000,69.0000,89.0000
165.5000,529.5000,69.0000,89.0000
165.5000,529.5000,69.0000,89.0000
605.5000,315.5000,69.0000,89.0000
605.5000,315.5000,69.0000,89.0000
605.5000,315.5000,69.0000,89.0000
605.5000,315.5000,69.0000,89.0000
605.5000,315.5000,69.0000,89.0000
605.5000,315.5000,69.0000,89.0000
605.5000,315.5000,69.0000,89.0000
605.5000,315.5000,69.0000,89.0000
149.5000,529.5000,69.0000,89.0000
149.5000,529.5000,69.0000,89.0000
149.5000,529.5000,69.0000,89.0000
148.5000,529.5000,69.0000,89.0000
605.5000,315.5000,69.0000,89.0000
605.5000,315.5000,69.0000,89.0000
605.5000,315.5000,69.0000,89.0000
165.5000,587.5000,69.0000,89.0000
605.5000,315.5000,69.0000,89.0000
149.5000,529.5000,69.0000,89.0000
148.5000,529.5000,69.0000,89.0000
149.5000,529.5000,69.0000,89.0000
149.5000,529.5000,69.0000,89.0000
149.5000,529.5000,69.0000,89.0000
605.5000,315.5000,69.0000,89.0000
605.5000,315.5000,69.0000,89.0000
148.5000,529.5000,69.0000,89.0000
605.5000,315.5000,69.0000,89.0000
149.5000,529.5000,69.0000,89.0000
149.5000,529.5000,69.0000,89.0000
605.5000,315.5000,69.0000,89.0000
605.5000,315.5000,69.0000,89.0000
605.5000,315.5000,69.0000,89.0000
605.5000,315.5000,69.0000,89.0000
605.5000,315.5000,69.0000,89.0000
149.5000,529.5000,69.0000,89.0000
605.5000,315.5000,69.0000,89.0000
605.5000,315.5000,69.0000,89.0000
605.5000,315.5000,69.0000,89.0000
605.5000,315.5000,69.0000,89.0000
605.5000,315.5000,69.0000,89.0000
605.5000,315.5000,69.0000,89.0000
605.5000,315.5000,69.0000,89.0000
149.5000,543.5000,69.0000,89.0000
605.5000,315.5000,69.0000,89.0000
605.5000,315.5000,69.0000,89.0000
149.5000,530.5000,69.0000,89.0000
605.5000,315.5000,69.0000,89.0000
605.5000,315.5000,69.0000,89.0000
605.5000,315.5000,69.0000,89.0000
605.5000,315.5000,69.0000,89.0000
605.5000,315.5000,69.0000,89.0000
605.5000,315.5000,69.0000,89.0000
605.5000,315.5000,69.0000,89.0000
605.5000,315.5000,69.0000,89.0000
605.5000,315.5000,69.0000,89.0000
605.5000,315.5000,69.0000,89.0000
605.5000,315.5000,69.0000,89.0000
605.5000,315.5000,69.0000,89.0000
605.5000,315.5000,69.0000,89.0000
605.5000,315.5000,69.0000,89.0000
605.5000,315.5000,69.0000,89.0000
605.5000,315.5000,69.0000,89.0000
605.5000,315.5000,69.0000,89.0000
605.5000,315.5000,69.0000,89.0000
605.5000,315.5000,69.0000,89.0000
165.5000,587.5000,69.0000,89.0000
605.5000,315.5000,69.0000,89.0000
605.5000,315.5000,69.0000,89.0000
165.5000,587.5000,69.0000,89.0000
605.5000,315.5000,69.0000,89.0000
605.5000,315.5000,69.0000,89.0000
165.5000,587.5000,69.0000,89.0000
165.5000,587.5000,69.0000,89.0000
132.5000,558.5000,69.0000,89.0000
165.5000,616.5000,69.0000,89.0000
605.5000,315.5000,69.0000,89.0000
605.5000,315.5000,69.0000,89.0000
605.5000,315.5000,69.0000,89.0000
605.5000,315.5000,69.0000,89.0000
165.5000,616.5000,69.0000,89.0000
605.5000,315.5000,69.0000,89.0000
605.5000,315.5000,69.0000,89.0000
165.5000,616.5000,69.0000,89.0000
165.5000,587.5000,69.0000,89.0000
165.5000,616.5000,69.0000,89.0000
165.5000,587.5000,69.0000,89.0000
605.5000,315.5000,69.0000,89.0000
605.5000,315.5000,69.0000,89.0000
165.5000,616.5000,69.0000,89.0000
165.5000,616.5000,69.0000,89.0000
605.5000,315.5000,69.0000,89.0000
605.5000,315.5000,69.0000,89.0000
165.5000,616.5000,69.0000,89.0000
149.5000,602.5000,69.0000,89.0000
165.5000,616.5000,69.0000,89.0000
165.5000,616.5000,69.0000,89.0000
165.5000,616.5000,69.0000,89.0000
148.5000,543.5000,69.0000,89.0000
165.5000,616.5000,69.0000,89.0000
165.5000,616.5000,69.0000,89.0000
165.5000,616.5000,69.0000,89.0000
605.5000,315.5000,69.0000,89.0000
148.5000,544.5000,69.0000,89.0000
165.5000,616.5000,69.0000,89.0000
165.5000,558.5000,69.0000,89.0000
165.5000,558.5000,69.0000,89.0000
149.5000,529.5000,69.0000,89.0000
605.5000,315.5000,69.0000,89.0000
605.5000,315.5000,69.0000,89.0000
605.5000,315.5000,69.0000,89.0000
165.5000,558.5000,69.0000,89.0000
165.5000,616.5000,69.0000,89.0000
165.5000,616.5000,69.0000,89.0000
605.5000,315.5000,69.0000,89.0000
165.5000,645.5000,69.0000,89.0000
605.5000,315.5000,69.0000,89.0000
605.5000,315.5000,69.0000,89.0000
605.5000,315.5000,69.0000,89.0000
605.5000,315.5000,69.0000,89.0000
605.5000,315.5000,69.0000,89.0000
605.5000,315.5000,69.0000,89.0000
605.5000,315.5000,69.0000,89.0000
605.5000,315.5000,69.0000,89.0000
605.5000,315.5000,69.0000,89.0000
605.5000,315.5000,69.0000,89.0000
605.5000,315.5000,69.0000,89.0000
605.5000,315.5000,69.0000,89.0000
605.5000,315.5000,69.0000,89.0000
605.5000,315.5000,69.0000,89.0000
605.5000,315.5000,69.0000,89.0000
605.5000,315.5000,69.0000,89.0000
605.5000,315.5000,69.0000,89.0000
605.5000,315.5000,69.0000,89.0000
605.5000,315.5000,69.0000,89.0000
605.5000,315.5000,69.0000,89.0000
605.5000,315.5000,69.0000,89.0000
605.5000,315.5000,69.0000,89.0000
605.5000,315.5000,69.0000,89.0000
605.5000,315.5000,69.0000,89.0000
605.5000,315.5000,69.0000,89.0000
605.5000,315.5000,69.0000,89.0000
605.5000,315.5000,69.0000,89.0000
605.5000,315.5000,69.0000,89.0000
605.5000,315.5000,69.0000,89.0000
605.5000,315.5000,69.0000,89.0000
605.5000,315.5000,69.0000,89.0000
605.5000,315.5000,69.0000,89.0000
605.5000,315.5000,69.0000,89.0000
605.5000,315.5000,69.0000,89.0000
605.5000,315.5000,69.0000,89.0000
605.5000,315.5000,69.0000,89.0000
605.5000,315.5000,69.0000,89.0000
181.5000,529.5000,69.0000,89.0000
165.5000,500.5000,69.0000,89.0000
605.5000,315.5000,69.0000,89.0000
605.5000,315.5000,69.0000,89.0000
605.5000,315.5000,69.0000,89.0000
605.5000,315.5000,69.0000,89.0000
605.5000,315.5000,69.0000,89.0000
605.5000,315.5000,69.0000,89.0000
605.5000,315.5000,69.0000,89.0000
605.5000,315.5000,69.0000,89.0000
605.5000,315.5000,69.0000,89.0000
605.5000,315.5000,69.0000,89.0000
605.5000,315.5000,69.0000,89.0000
605.5000,315.5000,69.0000,89.0000
605.5000,315.5000,69.0000,89.0000
605.5000,315.5000,69.0000,89.0000
605.5000,315.5000,69.0000,89.0000
605.5000,315.5000,69.0000,89.0000
605.5000,315.5000,69.0000,89.0000
605.5000,315.5000,69.0000,89.0000
605.5000,315.5000,69.0000,89.0000
605.5000,315.5000,69.0000,89.0000
605.5000,315.5000,69.0000,89.0000
605.5000,315.5000,69.0000,89.0000
605.5000,315.5000,69.0000,89.0000
605.5000,315.5000,69.0000,89.0000
605.5000,315.5000,69.0000,89.0000
605.5000,315.5000,69.0000,89.0000
605.5000,315.5000,69.0000,89.0000
605.5000,315.5000,69.0000,89.0000
605.5000,315.5000,69.0000,89.0000
605.5000,315.5000,69.0000,89.0000
605.5000,315.5000,69.0000,89.0000
605.5000,315.5000,69.0000,89.0000
605.5000,315.5000,69.0000,89.0000
605.5000,315.5000,69.0000,89.0000
605.5000,315.5000,69.0000,89.0000
605.5000,315.5000,69.0000,89.0000
605.5000,315.5000,69.0000,89.0000
605.5000,315.5000,69.0000,89.0000
605.5000,315.5000,69.0000,89.0000
605.5000,315.5000,69.0000,89.0000
605.5000,315.5000,69.0000,89.0000
605.5000,315.5000,69.0000,89.0000
605.5000,315.5000,69.0000,89.0000
605.5000,315.5000,69.0000,89.0000
605.5000,315.5000,69.0000,89.0000
605.5000,315.5000,69.0000,89.0000
605.5000,315.5000,69.0000,89.0000
605.5000,315.5000,69.0000,89.0000
605.5000,315.5000,69.0000,89.0000
605.5000,315.5000,69.0000,89.0000
605.5000,315.5000,69.0000,89.0000
605.5000,315.5000,69.0000,89.0000
605.5000,315.5000,69.0000,89.0000
605.5000,315.5000,69.0000,89.0000
605.5000,315.5000,69.0000,89.0000
605.5000,315.5000,69.0000,89.0000
605.5000,315.5000,69.0000,89.0000
605.5000,315.5000,69.0000,89.0000
605.5000,315.5000,69.0000,89.0000
605.5000,315.5000,69.0000,89.0000
605.5000,315.5000,69.0000,89.0000
605.5000,315.5000,69.0000,89.0000
605.5000,315.5000,69.0000,89.0000
605.5000,315.5000,69.0000,89.0000
605.5000,315.5000,69.0000,89.0000
605.5000,315.5000,69.0000,89.0000
605.5000,315.5000,69.0000,89.0000
605.5000,315.5000,69.0000,89.0000
605.5000,315.5000,69.0000,89.0000
605.5000,315.5000,69.0000,89.0000
605.5000,315.5000,69.0000,89.0000
605.5000,315.5000,69.0000,89.0000
605.5000,315.5000,69.0000,89.0000
605.5000,315.5000,69.0000,89.0000
605.5000,315.5000,69.0000,89.0000
605.5000,315.5000,69.0000,89.0000
605.5000,315.5000,69.0000,89.0000
605.5000,315.5000,69.0000,89.0000
605.5000,315.5000,69.0000,89.0000
605.5000,315.5000,69.0000,89.0000
605.5000,315.5000,69.0000,89.0000
605.5000,315.5000,69.0000,89.0000
605.5000,315.5000,69.0000,89.0000
605.5000,315.5000,69.0000,89.0000
605.5000,315.5000,69.0000,89.0000
605.5000,315.5000,69.0000,89.0000
605.5000,315.5000,69.0000,89.0000
605.5000,315.5000,69.0000,89.0000
605.5000,315.5000,69.0000,89.0000
605.5000,315.5000,69.0000,89.0000
605.5000,315.5000,69.0000,89.0000
605.5000,315.5000,69.0000,89.0000
605.5000,315.5000,69.0000,89.0000
605.5000,315.5000,69.0000,89.0000
605.5000,315.5000,69.0000,89.0000
605.5000,315.5000,69.0000,89.0000
605.5000,315.5000,69.0000,89.0000
605.5000,315.5000,69.0000,89.0000
605.5000,315.5000,69.0000,89.0000
605.5000,315.5000,69.0000,89.0000
605.5000,315.5000,69.0000,89.0000
605.5000,315.5000,69.0000,89.0000
605.5000,315.5000,69.0000,89.0000
605.5000,315.5000,69.0000,89.0000
198.5000,558.5000,69.0000,89.0000
605.5000,315.5000,69.0000,89.0000
605.5000,315.5000,69.0000,89.0000
182.5000,529.5000,69.0000,89.0000
605.5000,315.5000,69.0000,89.0000
605.5000,315.5000,69.0000,89.0000
605.5000,315.5000,69.0000,89.0000
605.5000,315.5000,69.0000,89.0000
605.5000,315.5000,69.0000,89.0000
546.5214,170.0214,54.9573,64.9573
605.5000,315.5000,69.0000,89.0000
165.5000,529.5000,69.0000,89.0000
165.5000,529.5000,69.0000,89.0000
165.5000,529.5000,69.0000,89.0000
165.5000,529.5000,69.0000,89.0000
605.5000,315.5000,69.0000,89.0000
165.5000,529.5000,69.0000,89.0000
165.5000,529.5000,69.0000,89.0000
546.6175,160.1175,65.7650,75.7650
554.7970,174.7970,50.4060,60.4060
544.5501,167.5501,61.8998,71.8998
547.5583,174.5583,55.8834,65.8834
165.5000,529.5000,69.0000,89.0000
549.2002,181.2002,49.5997,59.5997
182.5000,529.5000,69.0000,89.0000
605.5000,315.5000,69.0000,89.0000
182.5000,529.5000,69.0000,89.0000
605.5000,315.5000,69.0000,89.0000
605.5000,315.5000,69.0000,89.0000
182.5000,529.5000,69.0000,89.0000
190.5000,515.5000,69.0000,89.0000
549.2308,184.2308,47.5384,57.5384
182.5000,529.5000,69.0000,89.0000
535.2500,166.7500,78.5000,88.5000
547.0270,167.5270,59.9460,69.9460
165.5000,529.5000,69.0000,89.0000
605.5000,315.5000,69.0000,89.0000
165.5000,529.5000,69.0000,89.0000
165.5000,529.5000,69.0000,89.0000
165.5000,529.5000,69.0000,89.0000
540.2001,163.7001,59.5998,69.5998
537.3958,142.3958,86.2083,96.2083
165.5000,529.5000,69.0000,89.0000
566.6482,154.6482,56.7036,66.7036
149.5000,543.5000,69.0000,89.0000
547.5496,132.0496,60.9008,70.9008
148.5000,529.5000,69.0000,89.0000
132.5000,529.5000,69.0000,89.0000
165.5000,645.5000,69.0000,89.0000
132.5000,500.5000,69.0000,89.0000
116.5000,529.5000,69.0000,89.0000
116.5000,529.5000,69.0000,89.0000
132.5000,529.5000,69.0000,89.0000
535.3788,105.3788,71.2423,81.2423
107.5000,529.5000,69.0000,89.0000
523.5994,95.0994,77.8013,87.8013
530.4457,84.4457,92.1086,102.1086
538.2300,96.7300,59.5400,69.5400
99.5000,529.5000,69.0000,89.0000
99.5000,529.5000,69.0000,89.0000
525.0417,87.5417,80.9166,90.9166
526.4864,88.9864,85.0272,95.0272
520.1902,79.6903,103.6195,113.6195
523.8958,84.3958,95.2083,105.2083
520.9794,89.4794,86.0412,96.0412
519.7938,95.7938,74.4124,84.4124
531.9390,99.4390,58.1220,68.1220
100.5000,529.5000,69.0000,89.0000
100.5000,500.5000,69.0000,89.0000
100.5000,500.5000,69.0000,89.0000
100.5000,500.5000,69.0000,89.0000
100.5000,529.5000,69.0000,89.0000
100.5000,500.5000,69.0000,89.0000
100.5000,529.5000,69.0000,89.0000
100.5000,529.5000,69.0000,89.0000
100.5000,529.5000,69.0000,89.0000
556.6215,110.6215,47.7571,57.7571
540.7823,101.2823,65.4354,75.4354
542.1481,103.6480,67.7039,77.7039
538.9023,102.4023,76.1953,86.1953
530.4856,97.9856,91.0288,101.0288
533.0179,106.5179,65.9643,75.9643
519.9794,104.9794,80.0412,90.0412
541.7500,111.2500,55.5000,65.5000
527.7500,108.7500,70.5000,80.5000
529.7241,108.7241,75.5518,85.5518
538.2299,113.7299,65.5403,75.5403
537.2715,115.7716,63.4569,73.4569
533.7250,113.2250,64.5500,74.5500
115.5000,529.5000,69.0000,89.0000
116.5000,529.5000,69.0000,89.0000
116.5000,529.5000,69.0000,89.0000
116.5000,530.5000,69.0000,89.0000
116.5000,529.5000,69.0000,89.0000
116.5000,529.5000,69.0000,89.0000
116.5000,529.5000,69.0000,89.0000
116.5000,529.5000,69.0000,89.0000
116.5000,529.5000,69.0000,89.0000
558.5876,123.5876,45.8248,55.8248
541.7116,115.7116,60.5768,70.5768
533.9897,116.4898,65.0205,75.0205
531.9176,113.9176,64.1648,74.1648
532.5334,112.5334,71.9333,81.9333
526.2926,106.7926,81.4148,91.4148
547.5753,124.0753,51.8493,61.8493
557.2085,121.7085,43.5830,53.5830
523.8377,111.3377,74.3246,84.3246
116.5000,529.5000,69.0000,89.0000
108.5000,500.5000,69.0000,89.0000
116.5000,529.5000,69.0000,89.0000
116.5000,529.5000,69.0000,89.0000
605.5000,315.5000,69.0000,89.0000
116.5000,529.5000,69.0000,89.0000
605.5000,315.5000,69.0000,89.0000
605.5000,315.5000,69.0000,89.0000
605.5000,315.5000,69.0000,89.0000
605.5000,315.5000,69.0000,89.0000
605.5000,315.5000,69.0000,89.0000
605.5000,315.5000,69.0000,89.0000
149.5000,529.5000,69.0000,89.0000
132.5000,529.5000,69.0000,89.0000
132.5000,558.5000,69.0000,89.0000
132.5000,529.5000,69.0000,89.0000
148.5000,529.5000,69.0000,89.0000
132.5000,529.5000,69.0000,89.0000
132.5000,500.5000,69.0000,89.0000
132.5000,500.5000,69.0000,89.0000
605.5000,315.5000,69.0000,89.0000
605.5000,315.5000,69.0000,89.0000
605.5000,315.5000,69.0000,89.0000
605.5000,315.5000,69.0000,89.0000
605.5000,315.5000,69.0000,89.0000
605.5000,315.5000,69.0000,89.0000
605.5000,315.5000,69.0000,89.0000
605.5000,315.5000,69.0000,89.0000
605.5000,315.5000,69.0000,89.0000
605.5000,315.5000,69.0000,89.0000
605.5000,315.5000,69.0000,89.0000
605.5000,315.5000,69.0000,89.0000
605.5000,315.5000,69.0000,89.0000
605.5000,315.5000,69.0000,89.0000
605.5000,315.5000,69.0000,89.0000
605.5000,315.5000,69.0000,89.0000
605.5000,315.5000,69.0000,89.0000
605.5000,315.5000,69.0000,89.0000
605.5000,315.5000,69.0000,89.0000
605.5000,315.5000,69.0000,89.0000
605.5000,315.5000,69.0000,89.0000
605.5000,315.5000,69.0000,89.0000
148.5000,529.5000,69.0000,89.0000
132.5000,529.5000,69.0000,89.0000
148.5000,529.5000,69.0000,89.0000
132.5000,529.5000,69.0000,89.0000
148.5000,529.5000,69.0000,89.0000
132.5000,529.5000,69.0000,89.0000
132.5000,558.5000,69.0000,89.0000
132.5000,558.5000,69.0000,89.0000
570.4071,129.9071,62.1857,72.1857
132.5000,558.5000,69.0000,89.0000
566.2632,135.2632,53.4737,63.4737
562.2535,137.2535,52.4931,62.4931
547.7853,118.7852,89.4295,99.4295
557.1391,120.6391,88.7218,98.7218
558.2419,133.2419,65.5161,75.5161
550.5631,117.5631,94.8738,104.8738
552.3027,120.8027,91.3946,101.3946
528.9362,111.4362,104.1276,114.1276
536.3639,122.3639,89.2723,99.2723
540.4136,117.9136,93.1728,103.1728
544.6254,125.1253,79.7493,89.7493
527.8723,115.8723,97.2555,107.2555
545.8874,125.8874,81.2253,91.2253
546.2704,125.2704,80.4592,90.4592
546.9490,118.9490,92.1021,102.1021
541.1209,117.6209,91.7582,101.7582
148.5000,543.5000,69.0000,89.0000
148.5000,543.5000,69.0000,89.0000
531.9382,123.9382,82.1235,92.1235
536.7917,131.7917,70.4166,80.4166
141.5000,543.5000,69.0000,89.0000
148.5000,529.5000,69.0000,89.0000
148.5000,543.5000,69.0000,89.0000
148.5000,530.5000,69.0000,89.0000
148.5000,543.5000,69.0000,89.0000
148.5000,543.5000,69.0000,89.0000
555.3153,136.3153,58.3694,68.3694
141.5000,543.5000,69.0000,89.0000
149.5000,529.5000,69.0000,89.0000
542.6270,134.6270,73.7460,83.7460
542.0338,139.0338,65.9325,75.9325
553.1792,144.1792,56.6416,66.6416
535.9086,127.9086,85.1828,95.1828
551.9490,120.9490,92.1021,102.1021
546.9271,129.9271,79.1458,89.1458
538.4554,119.9554,106.0891,116.0891
533.2717,116.2716,112.4567,122.4567
537.9805,119.9804,108.0391,118.0391
539.4745,125.4746,91.0509,101.0509
534.4252,143.4252,67.1497,77.1497
538.0338,142.0338,65.9325,75.9325
551.3829,152.8829,52.2341,62.2341
148.5000,529.5000,69.0000,89.0000
148.5000,529.5000,69.0000,89.0000
526.4830,133.4830,75.0339,85.0339
550.8860,149.3860,47.2279,57.2279
536.9812,135.4812,71.0377,81.0377
148.5000,529.5000,69.0000,89.0000
149.5000,529.5000,69.0000,89.0000
530.5510,139.5510,74.8980,84.8980
544.0729,152.0729,55.8542,65.8542
531.4483,138.9483,84.1034,94.1034
532.8023,138.3023,89.3954,99.3954
534.7500,145.7500,82.5000,92.5000
537.7933,142.2933,86.4134,96.4134
528.6453,137.6453,96.7093,106.7093
532.2551,141.7551,83.4898,93.4898
536.4173,142.4173,79.1654,89.1654
524.4822,138.4821,87.0357,97.0357
165.5000,529.5000,69.0000,89.0000
149.5000,529.5000,69.0000,89.0000
149.5000,529.5000,69.0000,89.0000
574.5000,471.5000,69.0000,89.0000
149.5000,529.5000,69.0000,89.0000
165.5000,529.5000,69.0000,89.0000
574.5000,471.5000,69.0000,89.0000
165.5000,529.5000,69.0000,89.0000
545.5031,163.5031,54.9939,64.9939
523.6593,150.6593,78.6814,88.6814
540.9720,162.4720,59.0561,69.0561
165.5000,529.5000,69.0000,89.0000
539.4880,149.4880,71.0240,81.0240
149.5000,529.5000,69.0000,89.0000
165.5000,529.5000,69.0000,89.0000
165.5000,529.5000,69.0000,89.0000
529.0643,144.0643,89.8715,99.8715
534.8367,147.3367,86.3266,96.3266
528.5742,155.0742,90.8516,100.8516
528.4462,160.4462,89.1077,99.1077
542.0338,187.0338,65.9325,75.9325
524.6467,166.6467,92.7065,102.7065
514.9698,155.4698,107.0603,117.0603
526.6554,164.1554,96.6892,106.6892
514.3444,163.3444,95.3112,105.3112
521.3556,163.8556,85.2888,95.2888
508.6985,158.1985,97.6031,107.6031
519.0092,159.0092,95.9817,105.9817
517.7500,164.7500,82.5000,92.5000
535.8536,180.3536,51.2929,61.2929
181.5000,529.5000,69.0000,89.0000
525.8646,168.3646,81.2707,91.2707
541.4182,174.9182,81.1637,91.1637
524.3367,163.3367,104.3266,114.3266
516.0231,168.5232,101.9537,111.9537
517.6692,167.6692,102.6616,112.6616
508.7221,169.7221,99.5557,109.5557
509.2812,168.2813,104.4375,114.4375
521.7805,179.7805,77.4389,87.4389
526.4235,168.4235,99.1529,109.1529
528.4391,170.4391,96.1218,106.1218
527.6077,170.1077,98.7845,108.7845
534.6092,180.1092,88.7817,98.7817
524.7730,177.7730,91.4539,101.4539
530.8126,177.8126,95.3749,105.3749
198.5000,558.5000,69.0000,89.0000
557.3147,194.3147,64.3706,74.3706
198.5000,529.5000,69.0000,89.0000
198.5000,529.5000,69.0000,89.0000
555.1970,202.1970,54.6060,64.6060
214.5000,544.5000,69.0000,89.0000
605.5000,315.5000,69.0000,89.0000
198.5000,558.5000,69.0000,89.0000
214.5000,529.5000,69.0000,89.0000
605.5000,315.5000,69.0000,89.0000
198.5000,529.5000,69.0000,89.0000
198.5000,529.5000,69.0000,89.0000
214.5000,529.5000,69.0000,89.0000
214.5000,529.5000,69.0000,89.0000
605.5000,315.5000,69.0000,89.0000
222.5000,529.5000,69.0000,89.0000
214.5000,529.5000,69.0000,89.0000
198.5000,529.5000,69.0000,89.0000
197.5000,529.5000,69.0000,89.0000
531.9011,185.4011,78.1978,88.1978
533.6647,188.6647,72.6707,82.6707
205.5000,529.5000,69.0000,89.0000
558.1267,213.6267,43.7466,53.7466
545.6772,188.6772,82.6456,92.6456
206.5000,529.5000,69.0000,89.0000
206.5000,529.5000,69.0000,89.0000
206.5000,529.5000,69.0000,89.0000
206.5000,529.5000,69.0000,89.0000
206.5000,529.5000,69.0000,89.0000
214.5000,529.5000,69.0000,89.0000
223.5000,529.5000,69.0000,89.0000
214.5000,529.5000,69.0000,89.0000
206.5000,529.5000,69.0000,89.0000
214.5000,529.5000,69.0000,89.0000
605.5000,315.5000,69.0000,89.0000
214.5000,529.5000,69.0000,89.0000
230.5000,529.5000,69.0000,89.0000
605.5000,315.5000,69.0000,89.0000
605.5000,315.5000,69.0000,89.0000
222.5000,529.5000,69.0000,89.0000
605.5000,315.5000,69.0000,89.0000
605.5000,315.5000,69.0000,89.0000
605.5000,315.5000,69.0000,89.0000
230.5000,558.5000,69.0000,89.0000
230.5000,558.5000,69.0000,89.0000
552.8215,205.8215,90.3570,100.3570
558.6254,213.1255,68.7491,78.7491
551.4514,215.9514,64.0973,74.0973
557.1298,209.1298,76.7404,86.7404
553.2895,200.2895,91.4210,101.4210
559.0327,214.0326,68.9347,78.9347
556.1756,205.6756,86.6488,96.6488
555.0781,204.5781,84.8438,94.8438
558.2936,229.7936,57.4129,67.4129
230.5000,529.5000,69.0000,89.0000
230.5000,529.5000,69.0000,89.0000
230.5000,529.5000,69.0000,89.0000
231.5000,529.5000,69.0000,89.0000
231.5000,529.5000,69.0000,89.0000
547.6788,228.6788,62.6425,72.6425
544.4938,227.9939,65.0123,75.0123
230.5000,529.5000,69.0000,89.0000
231.5000,529.5000,69.0000,89.0000
231.5000,529.5000,69.0000,89.0000
551.6254,227.1255,68.7491,78.7491
551.2581,230.2581,65.4839,75.4839
552.4251,210.9251,87.1498,97.1498
554.4482,207.4482,90.1035,100.1035
556.7738,211.7738,76.4524,86.4524
544.7167,205.7167,94.5666,104.5666
549.5844,205.0844,98.8312,108.8312
539.6545,203.6545,102.6909,112.6909
539.1629,199.6629,110.6741,120.6741
535.5319,200.5319,106.9362,116.9362
543.8041,201.3041,108.3918,118.3918
543.3629,203.8629,95.2742,105.2742
533.2219,195.7219,114.5562,124.5562
531.8536,198.3536,121.2929,131.2929
534.2611,192.7611,124.4778,134.4778
536.0865,196.0865,121.8270,131.8270
535.3236,198.3236,119.3528,129.3528
536.0914,199.5914,115.8173,125.8173
528.1609,200.1609,116.6782,126.6782
532.0911,197.5911,118.8178,128.8179
532.3251,195.8251,119.3499,129.3499
531.7434,201.2434,110.5132,120.5132
529.0970,201.0970,109.8060,119.8060
532.8073,196.3073,117.3855,127.3855
532.8919,201.3919,109.2161,119.2161
532.2188,205.7188,110.5625,120.5625
529.9078,204.9078,109.1843,119.1843
534.7928,207.2928,110.4144,120.4144
537.3041,207.8041,108.3918,118.3918
539.6587,215.1587,101.6826,111.6826
537.9129,217.9129,99.1742,109.1742
542.1548,220.6548,93.6904,103.6904
534.9269,213.9269,102.1461,112.1461
542.4251,225.4251,87.1498,97.1498
539.2054,222.7054,90.5892,100.5892
528.7353,213.7353,102.5294,112.5294
529.5060,221.0060,106.9879,116.9879
528.2922,212.7922,117.4156,127.4156
528.2188,210.7188,122.5625,132.5625
531.2088,206.2088,125.5824,135.5824
536.1024,209.6024,116.7952,126.7952
539.4387,207.9387,117.1226,127.1226
537.7400,209.7400,115.5201,125.5201
534.4066,217.9066,110.1869,120.1869
532.0760,218.5760,110.8479,120.8479
530.6711,216.6711,110.6577,120.6577
523.2028,219.2028,112.5945,122.5945
531.6850,218.1850,107.6300,117.6300
525.3859,210.3859,122.2283,132.2283
526.9271,208.4271,121.1458,131.1458
528.6777,208.6777,123.6445,133.6445
531.4066,213.9065,122.1869,132.1870
525.3439,211.3438,124.3123,134.3123
521.0125,214.0124,124.9751,134.9751
520.3147,215.8147,121.3706,131.3706
524.7307,215.2307,118.5387,128.5387
526.7608,212.7608,121.4784,131.4784
523.5629,211.0629,124.8742,134.8742
521.2656,213.7656,122.4687,132.4688
517.5701,215.5701,120.8597,130.8597
519.1798,213.6798,123.6403,133.6403
520.0175,212.0175,123.9651,133.9651
522.5007,215.5007,124.9986,134.9986
522.5492,214.5492,125.9016,135.9016
532.8483,222.8483,111.3033,121.3033
530.2005,218.2005,116.5990,126.5990
525.2759,214.7759,121.4483,131.4483
525.2292,209.7292,124.5417,134.5417
522.8395,208.8395,127.3211,137.3211
528.7843,208.7843,127.4314,137.4314
527.2443,214.2442,121.5115,131.5115
527.8406,211.3406,121.3188,131.3188
531.6965,215.1965,118.6071,128.6071
535.0837,216.0837,115.8326,125.8326
533.1134,221.6134,108.7731,118.7731
531.4470,218.9469,111.1061,121.1061
537.0912,218.0912,111.8175,121.8175
533.9816,218.4816,106.0367,116.0367
540.7258,225.7258,96.5484,106.5484
533.8174,226.3174,99.3652,109.3652
537.1947,229.6947,95.6106,105.6106
538.7262,227.2262,97.5476,107.5476
539.0439,229.5440,89.9121,99.9121
532.2577,224.7577,99.4846,109.4846
528.3955,224.8955,102.2089,112.2089
529.5719,223.5719,104.8562,114.8562
533.7396,224.7396,106.5208,116.5208
531.7784,221.7784,111.4432,121.4432
534.9515,225.4515,95.0970,105.0970
534.8948,223.3949,98.2103,108.2103
531.3791,222.8791,99.2418,109.2418
532.9714,226.9715,87.0571,97.0571
528.1369,220.6369,98.7262,108.7262
530.3502,220.8502,94.2997,104.2997
530.8209,226.3208,87.3583,97.3583
538.0975,236.0975,65.8050,75.8050
532.7959,221.2959,94.4083,104.4083
535.3126,223.8126,88.3749,98.3749
533.3531,226.3531,85.2937,95.2937
552.0000,252.0000,43.0000,53.0000
246.5000,529.5000,69.0000,89.0000
540.3278,239.3278,63.3444,73.3444
246.5000,529.5000,69.0000,89.0000
239.5000,529.5000,69.0000,89.0000
238.5000,529.5000,69.0000,89.0000
239.5000,529.5000,69.0000,89.0000
545.4103,239.9103,56.1795,66.1795
543.0975,233.0975,65.8050,75.8050
544.9827,235.4827,67.0346,77.0346
553.7709,245.7709,46.4583,56.4583
239.5000,529.5000,69.0000,89.0000
239.5000,529.5000,69.0000,89.0000
239.5000,529.5000,69.0000,89.0000
239.5000,529.5000,69.0000,89.0000
239.5000,529.5000,69.0000,89.0000
239.5000,529.5000,69.0000,89.0000
239.5000,529.5000,69.0000,89.0000
546.6722,244.1723,50.6555,60.6555
246.5000,529.5000,69.0000,89.0000
246.5000,529.5000,69.0000,89.0000
536.1630,233.1630,72.6739,82.6739
536.2770,235.7771,71.4459,81.4459
542.2188,237.7188,62.5624,72.5624
246.5000,529.5000,69.0000,89.0000
551.9393,251.4393,54.1214,64.1214
547.0221,244.5221,76.9559,86.9559
247.5000,529.5000,69.0000,89.0000
247.5000,529.5000,69.0000,89.0000
263.5000,529.5000,69.0000,89.0000
605.5000,315.5000,69.0000,89.0000
605.5000,315.5000,69.0000,89.0000
605.5000,315.5000,69.0000,89.0000
605.5000,315.5000,69.0000,89.0000
605.5000,315.5000,69.0000,89.0000
605.5000,315.5000,69.0000,89.0000
605.5000,315.5000,69.0000,89.0000
605.5000,315.5000,69.0000,89.0000
605.5000,315.5000,69.0000,89.0000
605.5000,315.5000,69.0000,89.0000
605.5000,315.5000,69.0000,89.0000
605.5000,315.5000,69.0000,89.0000
605.5000,315.5000,69.0000,89.0000
605.5000,315.5000,69.0000,89.0000
605.5000,315.5000,69.0000,89.0000
605.5000,315.5000,69.0000,89.0000
255.5000,529.5000,69.0000,89.0000
255.5000,515.5000,69.0000,89.0000
239.5000,529.5000,69.0000,89.0000
247.5000,529.5000,69.0000,89.0000
247.5000,529.5000,69.0000,89.0000
239.5000,529.5000,69.0000,89.0000
255.5000,515.5000,69.0000,89.0000
247.5000,529.5000,69.0000,89.0000
247.5000,529.5000,69.0000,89.0000
247.5000,529.5000,69.0000,89.0000
246.5000,529.5000,69.0000,89.0000
247.5000,529.5000,69.0000,89.0000
246.5000,529.5000,69.0000,89.0000
247.5000,529.5000,69.0000,89.0000
247.5000,529.5000,69.0000,89.0000
535.8205,248.8205,66.3591,76.3591
537.8873,244.8873,71.2253,81.2253
247.5000,529.5000,69.0000,89.0000
542.6521,245.1521,62.6957,72.6957
247.5000,529.5000,69.0000,89.0000
541.3257,251.3257,77.3486,87.3486
247.5000,529.5000,69.0000,89.0000
539.3819,244.8819,91.2362,101.2362
541.6257,254.1257,56.7486,66.7486
247.5000,529.5000,69.0000,89.0000
542.2529,255.2528,56.4943,66.4943
247.5000,529.5000,69.0000,89.0000
247.5000,529.5000,69.0000,89.0000
527.6916,247.1916,81.6169,91.6169
532.4703,241.9703,87.0595,97.0595
532.5203,240.5202,86.9595,96.9595
543.0179,249.0179,65.9643,75.9643
247.5000,529.5000,69.0000,89.0000
272.5000,529.5000,69.0000,89.0000
279.5000,529.5000,69.0000,89.0000
272.5000,529.5000,69.0000,89.0000
272.5000,529.5000,69.0000,89.0000
271.5000,529.5000,69.0000,89.0000
279.5000,529.5000,69.0000,89.0000
605.5000,315.5000,69.0000,89.0000
272.5000,529.5000,69.0000,89.0000
605.5000,315.5000,69.0000,89.0000
605.5000,315.5000,69.0000,89.0000
605.5000,315.5000,69.0000,89.0000
605.5000,315.5000,69.0000,89.0000
605.5000,315.5000,69.0000,89.0000
605.5000,315.5000,69.0000,89.0000
605.5000,315.5000,69.0000,89.0000
605.5000,315.5000,69.0000,89.0000
605.5000,315.5000,69.0000,89.0000
605.5000,315.5000,69.0000,89.0000
605.5000,315.5000,69.0000,89.0000
605.5000,315.5000,69.0000,89.0000
605.5000,315.5000,69.0000,89.0000
605.5000,315.5000,69.0000,89.0000
255.5000,529.5000,69.0000,89.0000
271.5000,529.5000,69.0000,89.0000
279.5000,529.5000,69.0000,89.0000
279.5000,529.5000,69.0000,89.0000
279.5000,529.5000,69.0000,89.0000
279.5000,529.5000,69.0000,89.0000
540.7523,271.7523,61.4954,71.4954
279.5000,529.5000,69.0000,89.0000
279.5000,529.5000,69.0000,89.0000
551.5043,279.5043,48.9914,58.9914
279.5000,529.5000,69.0000,89.0000
279.5000,529.5000,69.0000,89.0000
279.5000,529.5000,69.0000,89.0000
279.5000,529.5000,69.0000,89.0000
280.5000,529.5000,69.0000,89.0000
288.5000,529.5000,69.0000,89.0000
288.5000,529.5000,69.0000,89.0000
280.5000,529.5000,69.0000,89.0000
541.9176,278.4176,64.1648,74.1648
279.5000,529.5000,69.0000,89.0000
553.0239,287.0239,44.9523,54.9523
279.5000,529.5000,69.0000,89.0000
539.4512,273.9511,69.0977,79.0977
279.5000,529.5000,69.0000,89.0000
553.9333,285.4334,41.1333,51.1333
536.7172,273.2171,72.5657,82.5657
531.3528,272.3528,73.2943,83.2943
279.5000,529.5000,69.0000,89.0000
279.5000,529.5000,69.0000,89.0000
280.5000,529.5000,69.0000,89.0000
280.5000,529.5000,69.0000,89.0000
280.5000,529.5000,69.0000,89.0000
280.5000,529.5000,69.0000,89.0000
537.2535,292.2535,52.4931,62.4931
534.6304,289.1304,60.7393,70.7393
523.5448,285.0448,74.9104,84.9104
526.4197,286.4197,71.1606,81.1606
280.5000,529.5000,69.0000,89.0000
516.7125,274.2125,84.5749,94.5749
521.8887,274.8887,90.2225,100.2225
532.9950,283.4950,72.0100,82.0100
520.2964,268.7964,104.4071,114.4071
520.9757,270.4757,109.0486,119.0486
526.4266,274.9266,100.1468,110.1468
524.6857,275.6857,101.6286,111.6286
527.4437,276.4438,90.1125,100.1125
532.3264,284.8264,75.3473,85.3473
527.6223,275.6223,97.7554,107.7554
526.9763,273.9763,103.0474,113.0474
529.1847,275.6847,99.6306,109.6306
532.9770,274.4770,97.0460,107.0460
531.1757,285.1757,81.6487,91.6487
531.3578,283.3578,88.2843,98.2843
531.0692,288.5692,76.8615,86.8615
532.7858,283.7857,90.4285,100.4285
530.0505,285.0505,88.8990,98.8990
530.9125,286.9125,83.1749,93.1749
525.2037,284.7037,88.5925,98.5925
528.2194,286.7194,83.5612,93.5612
523.4391,280.4391,95.1218,105.1218
530.1948,279.1949,94.6103,104.6103
530.0105,282.0105,87.9790,97.9790
531.0331,290.5331,77.9339,87.9339
533.1527,281.1527,93.6946,103.6946
530.2955,284.2955,89.4090,99.4090
534.6932,285.1932,89.6135,99.6135
532.8056,284.8056,88.3888,98.3888
533.9338,282.4338,92.1325,102.1325
529.6445,286.6445,89.7110,99.7110
533.8000,287.3000,84.3999,94.3999
528.9604,282.9604,96.0792,106.0792
530.8726,291.3726,80.2548,90.2548
528.4808,291.4808,80.0384,90.0384
530.7589,291.2589,76.4821,86.4821
531.8622,291.3622,82.2755,92.2755
530.7593,291.7593,81.4814,91.4814
531.5585,288.0586,88.8829,98.8829
532.7222,294.2222,70.5555,80.5555
528.8254,290.8254,83.3493,93.3493
530.4899,286.9899,90.0203,100.0203
529.2857,282.7857,97.4285,107.4285
531.6413,281.6413,96.7174,106.7174
530.3353,287.3353,92.3295,102.3295
530.9860,290.9860,79.0281,89.0281
530.1629,289.6629,87.6742,97.6742
531.9069,295.9069,74.1863,84.1863
526.3312,288.8313,91.3375,101.3375
528.4308,296.4308,76.1383,86.1383
529.8474,284.3474,97.3053,107.3053
526.3074,286.3073,94.3853,104.3853
530.4597,283.9597,98.0807,108.0807
529.5957,286.5957,95.8086,105.8086
526.4266,285.9266,100.1468,110.1468
524.2857,288.7857,97.4285,107.4285
524.8389,290.8388,96.3223,106.3223
524.5556,288.5556,101.8888,111.8888
523.9584,287.4584,102.0833,112.0833
523.3135,291.3135,101.3730,111.3730
529.9382,296.9382,86.1236,96.1236
525.7056,303.2056,79.5888,89.5888
524.4426,291.9426,103.1149,113.1149
528.0405,292.5404,100.9191,110.9191
532.3962,296.8962,94.2076,104.2076
529.1408,298.6408,90.7183,100.7183
526.2537,294.2537,101.4925,111.4925
520.5096,302.5096,92.9808,102.9808
519.4584,295.4583,105.0833,115.0833
524.5096,302.5096,92.9808,102.9808
517.7149,295.7149,107.5702,117.5702
512.7095,295.7095,108.5810,118.5810
508.7348,297.2348,108.5304,118.5304
508.8620,295.8620,110.2760,120.2760
513.6501,296.1501,109.6997,119.6997
512.9070,291.4070,113.1861,123.1861
513.6171,291.1171,111.7658,121.7658
515.4884,291.4884,110.0232,120.0232
511.7938,289.7938,114.4125,124.4125
515.6826,291.6826,109.6349,119.6349
517.2965,290.7965,112.4070,122.4070
513.9722,288.9722,111.0555,121.0555
513.0707,290.5707,114.8586,124.8586
521.1647,287.6647,116.6706,126.6706
524.8260,290.3260,118.3481,128.3481
523.7483,296.2483,107.5034,117.5034
530.4965,297.4965,106.0070,116.0070
527.4589,295.9590,106.0821,116.0821
529.9108,298.4108,101.1783,111.1783
530.2661,302.2661,100.4678,110.4678
530.2827,298.2826,103.4348,113.4348
531.9474,297.9474,101.1052,111.1052
534.5942,304.0941,94.8117,104.8117
535.2979,312.2979,81.4042,91.4042
535.8948,305.3949,98.2103,108.2103
526.7066,299.7066,93.5868,103.5868
527.6365,295.6366,100.7269,110.7269
528.5096,297.5096,92.9808,102.9808
532.3384,298.3384,85.3232,95.3232
535.7046,301.2046,67.5908,77.5908
312.5000,529.5000,69.0000,89.0000
526.8810,294.8810,89.2380,99.2380
528.3962,289.8962,94.2076,104.2076
525.8146,292.8145,97.3709,107.3709
529.9520,303.4520,80.0961,90.0961
528.7056,305.2056,79.5888,89.5888
527.9971,305.9971,77.0059,87.0059
537.1699,313.6699,62.6603,72.6603
545.6365,316.1365,46.7270,56.7270
