0.350444
0.033513
0.032071
0.047974
0.047038
0.047784
0.046684
0.047880
0.046627
0.047425
0.047122
0.048856
0.045158
0.046313
0.031788
0.049219
0.045599
0.032159
0.033502
0.051681
0.045323
0.041403
0.041316
0.041402
0.052768
0.045698
0.042129
0.035332
0.032385
0.033204
0.032721
0.022224
0.035390
0.027560
0.040526
0.028422
0.038642
0.037823
0.038448
0.021013
0.029266
0.038131
0.036456
0.032664
0.039976
0.026749
0.016970
0.024360
0.018270
0.018168
0.020070
0.022576
0.022424
0.022385
0.031703
0.022175
0.028757
0.028685
0.025592
0.033162
0.022542
0.035089
0.030253
0.030141
0.031257
0.031002
0.030043
0.032539
0.034390
0.030249
0.030060
0.032187
0.030960
0.030059
0.027417
0.021161
0.024589
0.025806
0.034926
0.027757
0.025706
0.022043
0.049682
0.034554
0.030256
0.034908
0.026188
0.033857
0.034465
0.039018
0.024380
0.034103
0.024533
0.027834
0.027559
0.025847
0.029328
0.030921
0.029610
0.032634
0.030758
0.031861
0.031523
0.031525
0.031568
0.031627
0.029153
0.036267
0.032127
0.032473
0.034577
0.039516
0.054996
0.037022
0.042078
0.042179
0.046110
0.035187
0.038997
0.049987
0.050158
0.056542
0.033774
0.049021
0.041092
0.017630
0.022796
0.021678
0.024862
0.030872
0.039978
0.031800
0.045910
0.052777
0.044611
0.035983
0.053826
0.027969
0.031462
0.042244
0.028950
0.038857
0.055819
0.028081
0.032030
0.037349
0.039953
0.039372
0.029067
0.025975
0.027105
0.028020
0.037501
0.032035
0.025968
0.037381
0.030536
0.035119
0.027587
0.025208
0.026899
0.017462
0.039471
0.024688
0.022255
0.035400
0.034722
0.037182
0.034923
0.036127
0.039807
0.043289
0.035467
0.030500
0.026129
0.027871
0.035556
0.031157
0.034419
0.040516
0.041111
0.029516
0.028435
0.025597
0.020151
0.022090
0.022345
0.022126
0.022095
0.021657
0.023628
0.033913
0.039913
0.045510
0.044994
0.046458
0.041993
0.041801
0.043511
0.025373
0.025770
0.025711
0.028027
0.026413
0.028002
0.044510
0.041601
0.041169
0.048168
0.046226
0.047755
0.047776
0.047559
0.041946
0.038786
0.044458
0.045754
0.033268
0.032398
0.034187
0.034375
0.033070
0.032695
0.035547
0.049084
0.040312
0.036195
0.035358
0.033694
0.038476
0.034604
0.036275
0.038717
0.034147
0.052758
0.042490
0.034711
0.036558
0.045816
0.036230
0.026833
0.025169
0.029292
0.036462
0.028105
0.031168
0.032419
0.047359
0.039875
0.038290
0.035805
0.037341
0.040481
0.044602
0.037442
0.038521
0.045978
0.042957
0.035536
0.037069
0.035615
0.035641
0.033319
0.036000
0.032703
0.032534
0.043378
0.038224
0.039879
0.029261
0.021659
0.020727
0.016909
0.041538
0.029190
0.029895
0.034250
0.032899
0.036900
0.039705
0.035913
0.036413
0.033555
0.040945
0.035657
0.042120
0.041607
0.043550
0.040999
0.038717
0.048368
0.039780
0.042913
0.038366
0.045888
0.038654
0.038375
0.029052
0.038438
0.042256
0.040003
0.042856
0.040417
0.042376
0.040273
0.044759
0.040899
0.043668
0.055506
0.055772
0.040904
0.040389
0.044517
0.044899
0.042226
0.031778
0.032387
0.034352
0.040688
0.042138
0.043977
0.038708
0.035350
0.038000
0.041318
0.023559
0.045446
0.039808
0.036504
0.033037
0.035619
0.034547
0.032350
0.033533
0.032087
0.029860
0.027685
0.025085
0.029546
0.031949
0.018180
0.021319
0.025326
0.031852
0.030703
0.070084
0.034859
0.032554
0.030079
0.045772
0.030257
0.030364
0.056046
0.027856
0.025615
0.040151
0.031195
0.028070
0.027678
0.038738
0.034916
0.034637
0.030728
0.030586
0.032527
0.036136
0.031736
0.053719
0.037207
0.054136
0.032347
0.031577
0.029489
0.034161
0.028561
0.028544
0.029006
0.038585
0.028273
0.028026
0.031599
0.029947
0.033099
0.030081
0.038733
0.025950
0.032820
0.026112
0.026825
0.029816
0.029040
0.043942
0.032873
0.028444
0.028194
0.030610
0.029094
0.027680
0.031446
0.033484
0.033578
0.031895
0.033001
0.029391
0.031403
0.044853
0.041725
0.058967
0.066371
0.030463
0.045509
0.058933
0.035377
0.057312
0.053389
0.043551
0.039681
0.061367
0.056132
0.035843
0.033962
0.051191
0.081475
0.052447
0.065376
0.045233
0.059527
0.054123
0.038794
0.049327
0.074522
0.040047
0.039541
0.027418
0.031106
0.036144
0.067189
0.023277
0.025110
0.030484
0.028121
0.031533
0.037287
0.063390
0.042518
0.033322
0.033544
0.024375
0.034941
0.035121
0.034683
0.035465
0.036263
0.040881
0.040876
0.053174
0.040244
0.019165
0.032928
0.033359
0.024254
0.024454
0.019905
0.026594
0.026416
0.028397
0.023864
0.028693
0.034921
0.042291
0.034266
0.031718
0.031008
0.034677
0.038647
0.049865
0.032996
0.031777
0.033124
0.030452
0.030635
0.033563
0.032991
0.031474
0.031374
0.031535
0.030574
0.022238
0.014067
0.016391
0.031483
0.030054
0.033276
0.028030
0.029140
0.031955
0.040653
0.030040
0.042241
0.046023
0.030677
0.028146
0.028119
0.029516
0.028752
0.029556
0.030133
0.027927
0.029021
0.030224
0.028371
0.032508
0.029649
0.028063
0.031319
0.028188
0.040929
0.028325
0.028330
0.028551
0.030562
0.031726
0.030771
0.029383
0.030710
0.034435
0.031106
0.031023
0.032006
0.032501
0.030864
0.030454
0.034815
0.030830
0.030519
0.033381
0.034280
0.031240
0.030463
0.030352
0.030261
0.031080
0.030690
0.030711
0.034170
0.030807
0.032115
0.032052
0.030868
0.030481
0.016854
0.018553
0.019664
0.015100
0.020000
0.017329
0.035743
0.017555
0.019943
0.017502
0.021021
0.024277
0.020745
0.018796
0.029981
0.026498
0.032814
0.026745
0.021891
0.033054
0.022870
0.023301
0.029891
0.039406
0.022306
0.024562
0.035388
0.021771
0.022804
0.028053
0.023242
0.027537
0.027163
0.045145
0.023952
0.023705
0.025337
0.026425
0.025361
0.027464
0.026900
0.028849
0.052620
0.027505
0.026397
0.026829
0.052540
0.042194
0.039444
0.038785
0.039933
0.040085
0.063730
0.046079
0.036896
0.038110
0.035767
0.030526
0.020962
0.039343
0.022834
0.020490
0.030309
0.032524
0.026659
0.025130
0.023949
0.023875
0.023303
0.026090
0.024266
0.023611
0.027402
0.024980
0.024961
0.029224
0.024149
0.026496
0.030119
0.029948
0.025465
0.035260
0.026917
0.026628
0.044645
0.026413
0.028695
0.035528
0.028525
0.028496
0.028524
0.032876
0.028881
0.029010
0.034009
0.028944
0.043046
0.030704
0.032687
0.028949
0.028954
0.032121
0.028791
0.030066
0.030260
0.031251
0.027972
0.030994
0.030301
0.029912
0.026273
0.016653
0.020268
0.028032
0.027748
0.027035
0.030072
0.024158
0.028098
0.029058
0.030251
0.032652
0.023010
0.028750
0.028958
0.031415
0.026389
0.035945
0.031085
0.031571
0.033022
0.032818
0.035491
0.032629
0.033488
0.034408
0.033935
0.033671
0.034426
0.037745
0.034572
0.034712
0.033838
0.039249
0.035020
0.037064
0.035566
0.039228
0.035378
0.035202
0.038087
0.034897
0.034123
0.033664
0.042207
0.028030
0.036542
0.037182
0.034267
0.033606
0.048360
0.033867
0.037654
0.034395
0.037788
0.052403
0.052357
0.054706
0.046611
0.034509
0.034826
0.034443
0.035107
0.036169
0.024683
0.023666
0.025175
0.024157
0.033731
0.034604
0.034849
0.042987
0.036976
0.035722
0.036557
0.041098
0.049204
0.049975
0.043988
0.044082
0.042058
0.038857
0.045913
0.058829
0.036979
0.043410
0.039460
0.037376
0.037990
0.038281
0.039133
0.041656
0.042335
0.039023
0.041523
0.041097
0.043688
0.044932
0.042081
0.045556
0.044488
0.044685
0.045312
0.044150
0.047825
0.030444
0.030536
0.044276
0.046398
0.049358
0.048154
0.053455
0.044339
0.047192
0.032933
0.035207
0.054088
0.044966
0.049850
0.048819
0.051284
0.050701
0.046544
0.047989
0.053052
0.054965
0.053641
0.051462
0.044635
0.030818
0.044064
0.050019
0.044445
0.047910
0.044569
0.039862
0.040253
0.038542
0.040531
0.039369
0.059283
0.050076
0.045742
0.031615
0.030808
0.035080
0.033173
0.032624
0.034357
0.030964
0.030489
0.051720
0.054924
0.029891
0.026019
0.035402
0.047650
0.029422
0.042937
0.041537
0.047000
0.040348
0.041520
0.040771
0.045534
0.040631
0.039933
0.040130
0.046256
0.031848
0.040512
0.042352
0.043734
0.040483
0.040292
0.044648
0.040166
0.042810
0.040228
0.055973
0.048712
0.046843
0.055550
0.051292
0.044102
0.045247
0.042212
0.031663
0.044185
0.028969
0.034393
0.045432
0.050211
0.042042
0.043520
0.041810
0.037602
0.041244
0.020378
0.034921
0.033602
0.040600
0.040138
0.037258
0.041107
0.045403
0.040982
0.038335
0.056658
0.038283
0.040181
0.039952
0.039289
0.040539
0.038187
0.037592
0.040754
0.037287
0.043205
0.046450
0.042714
0.046722
0.042489
0.045257
0.038004
0.037355
0.038069
0.037456
0.037343
0.048586
0.052763
0.039979
0.045368
0.040774
0.044271
0.040698
0.042289
0.041366
0.050255
0.043172
0.063128
0.042948
0.046163
0.042152
0.041666
0.040292
0.042978
0.044469
0.043270
0.041961
0.042408
0.049207
0.036412
0.024316
0.043102
0.046848
0.028275
0.031109
0.028523
0.040313
0.032139
0.028198
0.028696
0.027579
0.024681
0.025995
0.037289
0.041630
0.035824
0.035181
0.029042
0.034092
0.047616
0.026569
0.030464
0.045772
0.046926
0.049150
0.056912
0.042030
0.043418
0.030826
0.030995
0.033008
0.042097
0.028236
0.020026
0.026205
0.021856
0.022696
0.040062
0.040193
0.044592
0.037710
0.034945
0.023231
0.023103
0.020960
0.021785
0.020066
0.032279
0.024083
0.024120
0.042755
0.024867
0.024886
0.027815
0.025066
0.030021
0.025283
0.026173
0.030093
0.046292
0.044556
0.031686
0.024336
0.026398
0.027856
0.025405
0.027747
0.058129
0.031209
0.031188
0.025048
0.029216
0.045643
0.027893
0.029136
0.030038
0.045392
0.027827
0.027375
0.030040
0.027415
0.026733
0.034099
0.046621
0.064365
0.049659
0.047086
0.029754
0.030143
0.065169
0.049829
0.050381
0.032486
0.022099
0.047413
0.028555
0.051092
0.030421
0.028392
0.029731
0.029065
0.038716
0.090837
0.028343
0.030461
0.030779
0.034272
0.028127
0.044403
0.030553
0.022773
0.025739
0.028553
0.031764
0.026382
0.031194
0.028332
0.027589
0.040112
0.028460
0.031444
0.028549
0.039464
0.030484
0.029405
0.028851
0.028122
0.028414
0.033498
0.028983
0.030215
0.033677
0.030790
0.032148
0.030221
0.050196
0.041385
0.030718
0.021402
0.037362
0.025581
0.024199
0.023893
0.023332
0.026949
0.026710
0.027650
0.030625
0.028853
0.027893
0.033474
0.028171
0.028058
0.029333
0.027126
0.031067
0.033839
0.028202
0.031772
0.033999
0.036660
0.032822
0.037582
0.044220
0.026728
0.027480
0.030166
0.046137
0.031764
0.034581
0.032160
0.030440
0.036534
0.020930
0.030302
0.032650
0.043619
0.034132
0.043015
0.034114
0.034669
0.035329
0.040115
0.029747
0.034164
0.046744
0.035703
0.034230
0.037291
0.026316
0.023705
0.023745
0.036475
0.024593
0.022978
0.019149
0.018781
0.018745
0.018328
0.019508
0.026704
0.026187
0.018148
0.018704
0.018704
0.031191
0.027499
0.019911
0.033553
0.028146
0.021147
0.019846
0.018151
0.020985
0.021853
0.022321
0.044473
0.039495
0.022817
0.038181
0.033693
0.033788
0.026021
0.043290
0.024044
0.022946
0.032643
0.023349
0.049571
0.040317
0.022800
0.032547
0.047408
0.025079
0.022398
0.036175
0.034957
0.031017
0.036422
0.024337
0.034588
0.030455
0.024574
0.025023
0.038861
0.027914
0.024665
0.024475
0.025688
0.023932
0.027454
0.042487
0.042218
0.024047
0.025149
0.024056
0.023731
0.027551
0.044452
0.024075
0.023793
0.032692
0.027727
0.029457
0.044384
0.032399
0.031008
0.030540
0.028958
0.045063
0.031889
0.029355
0.028992
0.028832
0.029056
0.038635
0.022799
0.022403
0.033818
0.021264
0.023520
0.023250
0.038508
0.022318
0.034127
0.022814
0.024986
0.050277
0.022857
0.028810
0.023861
0.037154
0.026875
0.023383
0.024998
0.015506
0.016360
0.021997
0.031301
0.019591
0.019192
0.023524
0.021305
0.032297
0.031473
0.031683
0.030529
0.029907
0.031243
0.033041
0.050285
0.034808
0.030656
0.031168
0.020945
0.020501
0.020460
0.020391
0.022937
0.026995
0.025658
0.025702
0.026802
0.027876
0.033733
0.035941
0.026340
0.028217
0.026480
0.026462
0.029114
0.026355
0.041003
0.036943
0.024012
0.028868
0.026730
0.024192
0.034801
0.034566
0.025838
0.026524
0.032323
0.024276
0.025481
0.024483
0.033374
0.024361
0.026941
0.041901
0.025431
0.025421
0.026721
0.025965
0.025060
0.026510
0.025692
0.028733
0.025248
0.025025
0.055987
0.025345
0.024860
0.037059
0.038411
0.039092
0.038422
0.038213
0.039394
0.043916
0.039948
0.041118
0.031810
0.034205
0.030551
0.030551
0.033046
0.043982
0.023629
0.022904
0.038174
0.036045
0.026983
0.041378
0.040188
0.026756
0.033257
0.028744
0.040601
0.038623
0.040157
0.040239
0.043079
0.040733
0.028476
0.029568
0.042968
0.046432
0.035027
0.033899
0.031881
0.033353
0.032367
0.047906
0.045134
0.029037
0.029917
0.044446
0.041073
0.044460
0.043424
0.048646
0.043367
0.042753
0.044144
0.042541
0.030239
0.031533
0.042757
0.026083
0.028428
0.026988
0.028848
0.039087
0.039563
0.042253
0.038727
0.038942
0.039684
0.037628
0.034087
0.040226
0.023133
0.025934
0.033688
0.020690
0.032615
0.021233
0.030798
0.021559
0.026639
0.031560
0.025748
0.037382
0.028644
0.040776
0.031948
0.034036
0.030773
0.021828
0.035085
0.027605
0.027316
0.026852
0.023945
0.030288
0.036968
0.062697
0.055123
0.043504
0.047822
0.033844
0.050979
0.034381
0.029598
0.043815
0.030321
0.020399
0.026303
0.043669
0.031327
0.037397
0.024793
0.040632
0.035603
0.024830
0.027513
0.036826
0.041707
0.038518
0.026299
0.038275
0.028948
0.034867
0.042444
0.034801
0.025723
0.023445
0.021218
0.036283
0.037934
0.026293
0.028835
0.031873
0.036416
0.022793
0.041750
0.054504
0.039789
0.044721
0.043790
0.048872
0.047366
0.047360
0.034116
0.035822
0.035122
0.034184
0.037774
0.034825
0.036037
0.036477
0.025256
0.025300
0.026496
0.028353
0.031146
0.026501
0.028893
0.028046
0.028160
0.033295
0.046252
0.039541
0.050687
0.042434
0.034363
0.018091
0.018282
0.045187
0.024949
0.024646
0.019339
0.041895
0.027748
0.042650
0.035428
0.042103
0.038189
0.031984
0.031910
0.049812
0.047912
0.030146
0.043388
0.027664
0.022088
0.018739
0.019082
0.018407
0.037174
0.021597
0.018370
0.018448
0.020434
0.018733
0.024433
0.018538
0.031666
0.018760
0.029680
0.029854
0.032210
0.035682
0.035534
0.031077
0.026573
0.033722
0.031898
0.022810
0.026498
0.021981
0.026263
0.020483
0.020356
0.021794
0.019870
0.030507
0.020148
0.019670
0.020010
0.020698
0.018482
0.033699
0.028071
0.018523
0.019129
0.018065
0.041206
0.030055
0.018495
0.018532
0.040544
0.020211
0.019475
0.021336
0.039551
0.020920
0.021310
0.020730
0.038277
0.021348
0.022073
0.024706
0.023570
0.031621
0.025072
0.029782
0.025771
0.025843
0.025737
0.025964
0.036457
0.026689
0.026779
0.026240
0.027321
0.027459
0.032681
0.032342
0.028021
0.026822
0.026205
0.043674
0.035573
0.030560
0.034406
0.029346
0.029542
0.047238
0.043663
0.043123
0.044114
0.049090
0.028320
0.042471
0.034176
0.022585
0.021733
0.024588
0.033794
0.031157
0.036218
0.036643
0.034265
0.050521
0.039209
0.038177
0.038409
0.041512
0.030693
0.031831
0.029495
0.032586
0.032910
0.032187
0.033689
0.032676
0.031985
0.034682
0.034492
0.034656
0.034696
0.036034
0.036448
0.039138
0.039544
0.036856
0.039517
0.042178
0.041107
0.043856
0.038790
0.038854
0.039387
0.040234
0.039460
0.040156
0.041023
0.020674
0.034794
0.034954
0.037716
0.042035
0.036018
0.033920
0.036562
0.037595
0.036489
0.035238
0.042008
0.039958
0.036639
0.038573
0.045314
0.044864
0.051837
0.045257
0.043914
0.045331
0.044540
0.044096
0.044076
0.045642
0.044014
0.038660
0.043130
0.042109
0.034680
0.022350
0.028624
0.034438
0.052658
0.045625
0.042628
0.042735
0.033452
0.049298
0.041977
0.038054
0.037594
0.037982
0.037972
0.033628
0.026341
0.026574
0.029526
0.024585
0.024587
0.024694
0.027382
0.027789
0.024568
0.028523
0.026512
0.028136
0.032695
0.026409
0.027196
0.029140
0.029700
0.026713
0.026508
0.029023
0.028482
0.028890
0.030354
0.037851
0.029715
0.040729
0.034105
0.038673
0.054109
0.052994
0.040264
0.052568
0.046599
0.032373
0.030676
0.044113
0.060796
0.042180
0.033530
0.030573
0.038903
0.049403
0.042801
0.053943
0.045551
0.035720
0.030866
0.030164
0.030408
0.032902
0.030632
0.031899
0.030392
0.033751
0.030970
0.030407
0.037983
0.035593
0.028172
0.028864
0.026182
0.025972
0.032227
0.032787
0.025763
0.029134
0.027710
0.025925
0.027879
0.038630
0.027054
0.030432
0.025824
0.026747
0.028135
0.036346
0.025924
0.025905
0.028776
0.027234
0.026664
0.027412
0.025943
0.028240
0.031985
0.026790
0.025963
0.032810
0.050096
0.047076
0.051736
0.038617
0.023967
0.023621
0.035636
0.031355
0.042136
0.027086
0.025844
0.025127
0.045945
0.018371
0.019881
0.023191
0.023837
0.023982
0.039488
0.033613
0.033457
0.040988
0.038178
0.045873
0.038880
0.044450
0.036261
0.033144
0.041967
0.038891
0.036915
0.023936
0.037067
0.026426
0.027935
0.027267
0.029635
0.030672
0.041723
0.048811
0.029249
0.030800
0.029772
0.039692
0.042099
0.031935
0.031976
0.031935
0.019662
0.028383
0.056086
0.044260
0.038757
0.041158
0.040656
0.037119
0.020303
0.032290
0.035301
0.036363
0.031163
0.024265
0.025942
0.036715
0.030847
0.027104
0.035328
0.026274
0.017937
0.017418
0.030598
0.028246
0.026653
0.027827
0.032891
0.027686
0.024880
0.020416
0.021813
0.021237
0.021679
0.020991
0.021091
0.036567
0.032250
0.031843
0.034397
0.035359
0.025524
0.020861
0.020335
0.020272
0.023002
0.019884
0.020516
0.030513
0.032095
0.030105
0.037931
0.033283
0.030050
0.035416
0.030648
0.030319
0.030992
0.037967
0.034982
0.034568
0.041491
0.034479
0.036729
0.036612
0.035652
0.034579
0.037546
0.035436
0.036501
0.036731
0.033516
0.037196
0.033984
0.034040
0.035715
0.032861
0.032709
0.041843
0.042297
0.040098
0.044902
0.033518
0.025294
0.026081
0.036300
0.038771
0.028390
0.028942
0.026377
0.023783
0.036029
0.032223
0.026123
0.046286
0.045218
0.052913
0.031216
0.022238
0.032118
0.021569
0.029429
0.042379
0.049168
0.043008
0.041744
0.052915
