1
590.5000,275.5000,99.0000,169.0000
590.5000,275.5000,99.0000,169.0000
493.5000,431.5000,99.0000,169.0000
494.5000,431.5000,99.0000,169.0000
494.5000,431.5000,99.0000,169.0000
486.5000,460.5000,99.0000,169.0000
505.5906,474.0906,110.8188,145.8188
503.7628,485.2628,93.4744,128.4744
494.5000,431.5000,99.0000,169.0000
463.1355,492.1355,74.7290,109.7290
494.5000,431.5000,99.0000,169.0000
183.5000,518.5000,99.0000,169.0000
494.5000,431.5000,99.0000,169.0000
590.5000,275.5000,99.0000,169.0000
183.5000,518.5000,99.0000,169.0000
175.5000,518.5000,99.0000,169.0000
590.5000,275.5000,99.0000,169.0000
590.5000,275.5000,99.0000,169.0000
510.5000,402.5000,99.0000,169.0000
456.3599,506.3599,73.2802,108.2802
510.5000,431.5000,99.0000,169.0000
469.0131,505.0131,82.9739,117.9739
487.9830,499.4830,90.0339,125.0339
510.5000,402.5000,99.0000,169.0000
510.5000,460.5000,99.0000,169.0000
510.5000,460.5000,99.0000,169.0000
510.5063,502.5063,78.9873,113.9873
510.5000,431.5000,99.0000,169.0000
518.5000,445.5000,99.0000,169.0000
534.5000,431.5000,99.0000,169.0000
590.5000,275.5000,99.0000,169.0000
535.5000,431.5000,99.0000,169.0000
590.5000,275.5000,99.0000,169.0000
535.5000,460.5000,99.0000,169.0000
590.5000,275.5000,99.0000,169.0000
590.5000,275.5000,99.0000,169.0000
590.5000,275.5000,99.0000,169.0000
590.5000,275.5000,99.0000,169.0000
590.5000,275.5000,99.0000,169.0000
590.5000,275.5000,99.0000,169.0000
590.5000,275.5000,99.0000,169.0000
590.5000,275.5000,99.0000,169.0000
590.5000,275.5000,99.0000,169.0000
590.5000,275.5000,99.0000,169.0000
590.5000,275.5000,99.0000,169.0000
590.5000,275.5000,99.0000,169.0000
590.5000,275.5000,99.0000,169.0000
590.5000,275.5000,99.0000,169.0000
590.5000,275.5000,99.0000,169.0000
590.5000,275.5000,99.0000,169.0000
590.5000,275.5000,99.0000,169.0000
590.5000,275.5000,99.0000,169.0000
590.5000,275.5000,99.0000,169.0000
590.5000,275.5000,99.0000,169.0000
590.5000,275.5000,99.0000,169.0000
590.5000,275.5000,99.0000,169.0000
590.5000,275.5000,99.0000,169.0000
590.5000,275.5000,99.0000,169.0000
590.5000,275.5000,99.0000,169.0000
590.5000,275.5000,99.0000,169.0000
590.5000,275.5000,99.0000,169.0000
590.5000,275.5000,99.0000,169.0000
590.5000,275.5000,99.0000,169.0000
590.5000,275.5000,99.0000,169.0000
590.5000,275.5000,99.0000,169.0000
590.5000,275.5000,99.0000,169.0000
590.5000,275.5000,99.0000,169.0000
590.5000,275.5000,99.0000,169.0000
590.5000,275.5000,99.0000,169.0000
590.5000,275.5000,99.0000,169.0000
590.5000,275.5000,99.0000,169.0000
590.5000,275.5000,99.0000,169.0000
590.5000,275.5000,99.0000,169.0000
590.5000,275.5000,99.0000,169.0000
590.5000,275.5000,99.0000,169.0000
590.5000,275.5000,99.0000,169.0000
590.5000,275.5000,99.0000,169.0000
590.5000,275.5000,99.0000,169.0000
590.5000,275.5000,99.0000,169.0000
590.5000,275.5000,99.0000,169.0000
590.5000,275.5000,99.0000,169.0000
502.5000,475.5000,99.0000,169.0000
590.5000,275.5000,99.0000,169.0000
590.5000,275.5000,99.0000,169.0000
590.5000,275.5000,99.0000,169.0000
590.5000,275.5000,99.0000,169.0000
510.5000,460.5000,99.0000,169.0000
494.4328,495.4328,82.1343,117.1343
526.5000,445.5000,99.0000,169.0000
590.5000,275.5000,99.0000,169.0000
527.5000,489.5000,99.0000,169.0000
508.2885,517.7885,75.4230,110.4230
526.5000,446.5000,99.0000,169.0000
535.5000,460.5000,99.0000,169.0000
500.0013,514.0012,99.9975,134.9975
512.7902,509.2902,91.4196,126.4196
528.7692,509.7692,88.4615,123.4615
532.0198,516.5198,77.9605,112.9605
520.4960,504.4960,96.0081,131.0081
519.2205,499.2205,104.5591,139.5591
520.9881,511.4881,81.0238,116.0238
528.5338,518.0338,80.9325,115.9325
523.8972,500.3972,109.2055,144.2055
529.9626,499.4626,108.0747,143.0747
530.8477,504.8477,99.3046,134.3046
521.9391,498.4391,110.1218,145.1218
516.7745,495.2745,123.4510,158.4510
526.6212,489.1212,127.7576,162.7576
527.7267,489.2267,124.5467,159.5466
522.1354,484.1355,122.7291,157.7291
522.4265,490.4265,120.1470,155.1470
527.3403,497.3403,110.3194,145.3194
515.5323,498.0323,120.9353,155.9353
511.7852,499.7852,120.4295,155.4295
520.2050,501.2050,124.5899,159.5900
522.1412,496.1412,127.7176,162.7177
519.5058,493.5058,124.9884,159.9884
521.0849,495.0849,120.8302,155.8302
526.8256,507.3256,102.3488,137.3488
521.8917,515.8917,95.2165,130.2165
520.6597,511.1597,105.6805,140.6805
528.3087,504.8087,113.3827,148.3827
541.8398,508.3398,102.3204,137.3204
543.5000,504.5000,99.0000,169.0000
590.5000,275.5000,99.0000,169.0000
543.5000,503.5000,99.0000,169.0000
542.5000,518.5000,99.0000,169.0000
561.1259,522.1259,66.7482,101.7482
590.5000,275.5000,99.0000,169.0000
526.5000,562.5000,99.0000,169.0000
526.5000,562.5000,99.0000,169.0000
518.5000,562.5000,99.0000,169.0000
542.5000,518.5000,99.0000,169.0000
542.5000,518.5000,99.0000,169.0000
542.5000,518.5000,99.0000,169.0000
510.5000,518.5000,99.0000,169.0000
590.5000,275.5000,99.0000,169.0000
590.5000,275.5000,99.0000,169.0000
510.5000,547.5000,99.0000,169.0000
590.5000,275.5000,99.0000,169.0000
526.5000,562.5000,99.0000,169.0000
518.5000,562.5000,99.0000,169.0000
590.5000,275.5000,99.0000,169.0000
590.5000,275.5000,99.0000,169.0000
510.5000,576.5000,99.0000,169.0000
526.5000,561.5000,99.0000,169.0000
526.5000,548.5000,99.0000,169.0000
590.5000,275.5000,99.0000,169.0000
590.5000,275.5000,99.0000,169.0000
590.5000,275.5000,99.0000,169.0000
590.5000,275.5000,99.0000,169.0000
542.5000,576.5000,99.0000,169.0000
613.0751,499.0751,101.8498,136.8498
632.0042,516.5042,78.9915,113.9915
542.5000,605.5000,99.0000,169.0000
526.5000,620.5000,99.0000,169.0000
543.5000,634.5000,99.0000,169.0000
590.5000,275.5000,99.0000,169.0000
590.5000,275.5000,99.0000,169.0000
590.5000,275.5000,99.0000,169.0000
590.5000,275.5000,99.0000,169.0000
412.5000,140.5000,99.0000,169.0000
590.5000,275.5000,99.0000,169.0000
590.5000,275.5000,99.0000,169.0000
461.5000,140.5000,99.0000,169.0000
461.5000,140.5000,99.0000,169.0000
194.5647,439.0647,93.8706,128.8706
469.5000,140.5000,99.0000,169.0000
195.9712,458.9712,69.0576,104.0576
194.8683,450.3683,75.2633,110.2633
187.9450,450.9449,96.1101,131.1101
189.5195,462.0195,87.9610,122.9610
189.0250,466.5250,81.9500,116.9500
190.1217,462.1217,82.7566,117.7566
186.6221,428.1222,109.7557,144.7557
190.7234,446.2234,89.5531,124.5531
193.7650,461.7650,74.4700,109.4700
188.6856,469.6856,80.6288,115.6288
477.5000,140.5000,99.0000,169.0000
172.1737,472.1737,103.6526,138.6526
478.5000,140.5000,99.0000,169.0000
167.6005,482.1005,94.7990,129.7990
171.7260,475.7260,101.5481,136.5480
181.6434,464.6434,104.7132,139.7132
180.1599,468.6599,94.6802,129.6802
186.4069,470.4069,89.1863,124.1863
181.2500,475.7500,91.5000,126.5000
166.3062,485.8062,108.3876,143.3876
168.5221,478.5221,108.9559,143.9559
171.0224,484.5224,107.9551,142.9551
177.4112,483.9112,105.1776,140.1776
172.1564,489.1564,109.6872,144.6872
170.5221,491.5221,108.9559,143.9559
178.9808,500.4808,95.0384,130.0385
171.4438,495.4438,115.1125,150.1125
175.3625,508.3625,108.2750,143.2750
174.7129,498.7129,113.5742,148.5742
178.0399,493.5399,119.9202,154.9202
176.8817,511.3817,108.2367,143.2367
181.0747,507.0747,113.8506,148.8506
178.9790,509.4790,118.0420,153.0420
182.9066,508.4066,119.1868,154.1868
182.2452,509.7452,114.5096,149.5096
189.8972,510.3972,109.2055,144.2055
193.8384,518.3384,100.3232,135.3232
195.1189,524.1189,87.7623,122.7623
197.0431,525.5431,79.9138,114.9138
192.8354,524.8354,93.3292,128.3292
196.5770,518.0770,107.8459,142.8459
195.8812,514.3812,112.2375,147.2375
197.3638,504.3638,115.2723,150.2723
199.7295,511.2295,110.5410,145.5410
199.9185,514.4185,110.1630,145.1630
189.3004,516.3004,111.3991,146.3991
193.1548,515.6548,106.6905,141.6905
192.4380,512.4380,115.1239,150.1239
195.4763,507.9763,118.0474,153.0474
200.9880,528.4880,86.0240,121.0240
543.5000,155.5000,99.0000,169.0000
200.9438,518.4437,105.1125,140.1125
202.7942,523.7941,100.4117,135.4117
198.1391,525.6391,103.7218,138.7218
196.2862,531.7862,106.4276,141.4276
201.4144,531.9144,102.1712,137.1711
201.1732,531.6732,101.6536,136.6536
202.8958,537.8958,98.2083,133.2083
207.4898,554.4897,80.0205,115.0205
510.5000,635.5000,99.0000,169.0000
216.6342,556.6342,64.7315,99.7315
568.5000,169.5000,99.0000,169.0000
691.2598,493.2598,100.4804,135.4804
686.1075,489.1075,105.7850,140.7850
681.1627,492.6626,104.6747,139.6747
695.6042,505.1042,78.7916,113.7916
679.1274,490.1274,108.7453,143.7453
510.5000,635.5000,99.0000,169.0000
526.5000,678.5000,99.0000,169.0000
510.5000,635.5000,99.0000,169.0000
534.5000,649.5000,99.0000,169.0000
590.5000,275.5000,99.0000,169.0000
590.5000,275.5000,99.0000,169.0000
590.5000,275.5000,99.0000,169.0000
535.5000,649.5000,99.0000,169.0000
590.5000,275.5000,99.0000,169.0000
590.5000,275.5000,99.0000,169.0000
590.5000,275.5000,99.0000,169.0000
696.2690,523.7690,72.4619,107.4619
688.9030,514.4030,90.1940,125.1940
542.5000,635.5000,99.0000,169.0000
534.5000,635.5000,99.0000,169.0000
535.5000,635.5000,99.0000,169.0000
687.7066,523.7066,72.5868,107.5868
535.5000,635.5000,99.0000,169.0000
683.2100,513.7100,99.5799,134.5799
676.4579,509.9579,100.0841,135.0841
684.6476,511.1476,91.7049,126.7049
690.1257,521.6257,73.7487,108.7487
535.5000,634.5000,99.0000,169.0000
535.5000,634.5000,99.0000,169.0000
542.5000,634.5000,99.0000,169.0000
674.1960,514.1960,86.6079,121.6079
535.5000,634.5000,99.0000,169.0000
535.5000,635.5000,99.0000,169.0000
542.5000,634.5000,99.0000,169.0000
590.5000,275.5000,99.0000,169.0000
542.5000,634.5000,99.0000,169.0000
542.5000,634.5000,99.0000,169.0000
542.5000,634.5000,99.0000,169.0000
542.5000,634.5000,99.0000,169.0000
535.5000,634.5000,99.0000,169.0000
590.5000,275.5000,99.0000,169.0000
590.5000,275.5000,99.0000,169.0000
590.5000,275.5000,99.0000,169.0000
526.5000,620.5000,99.0000,169.0000
526.5000,620.5000,99.0000,169.0000
526.5000,620.5000,99.0000,169.0000
526.5000,620.5000,99.0000,169.0000
663.7500,518.2500,78.5000,113.5000
665.0018,512.5018,83.9964,118.9964
526.5000,620.5000,99.0000,169.0000
526.5000,620.5000,99.0000,169.0000
535.5000,634.5000,99.0000,169.0000
535.5000,634.5000,99.0000,169.0000
543.5000,620.5000,99.0000,169.0000
672.8603,516.3603,95.2794,130.2794
658.5621,503.0621,113.8758,148.8759
661.3359,510.8359,108.3281,143.3281
667.1543,511.1543,92.6914,127.6914
668.0406,515.5406,87.9187,122.9187
542.5000,620.5000,99.0000,169.0000
667.6688,508.6688,92.6625,127.6625
668.5793,504.0793,99.8413,134.8413
663.8796,516.8796,80.2409,115.2409
665.5016,511.0016,88.9968,123.9968
526.5000,620.5000,99.0000,169.0000
510.5000,606.5000,99.0000,169.0000
590.5000,275.5000,99.0000,169.0000
527.5000,620.5000,99.0000,169.0000
535.5000,634.5000,99.0000,169.0000
542.5000,634.5000,99.0000,169.0000
542.5000,634.5000,99.0000,169.0000
526.5000,620.5000,99.0000,169.0000
526.5000,619.5000,99.0000,169.0000
526.5000,620.5000,99.0000,169.0000
526.5000,620.5000,99.0000,169.0000
510.5000,634.5000,99.0000,169.0000
664.1284,504.1283,91.7433,126.7433
671.7733,503.2733,92.4535,127.4535
680.1490,525.1490,65.7019,100.7019
668.1488,497.1488,102.7024,137.7024
670.6965,497.6965,98.6070,133.6070
665.6689,493.6689,109.6623,144.6623
677.9861,504.9861,90.0278,125.0278
510.5000,634.5000,99.0000,169.0000
510.5000,634.5000,99.0000,169.0000
84.5000,867.5000,99.0000,169.0000
518.5000,620.5000,99.0000,169.0000
518.5000,620.5000,99.0000,169.0000
534.5000,634.5000,99.0000,169.0000
667.9718,506.9718,96.0564,131.0564
534.5000,634.5000,99.0000,169.0000
518.5000,634.5000,99.0000,169.0000
534.5000,634.5000,99.0000,169.0000
84.5000,867.5000,99.0000,169.0000
590.5000,275.5000,99.0000,169.0000
518.5000,620.5000,99.0000,169.0000
924.1116,66.6116,85.7767,120.7767
943.8257,89.3258,73.3485,108.3485
526.5000,620.5000,99.0000,169.0000
534.5000,635.5000,99.0000,169.0000
101.5000,897.5000,99.0000,169.0000
109.5000,896.5000,99.0000,169.0000
84.5000,867.5000,99.0000,169.0000
526.5000,634.5000,99.0000,169.0000
518.5000,620.5000,99.0000,169.0000
60.5000,853.5000,99.0000,169.0000
590.5000,275.5000,99.0000,169.0000
84.5000,838.5000,99.0000,169.0000
590.5000,275.5000,99.0000,169.0000
590.5000,275.5000,99.0000,169.0000
590.5000,275.5000,99.0000,169.0000
84.5000,867.5000,99.0000,169.0000
77.5000,867.5000,99.0000,169.0000
77.5000,867.5000,99.0000,169.0000
68.5000,838.5000,99.0000,169.0000
69.5000,839.5000,99.0000,169.0000
518.5000,620.5000,99.0000,169.0000
908.4514,63.9514,88.0973,123.0973
903.3995,53.8996,111.2009,146.2009
905.1131,70.1131,79.7738,114.7738
519.5000,620.5000,99.0000,169.0000
77.5000,867.5000,99.0000,169.0000
590.5000,275.5000,99.0000,169.0000
76.5000,867.5000,99.0000,169.0000
915.8959,67.8959,74.2083,109.2083
911.6819,55.6819,126.6362,161.6362
909.3174,58.3174,114.3652,149.3652
909.0536,55.0536,122.8928,157.8928
906.0519,48.5519,128.8962,163.8962
909.4404,51.4404,126.1192,161.1192
918.7004,62.7004,117.5992,152.5992
914.5145,65.5145,113.9709,148.9709
919.1242,62.6242,108.7516,143.7516
926.3126,64.8126,113.3749,148.3749
937.5124,74.0124,99.9752,134.9752
921.2787,65.7787,134.4426,169.4426
922.8295,68.3296,119.3409,154.3409
929.5266,71.5266,112.9468,147.9468
923.4969,74.4969,111.0061,146.0061
913.7626,68.2627,128.4747,163.4747
933.3531,74.3531,100.2937,135.2937
921.7880,76.7880,105.4241,140.4241
919.3944,78.3944,121.2112,156.2112
921.4467,105.4467,60.1066,95.1066
910.7614,93.7614,104.4773,139.4773
920.6609,91.6609,84.6781,119.6781
914.1816,87.1817,91.6367,126.6367
93.5000,867.5000,99.0000,169.0000
92.5000,867.5000,99.0000,169.0000
914.8625,87.3625,98.2750,133.2750
921.7264,87.2264,102.5471,137.5471
911.5601,84.5601,112.8798,147.8798
911.4878,77.4878,116.0244,151.0244
901.6520,72.1520,128.6960,163.6960
899.9647,69.9646,129.0707,164.0707
897.5381,68.0382,137.9237,172.9237
905.5837,70.0837,130.8327,165.8327
908.3905,70.8905,131.2190,166.2190
908.6531,72.6531,116.6937,151.6938
901.1024,65.1024,131.7952,166.7952
904.2201,72.7201,141.5598,176.5598
897.5674,66.0674,146.8653,181.8653
902.5519,62.5520,146.8961,181.8961
909.4466,67.9466,136.1069,171.1069
917.0596,78.0596,102.8807,137.8807
915.5099,79.5100,105.9801,140.9801
922.5012,87.0012,100.9976,135.9976
928.7713,85.2713,96.4574,131.4574
117.5000,867.5000,99.0000,169.0000
117.5000,867.5000,99.0000,169.0000
931.4178,98.4178,73.1643,108.1643
101.5000,896.5000,99.0000,169.0000
101.5000,896.5000,99.0000,169.0000
117.5000,867.5000,99.0000,169.0000
919.7101,97.7101,74.5799,109.5799
117.5000,867.5000,99.0000,169.0000
927.1581,93.6581,87.6838,122.6838
942.8959,106.3959,71.2083,106.2083
101.5000,896.5000,99.0000,169.0000
923.5250,91.5250,86.9500,121.9500
921.3162,81.8162,117.3675,152.3675
117.5000,867.5000,99.0000,169.0000
916.4290,78.9290,119.1419,154.1419
921.7001,101.2001,74.5998,109.5998
919.9262,90.4262,96.1476,131.1476
918.6286,96.6286,88.7428,123.7428
913.0215,73.0216,121.9569,156.9569
910.8156,79.8155,112.3689,147.3689
117.5000,867.5000,99.0000,169.0000
101.5000,838.5000,99.0000,169.0000
101.5000,838.5000,99.0000,169.0000
894.7977,99.2977,70.4045,105.4045
101.5000,838.5000,99.0000,169.0000
133.5000,838.5000,99.0000,169.0000
133.5000,838.5000,99.0000,169.0000
101.5000,838.5000,99.0000,169.0000
118.5000,838.5000,99.0000,169.0000
126.5000,838.5000,99.0000,169.0000
117.5000,838.5000,99.0000,169.0000
117.5000,809.5000,99.0000,169.0000
133.5000,838.5000,99.0000,169.0000
125.5000,838.5000,99.0000,169.0000
590.5000,275.5000,99.0000,169.0000
590.5000,275.5000,99.0000,169.0000
590.5000,275.5000,99.0000,169.0000
118.5000,838.5000,99.0000,169.0000
590.5000,275.5000,99.0000,169.0000
590.5000,275.5000,99.0000,169.0000
590.5000,275.5000,99.0000,169.0000
590.5000,275.5000,99.0000,169.0000
590.5000,275.5000,99.0000,169.0000
590.5000,275.5000,99.0000,169.0000
486.5000,620.5000,99.0000,169.0000
494.5000,620.5000,99.0000,169.0000
493.5000,620.5000,99.0000,169.0000
662.1298,493.1298,78.7404,113.7404
590.5000,275.5000,99.0000,169.0000
667.5240,494.0240,72.9521,107.9521
666.5396,485.0396,88.9208,123.9208
667.1440,484.1440,89.7119,124.7119
650.0315,465.5315,120.9370,155.9370
655.2603,470.7602,104.4795,139.4795
659.7895,480.2895,106.4210,141.4210
518.5000,620.5000,99.0000,169.0000
667.2518,501.7518,84.4964,119.4964
526.5000,620.5000,99.0000,169.0000
590.5000,275.5000,99.0000,169.0000
526.5000,620.5000,99.0000,169.0000
527.5000,620.5000,99.0000,169.0000
590.5000,275.5000,99.0000,169.0000
590.5000,275.5000,99.0000,169.0000
590.5000,275.5000,99.0000,169.0000
590.5000,275.5000,99.0000,169.0000
590.5000,275.5000,99.0000,169.0000
590.5000,275.5000,99.0000,169.0000
590.5000,275.5000,99.0000,169.0000
590.5000,275.5000,99.0000,169.0000
590.5000,275.5000,99.0000,169.0000
590.5000,275.5000,99.0000,169.0000
590.5000,275.5000,99.0000,169.0000
590.5000,275.5000,99.0000,169.0000
590.5000,275.5000,99.0000,169.0000
590.5000,275.5000,99.0000,169.0000
590.5000,275.5000,99.0000,169.0000
239.5000,635.5000,99.0000,169.0000
590.5000,275.5000,99.0000,169.0000
590.5000,275.5000,99.0000,169.0000
590.5000,275.5000,99.0000,169.0000
590.5000,275.5000,99.0000,169.0000
590.5000,275.5000,99.0000,169.0000
590.5000,275.5000,99.0000,169.0000
590.5000,275.5000,99.0000,169.0000
590.5000,275.5000,99.0000,169.0000
590.5000,275.5000,99.0000,169.0000
590.5000,275.5000,99.0000,169.0000
590.5000,275.5000,99.0000,169.0000
590.5000,275.5000,99.0000,169.0000
590.5000,275.5000,99.0000,169.0000
590.5000,275.5000,99.0000,169.0000
590.5000,275.5000,99.0000,169.0000
590.5000,275.5000,99.0000,169.0000
590.5000,275.5000,99.0000,169.0000
590.5000,275.5000,99.0000,169.0000
590.5000,275.5000,99.0000,169.0000
590.5000,275.5000,99.0000,169.0000
167.5000,838.5000,99.0000,169.0000
590.5000,275.5000,99.0000,169.0000
167.5000,838.5000,99.0000,169.0000
478.5000,620.5000,99.0000,169.0000
590.5000,275.5000,99.0000,169.0000
590.5000,275.5000,99.0000,169.0000
590.5000,275.5000,99.0000,169.0000
590.5000,275.5000,99.0000,169.0000
590.5000,275.5000,99.0000,169.0000
590.5000,275.5000,99.0000,169.0000
590.5000,275.5000,99.0000,169.0000
590.5000,275.5000,99.0000,169.0000
590.5000,275.5000,99.0000,169.0000
590.5000,275.5000,99.0000,169.0000
590.5000,275.5000,99.0000,169.0000
590.5000,275.5000,99.0000,169.0000
590.5000,275.5000,99.0000,169.0000
590.5000,275.5000,99.0000,169.0000
590.5000,275.5000,99.0000,169.0000
590.5000,275.5000,99.0000,169.0000
231.5000,736.5000,99.0000,169.0000
590.5000,275.5000,99.0000,169.0000
590.5000,275.5000,99.0000,169.0000
590.5000,275.5000,99.0000,169.0000
590.5000,275.5000,99.0000,169.0000
590.5000,275.5000,99.0000,169.0000
590.5000,275.5000,99.0000,169.0000
590.5000,275.5000,99.0000,169.0000
590.5000,275.5000,99.0000,169.0000
590.5000,275.5000,99.0000,169.0000
590.5000,275.5000,99.0000,169.0000
590.5000,275.5000,99.0000,169.0000
590.5000,275.5000,99.0000,169.0000
590.5000,275.5000,99.0000,169.0000
590.5000,275.5000,99.0000,169.0000
590.5000,275.5000,99.0000,169.0000
590.5000,275.5000,99.0000,169.0000
590.5000,275.5000,99.0000,169.0000
590.5000,275.5000,99.0000,169.0000
590.5000,275.5000,99.0000,169.0000
590.5000,275.5000,99.0000,169.0000
590.5000,275.5000,99.0000,169.0000
590.5000,275.5000,99.0000,169.0000
590.5000,275.5000,99.0000,169.0000
590.5000,275.5000,99.0000,169.0000
590.5000,275.5000,99.0000,169.0000
590.5000,275.5000,99.0000,169.0000
590.5000,275.5000,99.0000,169.0000
590.5000,275.5000,99.0000,169.0000
590.5000,275.5000,99.0000,169.0000
590.5000,275.5000,99.0000,169.0000
590.5000,275.5000,99.0000,169.0000
590.5000,275.5000,99.0000,169.0000
590.5000,275.5000,99.0000,169.0000
590.5000,275.5000,99.0000,169.0000
590.5000,275.5000,99.0000,169.0000
590.5000,275.5000,99.0000,169.0000
590.5000,275.5000,99.0000,169.0000
590.5000,275.5000,99.0000,169.0000
590.5000,275.5000,99.0000,169.0000
590.5000,275.5000,99.0000,169.0000
590.5000,275.5000,99.0000,169.0000
590.5000,275.5000,99.0000,169.0000
590.5000,275.5000,99.0000,169.0000
590.5000,275.5000,99.0000,169.0000
590.5000,275.5000,99.0000,169.0000
590.5000,275.5000,99.0000,169.0000
590.5000,275.5000,99.0000,169.0000
232.5000,839.5000,99.0000,169.0000
913.1261,245.1261,63.7478,98.7478
898.9224,241.9224,76.1552,111.1552
248.5000,867.5000,99.0000,169.0000
590.5000,275.5000,99.0000,169.0000
248.5000,867.5000,99.0000,169.0000
590.5000,275.5000,99.0000,169.0000
590.5000,275.5000,99.0000,169.0000
232.5000,853.5000,99.0000,169.0000
590.5000,275.5000,99.0000,169.0000
590.5000,275.5000,99.0000,169.0000
590.5000,275.5000,99.0000,169.0000
232.5000,853.5000,99.0000,169.0000
590.5000,275.5000,99.0000,169.0000
590.5000,275.5000,99.0000,169.0000
590.5000,275.5000,99.0000,169.0000
590.5000,275.5000,99.0000,169.0000
590.5000,275.5000,99.0000,169.0000
590.5000,275.5000,99.0000,169.0000
590.5000,275.5000,99.0000,169.0000
590.5000,275.5000,99.0000,169.0000
590.5000,275.5000,99.0000,169.0000
590.5000,275.5000,99.0000,169.0000
590.5000,275.5000,99.0000,169.0000
590.5000,275.5000,99.0000,169.0000
590.5000,275.5000,99.0000,169.0000
590.5000,275.5000,99.0000,169.0000
590.5000,275.5000,99.0000,169.0000
502.5000,591.5000,99.0000,169.0000
590.5000,275.5000,99.0000,169.0000
590.5000,275.5000,99.0000,169.0000
590.5000,275.5000,99.0000,169.0000
502.5000,591.5000,99.0000,169.0000
502.5000,591.5000,99.0000,169.0000
494.5000,605.5000,99.0000,169.0000
633.6296,498.6296,79.7407,114.7407
629.0057,489.5057,92.9885,127.9885
494.5000,605.5000,99.0000,169.0000
624.7622,484.2622,95.4755,130.4755
637.6256,501.6256,75.7488,110.7488
633.3755,498.3755,83.2491,118.2491
634.0079,494.5079,80.9841,115.9841
502.5000,591.5000,99.0000,169.0000
502.5000,577.5000,99.0000,169.0000
590.5000,275.5000,99.0000,169.0000
590.5000,275.5000,99.0000,169.0000
590.5000,275.5000,99.0000,169.0000
590.5000,275.5000,99.0000,169.0000
502.5000,591.5000,99.0000,169.0000
502.5000,590.5000,99.0000,169.0000
590.5000,275.5000,99.0000,169.0000
590.5000,275.5000,99.0000,169.0000
590.5000,275.5000,99.0000,169.0000
590.5000,275.5000,99.0000,169.0000
590.5000,275.5000,99.0000,169.0000
590.5000,275.5000,99.0000,169.0000
590.5000,275.5000,99.0000,169.0000
590.5000,275.5000,99.0000,169.0000
590.5000,275.5000,99.0000,169.0000
590.5000,275.5000,99.0000,169.0000
590.5000,275.5000,99.0000,169.0000
590.5000,275.5000,99.0000,169.0000
590.5000,275.5000,99.0000,169.0000
590.5000,275.5000,99.0000,169.0000
590.5000,275.5000,99.0000,169.0000
590.5000,275.5000,99.0000,169.0000
590.5000,275.5000,99.0000,169.0000
590.5000,275.5000,99.0000,169.0000
590.5000,275.5000,99.0000,169.0000
590.5000,275.5000,99.0000,169.0000
590.5000,275.5000,99.0000,169.0000
590.5000,275.5000,99.0000,169.0000
590.5000,275.5000,99.0000,169.0000
590.5000,275.5000,99.0000,169.0000
590.5000,275.5000,99.0000,169.0000
590.5000,275.5000,99.0000,169.0000
590.5000,275.5000,99.0000,169.0000
590.5000,275.5000,99.0000,169.0000
590.5000,275.5000,99.0000,169.0000
590.5000,275.5000,99.0000,169.0000
590.5000,275.5000,99.0000,169.0000
590.5000,275.5000,99.0000,169.0000
338.5000,591.5000,99.0000,169.0000
590.5000,275.5000,99.0000,169.0000
590.5000,275.5000,99.0000,169.0000
590.5000,275.5000,99.0000,169.0000
590.5000,275.5000,99.0000,169.0000
590.5000,275.5000,99.0000,169.0000
590.5000,275.5000,99.0000,169.0000
590.5000,275.5000,99.0000,169.0000
590.5000,275.5000,99.0000,169.0000
590.5000,275.5000,99.0000,169.0000
590.5000,275.5000,99.0000,169.0000
590.5000,275.5000,99.0000,169.0000
590.5000,275.5000,99.0000,169.0000
590.5000,275.5000,99.0000,169.0000
590.5000,275.5000,99.0000,169.0000
590.5000,275.5000,99.0000,169.0000
590.5000,275.5000,99.0000,169.0000
590.5000,275.5000,99.0000,169.0000
590.5000,275.5000,99.0000,169.0000
590.5000,275.5000,99.0000,169.0000
590.5000,275.5000,99.0000,169.0000
590.5000,275.5000,99.0000,169.0000
590.5000,275.5000,99.0000,169.0000
590.5000,275.5000,99.0000,169.0000
590.5000,275.5000,99.0000,169.0000
590.5000,275.5000,99.0000,169.0000
590.5000,275.5000,99.0000,169.0000
590.5000,275.5000,99.0000,169.0000
590.5000,275.5000,99.0000,169.0000
590.5000,275.5000,99.0000,169.0000
590.5000,275.5000,99.0000,169.0000
590.5000,275.5000,99.0000,169.0000
590.5000,275.5000,99.0000,169.0000
590.5000,275.5000,99.0000,169.0000
590.5000,275.5000,99.0000,169.0000
590.5000,275.5000,99.0000,169.0000
590.5000,275.5000,99.0000,169.0000
590.5000,275.5000,99.0000,169.0000
590.5000,275.5000,99.0000,169.0000
590.5000,275.5000,99.0000,169.0000
590.5000,275.5000,99.0000,169.0000
590.5000,275.5000,99.0000,169.0000
590.5000,275.5000,99.0000,169.0000
590.5000,275.5000,99.0000,169.0000
590.5000,275.5000,99.0000,169.0000
590.5000,275.5000,99.0000,169.0000
590.5000,275.5000,99.0000,169.0000
590.5000,275.5000,99.0000,169.0000
590.5000,275.5000,99.0000,169.0000
590.5000,275.5000,99.0000,169.0000
590.5000,275.5000,99.0000,169.0000
590.5000,275.5000,99.0000,169.0000
590.5000,275.5000,99.0000,169.0000
590.5000,275.5000,99.0000,169.0000
590.5000,275.5000,99.0000,169.0000
590.5000,275.5000,99.0000,169.0000
590.5000,275.5000,99.0000,169.0000
590.5000,275.5000,99.0000,169.0000
590.5000,275.5000,99.0000,169.0000
590.5000,275.5000,99.0000,169.0000
590.5000,275.5000,99.0000,169.0000
590.5000,275.5000,99.0000,169.0000
590.5000,275.5000,99.0000,169.0000
590.5000,275.5000,99.0000,169.0000
445.5000,518.5000,99.0000,169.0000
590.5000,275.5000,99.0000,169.0000
590.5000,275.5000,99.0000,169.0000
590.5000,275.5000,99.0000,169.0000
590.5000,275.5000,99.0000,169.0000
453.5000,562.5000,99.0000,169.0000
444.5000,547.5000,99.0000,169.0000
586.5417,427.5417,89.9166,124.9166
586.7032,433.2032,109.5937,144.5937
589.9542,431.9542,89.0917,124.0917
436.5000,533.5000,99.0000,169.0000
453.5000,562.5000,99.0000,169.0000
436.5000,547.5000,99.0000,169.0000
436.5000,576.5000,99.0000,169.0000
590.5000,275.5000,99.0000,169.0000
590.5000,275.5000,99.0000,169.0000
590.5000,275.5000,99.0000,169.0000
590.5000,275.5000,99.0000,169.0000
486.5000,562.5000,99.0000,169.0000
596.6292,454.6292,82.7415,117.7415
486.5000,562.5000,99.0000,169.0000
477.5000,518.5000,99.0000,169.0000
578.5489,475.0489,69.9022,104.9022
485.5000,518.5000,99.0000,169.0000
494.5000,547.5000,99.0000,169.0000
587.1849,477.6849,95.6302,130.6302
494.5000,547.5000,99.0000,169.0000
502.5000,547.5000,99.0000,169.0000
494.5000,547.5000,99.0000,169.0000
494.5000,548.5000,99.0000,169.0000
599.2917,498.2917,76.4165,111.4165
602.9668,481.9668,89.0664,124.0664
617.7188,496.2188,67.5624,102.5624
494.5000,548.5000,99.0000,169.0000
494.5000,548.5000,99.0000,169.0000
585.0334,485.5334,86.9333,121.9333
574.7849,470.7849,110.4303,145.4303
576.5601,471.5601,112.8798,147.8798
494.5000,547.5000,99.0000,169.0000
602.6464,493.6464,67.7071,102.7071
604.8417,498.3417,60.3167,95.3167
570.2708,469.7708,112.4583,147.4583
580.5873,472.0873,118.8253,153.8253
570.8384,478.3384,100.3232,135.3232
568.4598,492.9598,79.0804,114.0804
559.6349,482.1349,107.7301,142.7301
552.5507,485.5507,104.8986,139.8986
578.5331,504.0331,75.9339,110.9339
486.5000,504.5000,99.0000,169.0000
486.5000,504.5000,99.0000,169.0000
543.8684,474.3684,113.2632,148.2632
542.3146,467.8146,111.3708,146.3708
542.8790,460.3790,131.2420,166.2420
554.5359,480.0359,92.9281,127.9281
553.1259,476.1259,67.7483,102.7483
590.5000,275.5000,99.0000,169.0000
590.5000,275.5000,99.0000,169.0000
486.5000,504.5000,99.0000,169.0000
485.5000,504.5000,99.0000,169.0000
469.5000,489.5000,99.0000,169.0000
469.5000,489.5000,99.0000,169.0000
461.5000,489.5000,99.0000,169.0000
469.5000,489.5000,99.0000,169.0000
555.7539,476.2539,65.4922,100.4922
590.5000,275.5000,99.0000,169.0000
590.5000,275.5000,99.0000,169.0000
461.5000,489.5000,99.0000,169.0000
493.5000,503.5000,99.0000,169.0000
518.5000,504.5000,99.0000,169.0000
494.5000,489.5000,99.0000,169.0000
518.5000,503.5000,99.0000,169.0000
494.5000,489.5000,99.0000,169.0000
469.5000,489.5000,99.0000,169.0000
563.6375,524.6375,60.7250,95.7250
518.5000,504.5000,99.0000,169.0000
545.7150,506.7150,99.5700,134.5699
526.5000,489.5000,99.0000,169.0000
502.5000,489.5000,99.0000,169.0000
501.5000,489.5000,99.0000,169.0000
590.5000,275.5000,99.0000,169.0000
518.5000,489.5000,99.0000,169.0000
556.4466,519.4466,67.1068,102.1068
546.3044,505.3044,95.3912,130.3912
554.2500,523.2500,70.5000,105.5000
550.5211,512.5211,87.9578,122.9578
526.5000,489.5000,99.0000,169.0000
526.5000,489.5000,99.0000,169.0000
526.5000,489.5000,99.0000,169.0000
526.5000,489.5000,99.0000,169.0000
526.5000,489.5000,99.0000,169.0000
537.3301,502.8301,99.3397,134.3397
528.6844,497.6844,108.6312,143.6312
534.7895,497.2895,106.4210,141.4210
526.5000,489.5000,99.0000,169.0000
555.1086,523.6086,63.7829,98.7829
526.5000,489.5000,99.0000,169.0000
526.5000,489.5000,99.0000,169.0000
526.5000,489.5000,99.0000,169.0000
542.5329,503.0329,96.9342,131.9342
545.6445,506.6445,88.7110,123.7110
526.5000,489.5000,99.0000,169.0000
526.5000,489.5000,99.0000,169.0000
526.5000,489.5000,99.0000,169.0000
590.5000,275.5000,99.0000,169.0000
590.5000,275.5000,99.0000,169.0000
590.5000,275.5000,99.0000,169.0000
526.5000,489.5000,99.0000,169.0000
590.5000,275.5000,99.0000,169.0000
534.5000,489.5000,99.0000,169.0000
150.5000,867.5000,99.0000,169.0000
896.9609,107.4609,107.0782,142.0782
894.0441,105.5441,101.9118,136.9118
892.9962,108.9962,99.0076,134.0076
133.5000,852.5000,99.0000,169.0000
158.5000,853.5000,99.0000,169.0000
150.5000,867.5000,99.0000,169.0000
133.5000,839.5000,99.0000,169.0000
134.5000,839.5000,99.0000,169.0000
133.5000,838.5000,99.0000,169.0000
590.5000,275.5000,99.0000,169.0000
534.5000,489.5000,99.0000,169.0000
133.5000,852.5000,99.0000,169.0000
903.9399,121.4399,90.1202,125.1202
903.7188,110.2188,119.5625,154.5625
921.7571,131.7571,84.4857,119.4857
908.0955,111.5955,118.8091,153.8091
899.2500,102.7500,133.5000,168.5000
903.2768,105.2768,119.4464,154.4464
896.4498,106.4499,118.1003,153.1003
897.0728,99.5728,125.8544,160.8544
886.4379,97.4380,127.1241,162.1241
894.6785,115.1785,97.6430,132.6430
150.5000,867.5000,99.0000,169.0000
917.1983,115.6983,84.6034,119.6034
898.5767,107.0767,117.8465,152.8465
910.5019,125.5019,82.9963,117.9963
902.7237,129.7237,68.5526,103.5526
590.5000,275.5000,99.0000,169.0000
551.5000,504.5000,99.0000,169.0000
590.5000,275.5000,99.0000,169.0000
590.5000,275.5000,99.0000,169.0000
150.5000,867.5000,99.0000,169.0000
912.2709,126.7708,82.4583,117.4583
899.0610,111.5610,107.8781,142.8781
902.5508,114.5508,99.8984,134.8984
583.5000,504.5000,99.0000,169.0000
584.5000,504.5000,99.0000,169.0000
150.5000,867.5000,99.0000,169.0000
590.5000,275.5000,99.0000,169.0000
133.5000,852.5000,99.0000,169.0000
887.4315,108.9315,106.1370,141.1370
878.2149,97.7149,122.5702,157.5702
550.2222,586.7222,85.5555,120.5555
875.3361,97.3361,113.3279,148.3279
877.3502,102.8501,119.2997,154.2997
876.3985,92.8985,135.2030,170.2030
900.5650,118.0650,88.8700,123.8700
886.4269,105.9269,117.1461,152.1461
902.6042,125.1042,66.7916,101.7916
900.4465,110.4465,102.1070,137.1070
600.5000,489.5000,99.0000,169.0000
150.5000,867.5000,99.0000,169.0000
150.5000,867.5000,99.0000,169.0000
892.2673,119.7673,107.4655,142.4655
899.6541,127.1541,88.6918,123.6918
906.7568,132.7568,86.4865,121.4865
909.0464,126.5464,93.9072,128.9072
142.5000,867.5000,99.0000,169.0000
150.5000,867.5000,99.0000,169.0000
150.5000,867.5000,99.0000,169.0000
150.5000,867.5000,99.0000,169.0000
134.5000,896.5000,99.0000,169.0000
924.2411,136.7411,70.5179,105.5179
142.5000,867.5000,99.0000,169.0000
923.6229,123.1229,100.7543,135.7543
894.9918,106.9918,133.0165,168.0165
900.4271,115.4271,124.1458,159.1458
888.7784,106.2784,146.4433,181.4433
898.7321,117.2320,129.5359,164.5359
889.5637,117.5636,134.8727,169.8727
890.5682,115.5682,132.8637,167.8637
895.5018,117.0018,119.9965,154.9965
905.5656,131.0656,80.8688,115.8688
888.6719,107.1720,125.6561,160.6561
889.3783,106.3783,130.2434,165.2434
898.1469,118.1468,101.7063,136.7063
900.1601,117.1601,92.6799,127.6799
888.6564,100.1564,127.6873,162.6873
886.0085,111.5085,115.9831,150.9831
885.7188,112.7188,137.5625,172.5625
884.8890,116.3890,135.2219,170.2219
888.4379,114.4380,127.1241,162.1241
885.1927,114.1927,145.6145,180.6145
885.5515,118.5515,142.8970,177.8970
881.8860,121.3860,147.2279,182.2279
899.4621,126.9621,127.0758,162.0758
897.8588,116.3587,129.2825,164.2825
891.5975,116.5975,139.8050,174.8050
897.4747,119.4747,136.0506,171.0506
892.3105,119.3105,142.3790,177.3790
911.5201,126.0202,126.9597,161.9597
911.1876,121.6876,112.6249,147.6249
536.6286,491.1286,88.7428,123.7428
539.4565,492.9565,104.0871,139.0871
518.5000,489.5000,99.0000,169.0000
590.5000,275.5000,99.0000,169.0000
590.5000,275.5000,99.0000,169.0000
590.5000,275.5000,99.0000,169.0000
590.5000,275.5000,99.0000,169.0000
590.5000,275.5000,99.0000,169.0000
590.5000,275.5000,99.0000,169.0000
590.5000,275.5000,99.0000,169.0000
590.5000,275.5000,99.0000,169.0000
590.5000,275.5000,99.0000,169.0000
919.1161,172.1161,89.7679,124.7679
182.5000,867.5000,99.0000,169.0000
183.5000,867.5000,99.0000,169.0000
913.1706,169.1706,93.6588,128.6588
182.5000,867.5000,99.0000,169.0000
183.5000,867.5000,99.0000,169.0000
183.5000,867.5000,99.0000,169.0000
166.5000,839.5000,99.0000,169.0000
908.3758,163.3758,69.2484,104.2484
894.4816,135.4816,121.0367,156.0367
896.9333,150.9333,116.1333,151.1333
895.1539,135.1539,140.6921,175.6921
892.2137,135.2137,142.5726,177.5726
888.6797,135.6797,145.6405,180.6405
893.7532,144.2532,128.4937,163.4937
912.0630,157.5630,112.8739,147.8739
183.5000,867.5000,99.0000,169.0000
898.4406,141.4406,122.1189,157.1189
917.0956,147.0956,112.8088,147.8088
908.5206,154.5207,106.9587,141.9587
906.5029,147.0029,135.9942,170.9942
901.2580,146.7580,143.4840,178.4840
911.1252,149.6252,137.7496,172.7496
908.0675,155.5675,131.8650,166.8650
908.4125,155.9125,103.1749,138.1749
903.0010,149.0010,114.9981,149.9981
911.6916,169.1916,96.6169,131.6169
215.5000,867.5000,99.0000,169.0000
890.8000,167.3000,114.3999,149.3999
912.4879,179.4879,96.0242,131.0242
908.7609,207.2609,72.4782,107.4782
890.4505,160.9505,129.0990,164.0990
898.3655,170.8656,127.2689,162.2689
895.5595,172.5595,121.8809,156.8809
896.7123,175.2123,122.5753,157.5753
899.8937,169.8937,137.2126,172.2126
879.7188,173.2188,127.5625,162.5625
897.8033,185.8033,110.3933,145.3934
889.4379,156.9379,141.1242,176.1242
911.8834,185.3834,96.2333,131.2333
918.9975,179.4975,124.0050,159.0050
907.7933,178.2934,124.4133,159.4133
913.2532,184.2532,128.4937,163.4937
917.7647,200.7647,117.4706,152.4706
918.7085,223.7085,58.5830,93.5830
215.5000,896.5000,99.0000,169.0000
938.6688,176.6688,112.6625,147.6625
921.4730,197.4729,98.0541,133.0541
915.6088,167.1088,129.7823,164.7823
215.5000,867.5000,99.0000,169.0000
925.3183,198.8183,93.3634,128.3634
921.2266,196.2266,97.5469,132.5469
905.5439,185.5439,124.9122,159.9122
925.0753,228.0753,71.8495,106.8495
916.3334,202.8335,103.3331,138.3331
248.5000,867.5000,99.0000,169.0000
248.5000,867.5000,99.0000,169.0000
917.3502,190.8501,119.2997,154.2997
916.4879,210.4879,96.0242,131.0242
907.0858,190.0858,128.8284,163.8284
916.9054,184.9054,128.1893,163.1893
921.5707,197.0707,106.8585,141.8585
923.8827,209.3827,100.2346,135.2346
923.2336,194.2336,125.5329,160.5329
932.8660,207.8660,117.2680,152.2680
928.9158,200.4158,114.1684,149.1684
925.7216,192.7215,128.5569,163.5569
919.6003,190.1003,134.7995,169.7995
913.3021,183.8021,145.3958,180.3958
906.8958,189.3958,149.2083,184.2083
914.5233,188.5232,148.9535,183.9535
914.3032,192.8032,143.3936,178.3936
915.1133,199.6133,133.7734,168.7734
907.3813,201.3813,131.2374,166.2374
903.6613,204.6612,132.6775,167.6775
911.1375,217.1375,110.7250,145.7250
926.8055,222.3055,93.3891,128.3891
913.9763,214.4762,110.0475,145.0475
248.5000,867.5000,99.0000,169.0000
281.5000,897.5000,99.0000,169.0000
264.5000,897.5000,99.0000,169.0000
281.5000,925.5000,99.0000,169.0000
590.5000,275.5000,99.0000,169.0000
248.5000,926.5000,99.0000,169.0000
248.5000,925.5000,99.0000,169.0000
945.2616,237.7616,76.4768,111.4768
916.6152,207.1152,136.7697,171.7697
964.6506,250.1507,64.6987,99.6987
926.5490,234.5490,111.9019,146.9019
922.0215,221.0216,121.9569,156.9569
281.5000,925.5000,99.0000,169.0000
248.5000,896.5000,99.0000,169.0000
932.5788,233.0788,93.8424,128.8424
915.5266,235.5266,112.9468,147.9468
907.5436,228.0437,123.9127,158.9127
913.6193,232.1193,112.7614,147.7614
891.5318,225.5318,137.9364,172.9364
896.1066,219.6066,143.7868,178.7868
886.3620,227.8620,125.2760,160.2760
904.2845,215.2845,136.4310,171.4310
915.6969,226.6969,129.6062,164.6062
932.2955,205.7955,137.4090,172.4090
912.2347,204.2347,147.5306,182.5306
914.2708,231.2708,133.4583,168.4583
916.4862,223.9862,140.0276,175.0276
903.9504,221.9504,144.0992,179.0992
905.0154,218.5154,146.9692,181.9692
898.6330,214.1330,137.7341,172.7341
901.8173,211.3172,142.3655,177.3655
895.5718,214.0718,140.8564,175.8564
904.9317,213.9317,140.1366,175.1366
920.9167,237.4168,117.1665,152.1665
932.6948,249.1948,109.6103,144.6103
931.7260,249.7260,101.5481,136.5480
922.2232,241.7232,126.5536,161.5536
925.1733,251.1734,106.6533,141.6533
929.0334,293.5334,86.9333,121.9333
929.9542,277.9542,89.0917,124.0917
297.5000,896.5000,99.0000,169.0000
918.6408,283.6408,105.7183,140.7183
346.5000,867.5000,99.0000,169.0000
346.5000,867.5000,99.0000,169.0000
314.5000,867.5000,99.0000,169.0000
313.5000,925.5000,99.0000,169.0000
281.5000,926.5000,99.0000,169.0000
977.3417,288.3417,75.3167,110.3167
281.5000,926.5000,99.0000,169.0000
965.8887,271.8887,105.2225,140.2225
933.2532,267.2532,128.4937,163.4937
936.9125,292.9125,93.1749,128.1749
289.5000,911.5000,99.0000,169.0000
298.5000,896.5000,99.0000,169.0000
936.4182,317.9182,67.1635,102.1635
297.5000,897.5000,99.0000,169.0000
281.5000,925.5000,99.0000,169.0000
281.5000,925.5000,99.0000,169.0000
314.5000,896.5000,99.0000,169.0000
289.5000,911.5000,99.0000,169.0000
281.5000,867.5000,99.0000,169.0000
907.3215,253.8215,105.3570,140.3570
918.4665,277.9665,98.0670,133.0670
914.2518,269.7518,84.4964,119.4964
907.4149,268.4149,81.1702,116.1702
895.1371,275.1371,112.7258,147.7258
903.0738,260.5738,118.8524,153.8524
297.5000,853.5000,99.0000,169.0000
942.0629,264.5629,134.8742,169.8742
925.6152,275.1151,136.7697,171.7697
937.6096,268.1096,133.7808,168.7808
938.9916,258.4916,139.0168,174.0168
934.9934,257.9934,135.0132,170.0132
922.8625,281.3625,118.2750,153.2750
956.1780,297.1780,108.6439,143.6439
943.1470,307.6470,95.7061,130.7061
494.5000,896.5000,99.0000,169.0000
955.0105,315.0105,102.9790,137.9790
940.2943,309.7943,90.4115,125.4115
942.2318,319.2318,97.5364,132.5364
948.7545,301.2545,104.4909,139.4909
963.8073,285.8073,121.3853,156.3853
958.4941,288.4942,103.0117,138.0117
960.0454,289.5454,105.9092,140.9092
590.5000,275.5000,99.0000,169.0000
1002.2768,326.7768,70.4464,105.4464
330.5000,911.5000,99.0000,169.0000
938.0556,302.5556,116.8888,151.8888
960.0326,311.0326,108.9348,143.9348
958.8310,307.8310,117.3380,152.3380
981.1607,324.6607,86.6786,121.6786
953.1783,327.1783,96.6434,131.6434
970.1712,313.6712,87.6576,122.6576
970.4540,301.4540,116.0920,151.0920
1000.4542,328.9542,74.0917,109.0917
968.0924,299.5924,125.8151,160.8151
969.1355,316.1355,98.7291,133.7290
943.7827,308.7826,118.4348,153.4348
947.3646,316.3646,108.2707,143.2707
959.9310,319.4310,111.1381,146.1381
590.5000,275.5000,99.0000,169.0000
590.5000,275.5000,99.0000,169.0000
590.5000,275.5000,99.0000,169.0000
347.5000,867.5000,99.0000,169.0000
590.5000,275.5000,99.0000,169.0000
590.5000,275.5000,99.0000,169.0000
590.5000,275.5000,99.0000,169.0000
590.5000,275.5000,99.0000,169.0000
590.5000,275.5000,99.0000,169.0000
590.5000,275.5000,99.0000,169.0000
590.5000,275.5000,99.0000,169.0000
412.5000,925.5000,99.0000,169.0000
412.5000,954.5000,99.0000,169.0000
590.5000,275.5000,99.0000,169.0000
590.5000,275.5000,99.0000,169.0000
590.5000,275.5000,99.0000,169.0000
412.5000,896.5000,99.0000,169.0000
412.5000,925.5000,99.0000,169.0000
590.5000,275.5000,99.0000,169.0000
590.5000,275.5000,99.0000,169.0000
590.5000,275.5000,99.0000,169.0000
590.5000,275.5000,99.0000,169.0000
590.5000,275.5000,99.0000,169.0000
590.5000,275.5000,99.0000,169.0000
590.5000,275.5000,99.0000,169.0000
590.5000,275.5000,99.0000,169.0000
590.5000,275.5000,99.0000,169.0000
590.5000,275.5000,99.0000,169.0000
590.5000,275.5000,99.0000,169.0000
590.5000,275.5000,99.0000,169.0000
444.5000,867.5000,99.0000,169.0000
935.3573,438.8573,66.2854,101.2854
453.5000,853.5000,99.0000,169.0000
590.5000,275.5000,99.0000,169.0000
590.5000,275.5000,99.0000,169.0000
590.5000,275.5000,99.0000,169.0000
590.5000,275.5000,99.0000,169.0000
445.5000,867.5000,99.0000,169.0000
590.5000,275.5000,99.0000,169.0000
477.5000,867.5000,99.0000,169.0000
590.5000,275.5000,99.0000,169.0000
590.5000,275.5000,99.0000,169.0000
478.5000,867.5000,99.0000,169.0000
940.2885,501.7885,75.4230,110.4230
590.5000,275.5000,99.0000,169.0000
590.5000,275.5000,99.0000,169.0000
510.5000,955.5000,99.0000,169.0000
510.5000,925.5000,99.0000,169.0000
590.5000,275.5000,99.0000,169.0000
590.5000,275.5000,99.0000,169.0000
590.5000,275.5000,99.0000,169.0000
510.5000,867.5000,99.0000,169.0000
590.5000,275.5000,99.0000,169.0000
590.5000,275.5000,99.0000,169.0000
590.5000,275.5000,99.0000,169.0000
590.5000,275.5000,99.0000,169.0000
590.5000,275.5000,99.0000,169.0000
590.5000,275.5000,99.0000,169.0000
590.5000,275.5000,99.0000,169.0000
590.5000,275.5000,99.0000,169.0000
590.5000,275.5000,99.0000,169.0000
590.5000,275.5000,99.0000,169.0000
590.5000,275.5000,99.0000,169.0000
590.5000,275.5000,99.0000,169.0000
590.5000,275.5000,99.0000,169.0000
590.5000,275.5000,99.0000,169.0000
590.5000,275.5000,99.0000,169.0000
590.5000,275.5000,99.0000,169.0000
590.5000,275.5000,99.0000,169.0000
590.5000,275.5000,99.0000,169.0000
590.5000,275.5000,99.0000,169.0000
590.5000,275.5000,99.0000,169.0000
590.5000,275.5000,99.0000,169.0000
590.5000,275.5000,99.0000,169.0000
590.5000,275.5000,99.0000,169.0000
590.5000,275.5000,99.0000,169.0000
590.5000,275.5000,99.0000,169.0000
590.5000,275.5000,99.0000,169.0000
590.5000,275.5000,99.0000,169.0000
590.5000,275.5000,99.0000,169.0000
590.5000,275.5000,99.0000,169.0000
590.5000,275.5000,99.0000,169.0000
590.5000,275.5000,99.0000,169.0000
590.5000,275.5000,99.0000,169.0000
590.5000,275.5000,99.0000,169.0000
590.5000,275.5000,99.0000,169.0000
502.5000,533.5000,99.0000,169.0000
590.5000,275.5000,99.0000,169.0000
590.5000,275.5000,99.0000,169.0000
590.5000,275.5000,99.0000,169.0000
590.5000,275.5000,99.0000,169.0000
590.5000,275.5000,99.0000,169.0000
590.5000,275.5000,99.0000,169.0000
590.5000,275.5000,99.0000,169.0000
590.5000,275.5000,99.0000,169.0000
478.5000,925.5000,99.0000,169.0000
590.5000,275.5000,99.0000,169.0000
590.5000,275.5000,99.0000,169.0000
534.5000,489.5000,99.0000,169.0000
590.5000,275.5000,99.0000,169.0000
590.5000,275.5000,99.0000,169.0000
590.5000,275.5000,99.0000,169.0000
590.5000,275.5000,99.0000,169.0000
590.5000,275.5000,99.0000,169.0000
590.5000,275.5000,99.0000,169.0000
590.5000,275.5000,99.0000,169.0000
590.5000,275.5000,99.0000,169.0000
590.5000,275.5000,99.0000,169.0000
590.5000,275.5000,99.0000,169.0000
510.5000,955.5000,99.0000,169.0000
590.5000,275.5000,99.0000,169.0000
590.5000,275.5000,99.0000,169.0000
590.5000,275.5000,99.0000,169.0000
590.5000,275.5000,99.0000,169.0000
510.5000,954.5000,99.0000,169.0000
1045.2223,501.2222,94.5555,129.5555
1012.0080,485.5080,119.9840,154.9840
1016.0942,496.0941,109.8117,144.8117
1010.4730,526.9730,68.0540,103.0540
534.5000,954.5000,99.0000,169.0000
1004.2751,536.7751,59.4499,94.4499
534.5000,954.5000,99.0000,169.0000
985.0214,529.0214,69.9573,104.9573
542.5000,925.5000,99.0000,169.0000
542.5000,925.5000,99.0000,169.0000
590.5000,275.5000,99.0000,169.0000
590.5000,275.5000,99.0000,169.0000
590.5000,275.5000,99.0000,169.0000
590.5000,275.5000,99.0000,169.0000
590.5000,275.5000,99.0000,169.0000
590.5000,275.5000,99.0000,169.0000
590.5000,275.5000,99.0000,169.0000
590.5000,275.5000,99.0000,169.0000
590.5000,275.5000,99.0000,169.0000
590.5000,275.5000,99.0000,169.0000
590.5000,275.5000,99.0000,169.0000
590.5000,275.5000,99.0000,169.0000
590.5000,275.5000,99.0000,169.0000
590.5000,275.5000,99.0000,169.0000
590.5000,275.5000,99.0000,169.0000
590.5000,275.5000,99.0000,169.0000
590.5000,275.5000,99.0000,169.0000
590.5000,275.5000,99.0000,169.0000
273.5000,809.5000,99.0000,169.0000
273.5000,809.5000,99.0000,169.0000
590.5000,275.5000,99.0000,169.0000
590.5000,275.5000,99.0000,169.0000
590.5000,275.5000,99.0000,169.0000
590.5000,275.5000,99.0000,169.0000
256.5000,809.5000,99.0000,169.0000
248.5000,809.5000,99.0000,169.0000
590.5000,275.5000,99.0000,169.0000
590.5000,275.5000,99.0000,169.0000
590.5000,275.5000,99.0000,169.0000
590.5000,275.5000,99.0000,169.0000
590.5000,275.5000,99.0000,169.0000
590.5000,275.5000,99.0000,169.0000
272.5000,751.5000,99.0000,169.0000
264.5000,780.5000,99.0000,169.0000
590.5000,275.5000,99.0000,169.0000
590.5000,275.5000,99.0000,169.0000
590.5000,275.5000,99.0000,169.0000
590.5000,275.5000,99.0000,169.0000
590.5000,275.5000,99.0000,169.0000
590.5000,275.5000,99.0000,169.0000
590.5000,275.5000,99.0000,169.0000
590.5000,275.5000,99.0000,169.0000
590.5000,275.5000,99.0000,169.0000
590.5000,275.5000,99.0000,169.0000
590.5000,275.5000,99.0000,169.0000
590.5000,275.5000,99.0000,169.0000
590.5000,275.5000,99.0000,169.0000
590.5000,275.5000,99.0000,169.0000
590.5000,275.5000,99.0000,169.0000
273.5000,809.5000,99.0000,169.0000
870.9384,245.9383,91.1233,126.1233
882.5458,260.5458,69.9083,104.9083
264.5000,838.5000,99.0000,169.0000
882.0114,245.0114,109.9773,144.9773
883.6317,261.1317,79.7366,114.7366
872.0510,247.5510,89.8980,124.8980
264.5000,838.5000,99.0000,169.0000
264.5000,838.5000,99.0000,169.0000
590.5000,275.5000,99.0000,169.0000
590.5000,275.5000,99.0000,169.0000
590.5000,275.5000,99.0000,169.0000
590.5000,275.5000,99.0000,169.0000
590.5000,275.5000,99.0000,169.0000
256.5000,809.5000,99.0000,169.0000
590.5000,275.5000,99.0000,169.0000
590.5000,275.5000,99.0000,169.0000
273.5000,838.5000,99.0000,169.0000
272.5000,838.5000,99.0000,169.0000
590.5000,275.5000,99.0000,169.0000
257.5000,838.5000,99.0000,169.0000
264.5000,838.5000,99.0000,169.0000
590.5000,275.5000,99.0000,169.0000
590.5000,275.5000,99.0000,169.0000
590.5000,275.5000,99.0000,169.0000
265.5000,838.5000,99.0000,169.0000
265.5000,838.5000,99.0000,169.0000
265.5000,838.5000,99.0000,169.0000
906.3296,255.8296,86.3409,121.3409
896.7558,245.2558,103.4884,138.4884
265.5000,839.5000,99.0000,169.0000
590.5000,275.5000,99.0000,169.0000
590.5000,275.5000,99.0000,169.0000
257.5000,867.5000,99.0000,169.0000
256.5000,867.5000,99.0000,169.0000
590.5000,275.5000,99.0000,169.0000
590.5000,275.5000,99.0000,169.0000
590.5000,275.5000,99.0000,169.0000
590.5000,275.5000,99.0000,169.0000
590.5000,275.5000,99.0000,169.0000
256.5000,867.5000,99.0000,169.0000
273.5000,867.5000,99.0000,169.0000
590.5000,275.5000,99.0000,169.0000
590.5000,275.5000,99.0000,169.0000
256.5000,867.5000,99.0000,169.0000
256.5000,897.5000,99.0000,169.0000
445.5000,489.5000,99.0000,169.0000
461.5000,489.5000,99.0000,169.0000
256.5000,867.5000,99.0000,169.0000
461.5000,489.5000,99.0000,169.0000
543.8278,459.3278,78.3444,113.3444
477.5000,489.5000,99.0000,169.0000
477.5000,489.5000,99.0000,169.0000
590.5000,275.5000,99.0000,169.0000
590.5000,275.5000,99.0000,169.0000
436.5000,489.5000,99.0000,169.0000
590.5000,275.5000,99.0000,169.0000
428.5000,489.5000,99.0000,169.0000
590.5000,275.5000,99.0000,169.0000
590.5000,275.5000,99.0000,169.0000
412.5000,489.5000,99.0000,169.0000
420.5000,503.5000,99.0000,169.0000
428.5000,489.5000,99.0000,169.0000
444.5000,489.5000,99.0000,169.0000
428.5000,489.5000,99.0000,169.0000
543.1052,440.6052,70.7897,105.7897
461.5000,489.5000,99.0000,169.0000
428.5000,489.5000,99.0000,169.0000
428.5000,489.5000,99.0000,169.0000
590.5000,275.5000,99.0000,169.0000
590.5000,275.5000,99.0000,169.0000
395.5000,503.5000,99.0000,169.0000
590.5000,275.5000,99.0000,169.0000
412.5000,504.5000,99.0000,169.0000
590.5000,275.5000,99.0000,169.0000
395.5000,504.5000,99.0000,169.0000
590.5000,275.5000,99.0000,169.0000
590.5000,275.5000,99.0000,169.0000
363.5000,504.5000,99.0000,169.0000
379.5000,518.5000,99.0000,169.0000
560.1442,357.6442,92.7117,127.7117
553.9698,335.4698,122.0603,157.0603
542.7588,353.2588,113.4824,148.4824
550.0299,363.5299,82.9402,117.9402
362.5000,503.5000,99.0000,169.0000
363.5000,489.5000,99.0000,169.0000
363.5000,489.5000,99.0000,169.0000
553.5036,355.0036,66.9929,101.9929
542.7905,354.7905,83.4190,118.4190
355.5000,503.5000,99.0000,169.0000
493.5000,489.5000,99.0000,169.0000
533.5546,498.5546,68.8907,103.8907
524.8047,475.3047,89.3905,124.3905
493.5000,489.5000,99.0000,169.0000
494.5000,489.5000,99.0000,169.0000
494.5000,489.5000,99.0000,169.0000
502.5000,475.5000,99.0000,169.0000
502.5000,475.5000,99.0000,169.0000
590.5000,275.5000,99.0000,169.0000
590.5000,275.5000,99.0000,169.0000
590.5000,275.5000,99.0000,169.0000
590.5000,275.5000,99.0000,169.0000
590.5000,275.5000,99.0000,169.0000
590.5000,275.5000,99.0000,169.0000
590.5000,275.5000,99.0000,169.0000
590.5000,275.5000,99.0000,169.0000
590.5000,275.5000,99.0000,169.0000
590.5000,275.5000,99.0000,169.0000
590.5000,275.5000,99.0000,169.0000
590.5000,275.5000,99.0000,169.0000
461.5000,955.5000,99.0000,169.0000
494.5000,489.5000,99.0000,169.0000
590.5000,275.5000,99.0000,169.0000
590.5000,275.5000,99.0000,169.0000
445.5000,925.5000,99.0000,169.0000
469.5000,489.5000,99.0000,169.0000
428.5000,489.5000,99.0000,169.0000
590.5000,275.5000,99.0000,169.0000
502.5000,460.5000,99.0000,169.0000
590.5000,275.5000,99.0000,169.0000
590.5000,275.5000,99.0000,169.0000
590.5000,275.5000,99.0000,169.0000
590.5000,275.5000,99.0000,169.0000
590.5000,275.5000,99.0000,169.0000
590.5000,275.5000,99.0000,169.0000
590.5000,275.5000,99.0000,169.0000
590.5000,275.5000,99.0000,169.0000
590.5000,275.5000,99.0000,169.0000
590.5000,275.5000,99.0000,169.0000
590.5000,275.5000,99.0000,169.0000
590.5000,275.5000,99.0000,169.0000
590.5000,275.5000,99.0000,169.0000
590.5000,275.5000,99.0000,169.0000
330.5000,489.5000,99.0000,169.0000
330.5000,489.5000,99.0000,169.0000
330.5000,489.5000,99.0000,169.0000
313.5000,489.5000,99.0000,169.0000
543.0216,310.5216,63.9568,98.9568
541.3127,299.3127,73.3747,108.3747
313.5000,489.5000,99.0000,169.0000
297.5000,489.5000,99.0000,169.0000
314.5000,489.5000,99.0000,169.0000
533.3837,301.3837,94.2325,129.2325
541.1512,304.1512,78.6976,113.6976
526.5009,282.0009,116.9981,151.9982
536.6328,291.6328,99.7345,134.7345
540.7612,282.2613,99.4775,134.4775
297.5000,489.5000,99.0000,169.0000
469.5000,460.5000,99.0000,169.0000
590.5000,275.5000,99.0000,169.0000
590.5000,275.5000,99.0000,169.0000
590.5000,275.5000,99.0000,169.0000
590.5000,275.5000,99.0000,169.0000
590.5000,275.5000,99.0000,169.0000
590.5000,275.5000,99.0000,169.0000
590.5000,275.5000,99.0000,169.0000
590.5000,275.5000,99.0000,169.0000
590.5000,275.5000,99.0000,169.0000
590.5000,275.5000,99.0000,169.0000
548.6327,286.6327,67.7346,102.7346
551.1306,273.1306,74.7389,109.7389
546.5378,284.0378,75.9244,110.9244
289.5000,503.5000,99.0000,169.0000
297.5000,489.5000,99.0000,169.0000
590.5000,275.5000,99.0000,169.0000
590.5000,275.5000,99.0000,169.0000
281.5000,504.5000,99.0000,169.0000
297.5000,503.5000,99.0000,169.0000
297.5000,911.5000,99.0000,169.0000
590.5000,275.5000,99.0000,169.0000
939.7550,279.7550,99.4900,134.4900
297.5000,911.5000,99.0000,169.0000
297.5000,910.5000,99.0000,169.0000
306.5000,867.5000,99.0000,169.0000
937.8185,282.8185,102.3630,137.3630
951.0211,285.5211,96.9579,131.9579
942.7712,281.7712,102.4575,137.4575
925.6626,272.6626,119.6748,154.6748
934.2163,274.2163,112.5674,147.5674
933.4069,480.4069,89.1863,124.1863
948.1555,490.1555,78.6890,113.6890
931.0922,491.0922,94.8156,129.8156
493.5000,897.5000,99.0000,169.0000
590.5000,275.5000,99.0000,169.0000
590.5000,275.5000,99.0000,169.0000
590.5000,275.5000,99.0000,169.0000
590.5000,275.5000,99.0000,169.0000
590.5000,275.5000,99.0000,169.0000
590.5000,275.5000,99.0000,169.0000
590.5000,275.5000,99.0000,169.0000
590.5000,275.5000,99.0000,169.0000
590.5000,275.5000,99.0000,169.0000
590.5000,275.5000,99.0000,169.0000
590.5000,275.5000,99.0000,169.0000
590.5000,275.5000,99.0000,169.0000
982.0000,512.5000,67.0000,102.0000
590.5000,275.5000,99.0000,169.0000
590.5000,275.5000,99.0000,169.0000
590.5000,275.5000,99.0000,169.0000
590.5000,275.5000,99.0000,169.0000
590.5000,275.5000,99.0000,169.0000
590.5000,275.5000,99.0000,169.0000
590.5000,275.5000,99.0000,169.0000
590.5000,275.5000,99.0000,169.0000
590.5000,275.5000,99.0000,169.0000
590.5000,275.5000,99.0000,169.0000
590.5000,275.5000,99.0000,169.0000
590.5000,275.5000,99.0000,169.0000
590.5000,275.5000,99.0000,169.0000
590.5000,275.5000,99.0000,169.0000
590.5000,275.5000,99.0000,169.0000
590.5000,275.5000,99.0000,169.0000
590.5000,275.5000,99.0000,169.0000
590.5000,275.5000,99.0000,169.0000
590.5000,275.5000,99.0000,169.0000
590.5000,275.5000,99.0000,169.0000
590.5000,275.5000,99.0000,169.0000
590.5000,275.5000,99.0000,169.0000
590.5000,275.5000,99.0000,169.0000
590.5000,275.5000,99.0000,169.0000
590.5000,275.5000,99.0000,169.0000
590.5000,275.5000,99.0000,169.0000
590.5000,275.5000,99.0000,169.0000
590.5000,275.5000,99.0000,169.0000
590.5000,275.5000,99.0000,169.0000
590.5000,275.5000,99.0000,169.0000
590.5000,275.5000,99.0000,169.0000
590.5000,275.5000,99.0000,169.0000
590.5000,275.5000,99.0000,169.0000
590.5000,275.5000,99.0000,169.0000
590.5000,275.5000,99.0000,169.0000
590.5000,275.5000,99.0000,169.0000
590.5000,275.5000,99.0000,169.0000
590.5000,275.5000,99.0000,169.0000
590.5000,275.5000,99.0000,169.0000
590.5000,275.5000,99.0000,169.0000
590.5000,275.5000,99.0000,169.0000
590.5000,275.5000,99.0000,169.0000
590.5000,275.5000,99.0000,169.0000
590.5000,275.5000,99.0000,169.0000
590.5000,275.5000,99.0000,169.0000
590.5000,275.5000,99.0000,169.0000
590.5000,275.5000,99.0000,169.0000
590.5000,275.5000,99.0000,169.0000
590.5000,275.5000,99.0000,169.0000
590.5000,275.5000,99.0000,169.0000
590.5000,275.5000,99.0000,169.0000
590.5000,275.5000,99.0000,169.0000
590.5000,275.5000,99.0000,169.0000
590.5000,275.5000,99.0000,169.0000
590.5000,275.5000,99.0000,169.0000
590.5000,275.5000,99.0000,169.0000
590.5000,275.5000,99.0000,169.0000
590.5000,275.5000,99.0000,169.0000
590.5000,275.5000,99.0000,169.0000
590.5000,275.5000,99.0000,169.0000
590.5000,275.5000,99.0000,169.0000
590.5000,275.5000,99.0000,169.0000
590.5000,275.5000,99.0000,169.0000
590.5000,275.5000,99.0000,169.0000
590.5000,275.5000,99.0000,169.0000
590.5000,275.5000,99.0000,169.0000
590.5000,275.5000,99.0000,169.0000
590.5000,275.5000,99.0000,169.0000
590.5000,275.5000,99.0000,169.0000
590.5000,275.5000,99.0000,169.0000
436.5000,896.5000,99.0000,169.0000
445.5000,925.5000,99.0000,169.0000
469.5000,925.5000,99.0000,169.0000
453.5000,925.5000,99.0000,169.0000
453.5000,925.5000,99.0000,169.0000
590.5000,275.5000,99.0000,169.0000
117.5000,460.5000,99.0000,169.0000
590.5000,275.5000,99.0000,169.0000
590.5000,275.5000,99.0000,169.0000
590.5000,275.5000,99.0000,169.0000
590.5000,275.5000,99.0000,169.0000
485.5000,926.5000,99.0000,169.0000
117.5000,460.5000,99.0000,169.0000
117.5000,460.5000,99.0000,169.0000
101.5000,489.5000,99.0000,169.0000
117.5000,460.5000,99.0000,169.0000
117.5000,460.5000,99.0000,169.0000
117.5000,460.5000,99.0000,169.0000
498.5526,103.0525,89.8949,124.8949
506.4794,99.4794,89.0411,124.0411
519.1578,112.6578,74.6843,109.6843
489.5854,93.5854,102.8292,137.8292
485.5038,87.5038,98.9924,133.9924
117.5000,460.5000,99.0000,169.0000
117.5000,460.5000,99.0000,169.0000
117.5000,460.5000,99.0000,169.0000
117.5000,460.5000,99.0000,169.0000
101.5000,431.5000,99.0000,169.0000
507.9584,101.9584,66.0831,101.0831
117.5000,460.5000,99.0000,169.0000
117.5000,460.5000,99.0000,169.0000
117.5000,460.5000,99.0000,169.0000
117.5000,460.5000,99.0000,169.0000
522.9405,112.4405,82.1190,117.1190
510.3036,94.3036,91.3927,126.3927
117.5000,460.5000,99.0000,169.0000
117.5000,460.5000,99.0000,169.0000
117.5000,460.5000,99.0000,169.0000
509.9071,106.9071,77.1857,112.1857
117.5000,460.5000,99.0000,169.0000
117.5000,460.5000,99.0000,169.0000
134.5000,489.5000,99.0000,169.0000
150.5000,460.5000,99.0000,169.0000
133.5000,489.5000,99.0000,169.0000
150.5000,460.5000,99.0000,169.0000
150.5000,460.5000,99.0000,169.0000
118.5000,460.5000,99.0000,169.0000
150.5000,460.5000,99.0000,169.0000
117.5000,460.5000,99.0000,169.0000
150.5000,460.5000,99.0000,169.0000
590.5000,275.5000,99.0000,169.0000
117.5000,460.5000,99.0000,169.0000
150.5000,460.5000,99.0000,169.0000
117.5000,460.5000,99.0000,169.0000
150.5000,431.5000,99.0000,169.0000
150.5000,460.5000,99.0000,169.0000
134.5000,431.5000,99.0000,169.0000
133.5000,445.5000,99.0000,169.0000
500.2443,102.2443,115.5114,150.5114
490.9235,116.4235,87.1530,122.1530
491.7713,110.7713,96.4574,131.4574
469.7561,113.2561,90.4878,125.4878
478.5228,104.5228,117.9544,152.9544
486.5243,101.5243,123.9513,158.9513
477.3702,103.3702,124.2596,159.2596
473.7816,93.7816,140.4368,175.4368
448.5074,103.5074,125.9853,160.9853
467.0442,99.0442,132.9116,167.9116
464.7268,103.2268,111.5464,146.5464
469.2649,105.2649,116.4701,151.4701
465.2578,104.2578,113.4844,148.4844
456.9391,131.9391,71.1217,106.1217
150.5000,402.5000,99.0000,169.0000
150.5000,402.5000,99.0000,169.0000
453.5526,128.5526,83.8948,118.8948
442.2679,131.7679,63.4642,98.4642
150.5000,387.5000,99.0000,169.0000
446.2875,121.7875,94.4249,129.4249
441.2311,105.7311,115.5379,150.5379
442.0189,104.0189,118.9622,153.9622
451.7110,90.7110,129.5781,164.5781
441.7032,87.7032,121.5937,156.5937
442.8156,91.8156,110.3687,145.3687
452.9918,78.9918,133.0165,168.0165
468.8600,76.8600,140.2800,175.2800
486.6819,75.1819,148.6363,183.6363
478.9994,74.9994,151.0012,186.0012
478.3560,79.3560,147.2880,182.2880
457.4917,78.4917,147.0167,182.0167
432.5318,87.5318,137.9364,172.9364
428.0161,70.5160,142.9679,177.9679
431.7651,103.7651,107.4698,142.4698
428.4019,99.9019,115.1963,150.1963
443.9633,88.9633,133.0733,168.0733
434.2672,106.7673,107.4655,142.4655
430.7934,100.2934,124.4133,159.4133
435.8334,104.8334,118.3331,153.3331
443.7131,118.7131,93.5738,128.5738
441.1876,112.1876,111.6249,146.6249
441.7812,109.7813,121.4375,156.4375
448.2470,104.2470,132.5060,167.5060
455.3891,95.3891,139.2218,174.2218
470.1793,82.1793,155.6414,190.6414
470.0533,93.5533,140.8934,175.8934
471.7181,93.2181,149.5637,184.5637
467.0006,87.5006,153.9988,188.9988
472.8107,88.3107,152.3786,187.3786
474.4887,83.4887,155.0225,190.0225
467.5764,77.5764,159.8472,194.8472
458.5784,79.0784,157.8432,192.8432
465.2639,86.7639,157.4722,192.4722
464.1322,89.6322,155.7356,190.7356
471.2102,89.2102,159.5795,194.5795
463.8176,83.3176,161.3649,196.3649
466.7054,79.7054,161.5892,196.5892
458.1252,77.6251,161.7497,196.7497
464.4169,81.9169,157.1662,192.1662
477.5362,87.0361,154.9277,189.9277
457.2091,76.2091,156.5817,191.5817
456.0049,71.0049,164.9903,199.9903
458.9045,81.9045,160.1910,195.1910
450.6602,72.1602,161.6796,196.6796
456.4169,78.4169,160.1662,195.1662
450.7710,77.2710,159.4579,194.4579
456.6773,77.6773,159.6454,194.6454
453.0436,79.5436,159.9129,194.9129
445.9545,82.4545,151.0911,186.0911
442.5801,76.5801,157.8397,192.8397
447.2358,82.7358,155.5283,190.5283
446.6432,90.1432,149.7135,184.7135
439.6421,90.6421,152.7158,187.7158
430.6931,86.1931,150.6138,185.6138
452.1875,91.6875,150.6249,185.6249
442.2592,83.2592,158.4816,193.4816
449.4772,85.4772,162.0455,197.0455
439.8938,84.3938,150.2125,185.2125
435.1719,83.6719,145.6561,180.6561
414.0836,86.0836,145.8328,180.8328
425.7619,81.7619,154.4762,189.4762
407.1667,84.6667,145.6665,180.6665
426.7454,88.7454,157.5093,192.5093
419.0029,81.5029,157.9942,192.9942
405.1926,81.6926,148.6148,183.6148
403.6150,75.6150,147.7700,182.7700
400.7483,85.2483,157.5035,192.5035
392.7303,82.2303,141.5394,176.5394
400.7087,82.2088,152.5825,187.5825
430.3942,88.8942,164.2116,199.2116
410.8762,79.8762,164.2475,199.2475
397.0628,80.0628,151.8743,186.8743
381.4552,92.4552,129.0896,164.0896
404.6667,88.6667,148.6665,183.6665
402.5667,92.0667,162.8667,197.8667
406.2688,88.7688,152.4624,187.4624
427.7080,106.2080,168.5840,203.5840
438.8231,99.3231,173.3537,208.3537
420.2091,102.7091,159.5818,194.5818
412.9384,104.4384,162.1233,197.1233
418.6285,101.6285,160.7430,195.7430
403.9187,100.4187,157.1627,192.1627
402.6444,109.1444,146.7111,181.7111
410.1354,117.1354,146.7291,181.7291
435.8860,161.8860,119.2280,154.2280
418.8403,190.3403,74.3193,109.3193
406.1206,131.1206,130.7589,165.7589
394.4531,130.4530,128.0939,163.0939
396.7041,127.7041,147.5918,182.5918
410.0640,125.5640,155.8720,190.8720
411.7845,128.2845,145.4310,180.4310
409.4554,123.9554,156.0892,191.0892
400.2144,124.2145,158.5711,193.5711
387.8271,135.3271,131.3459,166.3459
391.5941,139.0941,127.8119,162.8119
385.6922,143.6922,116.6156,151.6156
371.6264,142.1264,103.7471,138.7471
397.1123,162.1123,77.7754,112.7754
353.2500,138.2500,100.5000,135.5000
359.0019,155.5019,81.9962,116.9962
347.6286,157.6286,88.7428,123.7428
342.3075,140.3075,123.3850,158.3850
347.6075,143.1075,112.7851,147.7851
347.4622,138.4622,104.0756,139.0756
366.7358,137.2359,102.5283,137.5283
418.5693,522.0693,63.8614,98.8614
398.6945,516.6946,76.6109,111.6109
393.7188,507.7188,77.5624,112.5624
398.1296,513.1296,79.7407,114.7407
526.5000,372.5000,99.0000,169.0000
543.5000,372.5000,99.0000,169.0000
542.5000,372.5000,99.0000,169.0000
417.7422,531.7422,65.5156,100.5156
527.5000,372.5000,99.0000,169.0000
158.5000,271.5000,99.0000,169.0000
543.5000,372.5000,99.0000,169.0000
231.5000,329.5000,99.0000,169.0000
412.3834,544.3834,66.2332,101.2332
590.5000,275.5000,99.0000,169.0000
518.5000,372.5000,99.0000,169.0000
590.5000,275.5000,99.0000,169.0000
590.5000,275.5000,99.0000,169.0000
590.5000,275.5000,99.0000,169.0000
510.5000,373.5000,99.0000,169.0000
510.5000,344.5000,99.0000,169.0000
158.5000,285.5000,99.0000,169.0000
167.5000,343.5000,99.0000,169.0000
166.5000,329.5000,99.0000,169.0000
380.4799,166.4799,65.0403,100.0403
159.5000,329.5000,99.0000,169.0000
351.5667,166.0667,72.8666,107.8666
182.5000,285.5000,99.0000,169.0000
159.5000,271.5000,99.0000,169.0000
302.6241,152.1241,101.7518,136.7518
182.5000,227.5000,99.0000,169.0000
183.5000,227.5000,99.0000,169.0000
590.5000,275.5000,99.0000,169.0000
166.5000,271.5000,99.0000,169.0000
590.5000,275.5000,99.0000,169.0000
590.5000,275.5000,99.0000,169.0000
590.5000,275.5000,99.0000,169.0000
590.5000,275.5000,99.0000,169.0000
590.5000,275.5000,99.0000,169.0000
590.5000,275.5000,99.0000,169.0000
590.5000,275.5000,99.0000,169.0000
590.5000,275.5000,99.0000,169.0000
590.5000,275.5000,99.0000,169.0000
590.5000,275.5000,99.0000,169.0000
590.5000,275.5000,99.0000,169.0000
590.5000,275.5000,99.0000,169.0000
590.5000,275.5000,99.0000,169.0000
590.5000,275.5000,99.0000,169.0000
590.5000,275.5000,99.0000,169.0000
590.5000,275.5000,99.0000,169.0000
590.5000,275.5000,99.0000,169.0000
150.5000,285.5000,99.0000,169.0000
590.5000,275.5000,99.0000,169.0000
590.5000,275.5000,99.0000,169.0000
590.5000,275.5000,99.0000,169.0000
590.5000,275.5000,99.0000,169.0000
590.5000,275.5000,99.0000,169.0000
590.5000,275.5000,99.0000,169.0000
142.5000,402.5000,99.0000,169.0000
142.5000,416.5000,99.0000,169.0000
150.5000,388.5000,99.0000,169.0000
142.5000,416.5000,99.0000,169.0000
590.5000,275.5000,99.0000,169.0000
590.5000,275.5000,99.0000,169.0000
149.5000,401.5000,99.0000,169.0000
142.5000,402.5000,99.0000,169.0000
142.5000,402.5000,99.0000,169.0000
459.1086,140.1086,63.7829,98.7829
142.5000,416.5000,99.0000,169.0000
590.5000,275.5000,99.0000,169.0000
590.5000,275.5000,99.0000,169.0000
134.5000,504.5000,99.0000,169.0000
134.5000,504.5000,99.0000,169.0000
555.0452,130.5452,61.9097,96.9097
133.5000,504.5000,99.0000,169.0000
530.0475,116.0475,92.9051,127.9051
134.5000,504.5000,99.0000,169.0000
134.5000,503.5000,99.0000,169.0000
590.5000,275.5000,99.0000,169.0000
590.5000,275.5000,99.0000,169.0000
590.5000,275.5000,99.0000,169.0000
590.5000,275.5000,99.0000,169.0000
590.5000,275.5000,99.0000,169.0000
590.5000,275.5000,99.0000,169.0000
134.5000,503.5000,99.0000,169.0000
481.9508,124.4508,85.0985,120.0985
134.5000,445.5000,99.0000,169.0000
481.9967,110.4967,106.0066,141.0066
488.5942,113.0942,103.8116,138.8116
493.8017,114.3017,101.3965,136.3965
499.5705,117.5705,92.8590,127.8590
476.7026,108.7026,107.5947,142.5948
493.2550,110.2550,99.4900,134.4900
468.7836,104.2836,116.4328,151.4328
500.1980,110.6980,97.6041,132.6040
499.2546,107.2546,103.4907,138.4907
523.3001,125.8001,69.3997,104.3997
491.2834,122.7834,79.4333,114.4333
492.1720,118.1720,89.6559,124.6559
444.5000,955.5000,99.0000,169.0000
451.0648,132.5648,64.8704,99.8704
133.5000,445.5000,99.0000,169.0000
991.7418,430.7419,95.5163,130.5163
979.6028,450.6028,93.7945,128.7945
993.8216,445.3216,84.3568,119.3568
1004.3802,454.3802,76.2395,111.2395
437.6670,125.6670,73.6661,108.6661
429.1440,116.1440,89.7119,124.7119
411.4315,113.4315,96.1369,131.1369
388.2012,103.2012,113.5976,148.5976
390.3728,107.3728,100.2543,135.2543
406.9351,102.4351,113.1298,148.1298
422.5925,112.5925,106.8149,141.8149
389.2835,103.7835,118.4329,153.4329
425.4794,120.9794,92.0412,127.0412
412.6876,119.6876,89.6248,124.6248
405.9137,114.4137,103.1726,138.1726
391.6571,115.6571,96.6858,131.6858
403.9601,119.9601,98.0798,133.0798
423.5207,111.5207,106.9587,141.9587
414.0428,114.5428,104.9143,139.9144
420.8547,111.3547,107.2906,142.2906
416.0631,112.5631,106.8738,141.8738
417.2679,113.2679,98.4643,133.4643
428.9251,105.4251,102.1498,137.1498
432.5000,104.0000,108.0000,143.0000
430.4001,97.9002,112.1997,147.1997
424.9761,112.9761,94.0477,129.0477
429.2408,121.2407,76.5185,111.5185
425.9214,111.9214,90.1571,125.1571
431.2872,115.2872,86.4256,121.4256
133.5000,387.5000,99.0000,169.0000
436.4544,125.4544,70.0913,105.0913
435.4939,126.9939,70.0122,105.0122
133.5000,387.5000,99.0000,169.0000
133.5000,387.5000,99.0000,169.0000
430.8036,113.8036,91.3927,126.3927
421.0368,116.5368,91.9264,126.9264
411.5417,107.5417,107.9166,142.9166
421.6042,114.1042,93.7916,128.7916
422.0458,113.5458,99.9083,134.9083
436.1706,113.6706,93.6588,128.6588
426.0368,113.5368,91.9264,126.9264
419.2316,111.7316,100.5368,135.5368
416.4465,111.9465,95.1070,130.1070
414.2182,111.2182,100.5637,135.5637
411.0911,110.5911,98.8178,133.8178
413.0632,112.5632,100.8736,135.8736
414.9251,114.4251,102.1498,137.1498
428.1602,120.6603,90.6795,125.6795
424.7713,115.2713,99.4575,134.4575
946.3423,68.8423,87.3153,122.3153
422.5013,111.0013,98.9975,133.9975
418.6736,103.1736,107.6528,142.6528
416.6777,93.6777,125.6446,160.6446
