0.409082
0.044641
0.041148
0.041121
0.057546
0.030195
0.019381
0.026546
0.021254
0.031253
0.056708
0.035669
0.036022
0.038502
0.037568
0.029415
0.029518
0.036819
0.033693
0.031849
0.029103
0.031067
0.030628
0.033765
0.032938
0.035753
0.033012
0.034279
0.034254
0.034346
0.030332
0.031760
0.027744
0.034072
0.027032
0.032066
0.026822
0.020672
0.027196
0.027187
0.029402
0.033440
0.030858
0.031726
0.032542
0.029639
0.034774
0.036442
0.029850
0.033203
0.032011
0.031378
0.031106
0.030331
0.030790
0.012614
0.019607
0.019200
0.020615
0.027942
0.022264
0.022641
0.025166
0.033646
0.031919
0.033827
0.037505
0.028391
0.040456
0.038604
0.037074
0.042652
0.033412
0.030615
0.035927
0.036317
0.045168
0.032469
0.043742
0.033310
0.036873
0.043804
0.044737
0.049706
0.030736
0.031886
0.034263
0.061591
0.039881
0.040470
0.054960
0.046787
0.033640
0.030738
0.030712
0.040057
0.040164
0.052128
0.025778
0.031923
0.023642
0.028872
0.016584
0.020356
0.016689
0.021106
0.016764
0.024628
0.021255
0.016506
0.016644
0.025931
0.029583
0.030025
0.030775
0.030096
0.020252
0.022060
0.022209
0.026253
0.023916
0.021798
0.023621
0.027149
0.023853
0.022612
0.021708
0.021972
0.025489
0.031237
0.030175
0.022937
0.021706
0.029046
0.022588
0.023876
0.021523
0.024976
0.021657
0.028721
0.033680
0.028766
0.025736
0.025694
0.022710
0.030020
0.034003
0.039104
0.034523
0.026639
0.025034
0.024715
0.027213
0.028528
0.034875
0.041469
0.039690
0.025918
0.032324
0.025920
0.026075
0.025817
0.025774
0.027452
0.027322
0.025747
0.032735
0.026597
0.027601
0.025762
0.035342
0.046343
0.035900
0.022233
0.019772
0.026983
0.037415
0.017657
0.023609
0.028524
0.026336
0.015343
0.023169
0.022966
0.024800
0.025177
0.024501
0.024166
0.023961
0.023865
0.032368
0.027365
0.026010
0.025278
0.024535
0.024481
0.025308
0.026392
0.024454
0.024560
0.014822
0.019295
0.016510
0.018020
0.015038
0.017352
0.014691
0.016637
0.016504
0.016437
0.018416
0.020151
0.013637
0.024102
0.024519
0.017699
0.028382
0.029417
0.024984
0.017015
0.016767
0.017095
0.017636
0.018437
0.016629
0.017218
0.017516
0.022908
0.018371
0.019266
0.024856
0.021831
0.030278
0.025305
0.034103
0.026304
0.023927
0.025530
0.023827
0.023680
0.023685
0.033243
0.025348
0.033890
0.031405
0.023811
0.023760
0.024447
0.026704
0.025333
0.027510
0.025953
0.034595
0.039318
0.028369
0.028220
0.028088
0.027745
0.036860
0.034503
0.041093
0.037454
0.029307
0.026980
0.033045
0.025165
0.026845
0.031839
0.026631
0.031999
0.023863
0.024817
0.027537
0.025294
0.034435
0.034070
0.039366
0.034445
0.035884
0.039764
0.037604
0.035913
0.026397
0.029802
0.027816
0.027010
0.026430
0.026675
0.026436
0.032526
0.033997
0.026860
0.043436
0.035934
0.042346
0.042403
0.037815
0.040781
0.042181
0.027721
0.026547
0.028891
0.026227
0.028613
0.037199
0.036740
0.035780
0.048658
0.027284
0.026146
0.031101
0.030640
0.026285
0.027802
0.031264
0.033835
0.026498
0.026586
0.032277
0.028993
0.026592
0.029200
0.026820
0.036941
0.030152
0.037460
0.026253
0.027145
0.036421
0.035818
0.034033
0.036247
0.030104
0.029274
0.040275
0.033431
0.029329
0.029653
0.034441
0.022428
0.022873
0.021778
0.030017
0.048027
0.036103
0.033611
0.036163
0.033991
0.034369
0.021559
0.022129
0.022334
0.023600
0.022422
0.022601
0.029457
0.021961
0.029189
0.022151
0.024570
0.022735
0.021880
0.021982
0.021844
0.025679
0.023802
0.023200
0.029483
0.029534
0.030971
0.029763
0.031770
0.033230
0.029791
0.032890
0.031844
0.033624
0.036376
0.031971
0.037877
0.035794
0.036585
0.035654
0.034578
0.034779
0.034169
0.033465
0.033275
0.034468
0.030914
0.024296
0.031299
0.033966
0.038794
0.022600
0.029475
0.034572
0.031034
0.032615
0.031905
0.031524
0.031858
0.040204
0.045845
0.046362
0.039973
0.033047
0.033744
0.035830
0.040147
0.033162
0.032230
0.039175
0.044170
0.035566
0.028313
0.028933
0.029240
0.032227
0.025749
0.024874
0.034121
0.038230
0.036336
0.047192
0.040726
0.025110
0.034578
0.038043
0.034642
0.034339
0.037231
0.034636
0.034310
0.036905
0.036847
0.028099
0.037560
0.036695
0.036460
0.038297
0.039894
0.043643
0.028183
0.027798
0.030172
0.029955
0.029394
0.042585
0.031307
0.029466
0.029968
0.030544
0.029619
0.030279
0.031520
0.038667
0.031698
0.037454
0.036662
0.031673
0.032833
0.034029
0.058873
0.036768
0.032129
0.037592
0.036059
0.035949
0.038967
0.037210
0.036977
0.042591
0.036491
0.036682
0.041835
0.039912
0.036769
0.038661
0.036996
0.039591
0.036826
0.037144
0.036181
0.040892
0.036128
0.036456
0.037865
0.038705
0.027169
0.028764
0.030957
0.037379
0.040023
0.034005
0.030653
0.041380
0.042104
0.031520
0.033861
0.032880
0.030711
0.031024
0.036767
0.027986
0.025903
0.030210
0.027224
0.027167
0.027534
0.028510
0.027519
0.038806
0.053187
0.040590
0.037090
0.025171
0.029889
0.031401
0.034827
0.034802
0.033897
0.033887
0.033682
0.043158
0.033929
0.036384
0.034006
0.033944
0.034598
0.034765
0.033987
0.035946
0.039114
0.038330
0.035019
0.039212
0.037722
0.039972
0.038680
0.037457
0.037879
0.040577
0.037601
0.044958
0.037740
0.032697
0.032309
0.031296
0.032321
0.032040
0.031458
0.033623
0.031370
0.031854
0.031609
0.033247
0.037019
0.044549
0.041387
0.040412
0.042145
0.041081
0.039998
0.039880
0.045605
0.040184
0.029227
0.034684
0.030108
0.029041
0.029976
0.030881
0.031134
0.029155
0.031866
0.041001
0.039975
0.038461
0.040062
0.040294
0.042786
0.041030
0.040740
0.033416
0.029180
0.029013
0.040287
0.031188
0.029179
0.022572
0.026335
0.021676
0.031245
0.043467
0.036384
0.035911
0.035583
0.035115
0.035270
0.043345
0.041173
0.039794
0.036407
0.033147
0.024083
0.029148
0.035832
0.033125
0.033232
0.038094
0.033254
0.036459
0.034873
0.033248
0.033731
0.035517
0.036294
0.033328
0.035336
0.039172
0.041882
0.042234
0.038353
0.036687
0.033691
0.039338
0.041160
0.040001
0.039984
0.042173
0.047903
0.042745
0.043161
0.034274
0.040699
0.046327
0.028370
0.033706
0.031514
0.039624
0.032421
0.031314
0.034598
0.032036
0.033928
0.034151
0.035384
0.033716
0.033844
0.038309
0.038831
0.038375
0.043144
0.038367
0.038951
0.039416
0.040574
0.038521
0.043000
0.038122
0.048368
0.040830
0.039498
0.041117
0.038408
0.039084
0.038703
0.038437
0.038216
0.043023
0.038168
0.038424
0.039237
0.038788
0.027691
0.030310
0.030566
0.030050
0.030929
0.049218
0.034237
0.036766
0.035737
0.034844
0.033957
0.034879
0.038291
0.034334
0.036010
0.035579
0.036589
0.029402
0.024239
0.029683
0.026577
0.027746
0.026749
0.025332
0.026980
0.025566
0.027666
0.029029
0.030299
0.029955
0.033392
0.027873
0.030212
0.030289
0.034434
0.021155
0.017727
0.017962
0.018046
0.017926
0.017861
0.014203
0.014931
0.015507
0.014442
0.016959
0.017560
0.014292
0.018073
0.014624
0.017982
0.014412
0.014326
0.014464
0.014540
0.018147
0.014883
0.014470
0.015792
0.017228
0.019606
0.019802
0.020226
0.018809
0.021820
0.018639
0.018293
0.023596
0.023687
0.025651
0.022733
0.019666
0.019154
0.022571
0.022567
0.022414
0.025144
0.029296
0.026654
0.025420
0.028360
0.025791
0.025435
0.027370
0.025588
0.038264
0.034786
0.026470
0.027502
0.026858
0.025445
0.027537
0.027349
0.027206
0.027536
0.024363
0.022741
0.042714
0.026769
0.038858
0.033905
0.023670
0.023355
0.023937
0.024445
0.024587
0.023620
0.024800
0.012671
0.034168
0.027342
0.037076
0.024417
0.019536
0.018964
0.015781
0.017064
0.019034
0.015991
0.016279
0.015946
0.015061
0.016221
0.016196
0.013993
0.014574
0.033400
0.029445
0.030793
0.029287
0.029945
0.014978
0.023557
0.030207
0.031241
0.034906
0.034038
0.019345
0.015063
0.016816
0.022326
0.022431
0.037812
0.037387
0.024397
0.020854
0.022953
0.023076
0.022856
0.022927
0.026395
0.026532
0.022986
0.023900
0.031318
0.039936
0.023060
0.027685
0.025398
0.025086
0.029150
0.025658
0.024910
0.024983
0.031041
0.025628
0.025664
0.024327
0.040987
0.039349
0.021891
0.018100
0.016538
0.015684
0.019687
0.015485
0.016225
0.015851
0.015861
0.015666
0.028798
0.015242
0.020389
0.015993
0.015794
0.019858
0.016223
0.019714
0.016532
0.017298
0.015734
0.013410
0.013865
0.015003
0.018204
0.019653
0.022905
0.019589
0.019009
0.019137
0.018537
0.022497
0.026522
0.024874
0.018927
0.018569
0.019282
0.022820
0.019252
0.020792
0.018371
0.020504
0.019273
0.021806
0.019929
0.016883
0.016797
0.019832
0.016512
0.016996
0.017151
0.018545
0.018487
0.033328
0.018406
0.019118
0.022143
0.018420
0.018766
0.018546
0.018298
0.032310
0.022557
0.030371
0.021648
0.021340
0.021990
0.023132
0.025854
0.023432
0.040153
0.029928
0.022448
0.049662
0.024759
0.024125
0.022526
0.027381
0.048930
0.030258
0.038872
0.022877
0.023972
0.025851
0.023563
0.025828
0.022737
0.050393
0.044778
0.023144
0.022663
0.026796
0.027192
0.022314
0.018239
0.021666
0.018132
0.033141
0.017667
0.017674
0.015632
0.019794
0.017496
0.016420
0.020442
0.021755
0.042346
0.023862
0.021022
0.036907
0.032910
0.021368
0.026288
0.032038
0.025140
0.027927
0.029179
0.022434
0.021817
0.022043
0.023139
0.022006
0.023643
0.022107
0.028828
0.023082
0.025654
0.024364
0.022798
0.022025
0.023469
0.024389
0.028545
0.027235
0.021868
0.024059
0.030920
0.026284
0.024498
0.022754
0.022529
0.039995
0.021465
0.021530
0.040698
0.022214
0.021594
0.023651
0.021374
0.019852
0.019935
0.023448
0.021269
0.030916
0.040555
0.022271
0.021131
0.021829
0.026533
0.022308
0.019611
0.022601
0.021124
0.024295
0.027274
0.024550
0.034615
0.025488
0.025248
0.026285
0.027855
0.019460
0.013279
0.011223
0.011511
0.012201
0.010554
0.019427
0.029078
0.021310
0.018979
0.023537
0.030706
0.028177
0.036416
0.017213
0.016710
0.034650
0.028726
0.033752
0.018526
0.014853
0.016166
0.018305
0.021717
0.021329
0.020446
0.026875
0.026792
0.021109
0.036186
0.023292
0.029919
0.021144
0.023391
0.032788
0.029831
0.025920
0.031076
0.029323
0.028352
0.030051
0.029145
0.037822
0.031302
0.031795
0.026869
0.027340
0.028807
0.032187
0.027799
0.031478
0.028342
0.031406
0.029082
0.029119
0.028314
0.039398
0.033291
0.033944
0.032520
0.030324
0.034087
0.033567
0.028547
0.028015
0.031215
0.031890
0.038211
0.027745
0.034032
0.025603
0.021772
0.033824
0.027387
0.027809
0.023756
0.019108
0.020725
0.017056
0.027175
0.015947
0.017323
0.026369
0.018837
0.016226
0.016055
0.019496
0.016809
0.017325
0.023582
0.027714
0.026397
0.020924
0.018865
0.018716
0.018687
0.016246
0.016324
0.019419
0.016315
0.027082
0.021047
0.021657
0.024335
0.034313
0.032495
0.039778
0.034208
0.034131
0.034497
0.025247
0.028539
0.029063
0.042889
0.031418
0.030358
0.030079
0.034015
0.027711
0.033146
0.030027
0.027773
0.027636
0.035494
0.027781
0.028216
0.028058
0.031218
0.030767
0.028908
0.023728
0.026729
0.028833
0.027350
0.034886
0.028383
0.038073
0.035528
0.031457
0.030810
0.034616
0.030912
0.030355
0.026368
0.028828
0.042601
0.034079
0.036493
0.033923
0.034415
0.024452
0.031219
0.034969
0.033875
0.041627
0.028063
0.018685
0.026388
0.012163
0.016933
0.018792
0.017211
0.022351
0.015618
0.016408
0.015382
0.018810
0.022516
0.017545
0.015901
0.016869
0.015853
0.019790
0.026262
0.021689
0.025317
0.023004
0.025511
0.024968
0.024467
0.022820
0.036343
0.042418
0.023704
0.022994
0.023092
0.022877
0.026556
0.025152
0.023762
0.022966
0.023076
0.030521
0.032083
0.022786
0.033460
0.022936
0.025912
0.025188
0.023433
0.032284
0.029600
0.023463
0.026125
0.026562
0.028035
0.033767
0.027991
0.030534
0.030801
0.020447
0.031592
0.019951
0.021542
0.021208
0.028238
0.019727
0.016577
0.025624
0.022900
0.022084
0.022121
0.023021
0.035634
0.023254
0.021765
0.023323
0.027762
0.022151
0.017137
0.017073
0.018484
0.018923
0.018195
0.024327
0.017982
0.016952
0.018241
0.017816
0.021185
0.019488
0.016899
0.017754
0.018206
0.017684
0.020708
0.026533
0.035878
0.023136
0.023135
0.023152
0.027096
0.028416
0.028135
0.025710
0.027230
0.025834
0.032682
0.024518
0.024976
0.026437
0.024670
0.025178
0.027516
0.026329
0.027828
0.025418
0.025932
0.024462
0.023864
0.023440
0.024340
0.024745
0.026650
0.025855
0.024600
0.035534
0.033057
0.025657
0.027302
0.025964
0.027042
0.025711
0.018652
0.012429
0.011954
0.013716
0.018653
0.016387
0.014427
0.021863
0.014636
0.014360
0.024587
0.022721
0.019578
0.014294
0.015107
0.018674
0.021627
0.023244
0.012327
0.020629
0.011836
0.011609
0.022107
0.017102
0.015886
0.015150
0.015625
0.016651
0.016495
0.016172
0.016600
0.019118
0.015114
0.022922
0.015507
0.016466
0.019815
0.015928
0.027991
0.019995
0.016133
0.022273
0.021996
0.025558
0.021235
0.032490
0.023527
0.026470
0.023232
0.023057
0.024849
0.023600
0.027045
0.026792
0.023014
0.024376
0.028609
0.022844
0.024176
0.024021
0.023745
0.034288
0.025061
0.024351
0.032990
0.023213
0.025155
0.022949
0.017022
0.020164
0.016664
0.018788
0.018890
0.017216
0.017473
0.016591
0.016791
0.020355
0.020893
0.026448
0.017039
0.017219
0.016925
0.016961
0.020171
0.018458
0.019614
0.020334
0.019836
0.021225
0.021320
0.025146
0.020622
0.025537
0.027867
0.021140
0.015748
0.025020
0.015651
0.015556
0.017638
0.020912
0.014366
0.015863
0.015940
0.015413
0.018201
0.014222
0.014278
0.014430
0.014213
0.016346
0.024672
0.032528
0.031331
0.018102
0.017877
0.018180
0.021873
0.017994
0.017864
0.017641
0.017915
0.016613
0.014879
0.014797
0.016101
0.013904
0.015368
0.018790
0.014610
0.014259
0.014407
0.015189
0.018082
0.021681
0.020038
0.022203
0.019582
0.019531
0.021117
0.023979
0.023392
0.022704
0.021805
0.022915
0.025041
0.021721
0.022179
0.022673
0.024375
0.028006
0.021810
0.021856
0.021667
0.023172
0.023514
0.023632
0.024127
0.024659
0.026953
0.024669
0.023726
0.027786
0.024153
0.025245
0.023900
0.025445
0.023875
0.026400
0.023957
0.023606
0.028370
0.026578
0.027637
0.027114
0.028820
0.027336
0.024291
0.029002
0.029168
0.029035
0.031729
0.029694
0.030506
0.029710
0.034717
0.031226
0.029076
0.032285
0.030520
0.029978
0.033710
0.029509
0.029079
0.035038
0.030503
0.029279
0.030309
0.029819
0.019087
0.011312
0.011245
0.011292
0.011355
0.010813
0.018936
0.030574
0.011423
0.011739
0.010249
0.014573
0.012577
0.016812
0.011099
0.014320
0.024175
0.024615
0.022197
0.013342
0.011011
0.010571
0.010503
0.010825
0.010451
0.010489
0.012780
0.015350
0.015645
0.011182
0.015044
0.026679
0.026966
0.028121
0.024296
0.026618
0.025372
0.027813
0.026364
0.025316
0.029524
0.038167
0.020697
0.019161
0.019490
0.019032
0.018683
0.023913
0.021312
0.020318
0.018994
0.018550
0.023990
0.019589
0.018888
0.018934
0.018700
0.021286
0.025205
0.020095
0.019394
0.022180
0.018715
0.026119
0.026611
0.027815
0.025869
0.025592
0.024663
0.029290
0.028356
0.026322
0.025832
0.030077
0.030579
0.028198
0.026206
0.025623
0.026154
0.030604
0.026126
0.026008
0.026261
0.029275
0.029196
0.025783
0.026078
0.034531
0.023369
0.030176
0.030122
0.030617
0.034601
0.029735
0.047271
0.030873
0.029875
0.029672
0.030349
0.030666
0.030880
0.031798
0.041724
0.034185
0.033713
0.031799
0.031720
0.031669
0.037101
0.032517
0.018776
0.050465
0.017354
0.019420
0.017441
0.017118
0.016498
0.013891
0.013767
0.014080
0.019011
0.013786
0.013673
0.014060
0.014190
0.013309
0.013647
0.033236
0.017839
0.030897
0.016839
0.014252
0.013284
0.014369
0.015059
0.021111
0.020095
0.020300
0.017790
0.015869
0.022332
0.025317
0.023270
0.023085
0.022968
0.024829
0.030810
0.025515
0.022780
0.022854
0.026724
0.024953
0.025448
0.022986
0.025688
0.030892
0.037202
0.024454
0.027451
0.025090
0.037610
0.036937
0.042147
0.038941
0.035278
0.033934
0.041246
0.035421
0.025787
0.030150
0.035315
0.043921
0.034567
0.032739
0.039655
0.033813
0.033645
0.038333
0.031840
0.033636
0.032071
0.036705
0.034768
0.034729
0.038402
0.034008
0.035094
0.035181
0.034767
0.036079
0.033988
0.026817
0.030909
0.036419
0.037534
0.034433
0.035263
0.025302
0.026727
0.026077
0.032973
0.022748
0.036090
0.017702
0.016693
0.036791
0.023726
0.020400
0.018614
0.018554
0.020226
0.019096
0.035912
0.024721
0.041990
0.028660
0.025159
0.025173
0.026618
0.030612
0.025153
0.045295
0.042577
0.033434
0.028709
0.029251
0.029373
0.029353
0.032362
0.030140
0.029909
0.026787
0.025949
0.028543
0.026777
0.044632
0.038325
0.026541
0.030001
0.025796
0.028141
0.028082
0.027578
0.025963
0.026856
0.030259
0.028502
0.028061
0.029224
0.039300
0.027364
0.027661
0.030764
0.041899
0.027340
0.022521
0.049131
0.026670
0.039699
0.036742
0.031598
0.033762
0.049467
0.032573
0.030532
0.033432
0.035733
0.028621
0.029139
0.029796
0.029284
0.028899
0.027241
0.026922
0.029229
0.029627
0.028154
0.030134
0.032273
0.027737
0.020880
0.023389
0.019233
0.023221
0.025716
0.020973
0.020949
0.020517
0.023090
0.026772
0.025649
0.025329
0.030823
0.025486
0.018698
0.024682
0.025073
0.025514
0.026321
0.025594
0.025156
0.025777
0.030122
0.025807
0.027790
0.032819
0.040256
0.026487
0.033858
0.030322
0.025764
0.024772
0.024661
0.033051
0.025147
0.024733
0.026321
0.023467
0.029531
0.030075
0.031065
0.026259
0.036125
0.032519
0.034158
0.033550
0.032540
0.034795
0.032031
0.021253
0.018965
0.021172
0.029961
0.030746
0.030423
0.024326
0.022732
0.017462
0.024499
0.023070
0.015215
0.020665
0.023242
0.019607
0.018890
0.023512
0.019707
0.017890
0.024082
0.020215
0.021487
0.018483
0.018825
0.019566
0.024491
0.022845
0.022736
0.025116
0.023700
0.026798
0.029664
0.030444
0.028231
0.028703
0.028564
0.032671
0.029319
0.028566
0.028582
0.037539
0.028027
0.028885
0.029464
0.044130
0.028280
0.031678
0.029282
0.029634
0.029499
0.028593
0.030090
0.030663
0.028366
0.029617
0.028919
0.037066
0.031772
0.035427
0.036511
0.036626
0.035414
0.034454
0.049404
0.030303
0.031265
0.032643
0.032380
0.031388
0.030789
0.037395
0.032197
0.031235
0.031930
0.031770
0.030822
0.030787
0.031728
0.032333
0.031349
0.031421
0.031949
0.032223
0.031599
0.033851
0.031043
0.043867
0.032169
0.030961
0.025613
0.026982
0.025090
0.024020
0.023769
0.030861
0.020991
0.020340
0.025884
0.018854
0.018414
0.018400
0.029505
0.020362
0.021138
0.015669
0.014669
0.014343
0.026994
0.019082
0.018537
0.020386
0.018669
0.018905
0.020765
0.016516
0.017485
0.017468
0.015755
0.017133
0.030828
0.018733
0.017481
0.016493
0.020321
0.023271
0.023155
0.036417
0.024544
0.021643
0.025173
0.033171
0.020394
0.021905
0.021366
0.021560
0.019794
0.021890
0.023167
0.023247
0.022830
0.025611
0.024630
0.022239
0.034071
0.040996
0.040821
0.040206
0.051365
0.036098
0.054427
0.034690
0.034038
0.033842
0.035011
0.034971
0.037138
0.034176
0.029559
0.028765
0.026363
0.034198
0.028874
0.033042
0.027460
0.027521
0.022460
0.020592
0.021069
0.032192
0.044915
0.031008
0.030134
0.021340
0.025222
0.039277
0.020843
0.023911
0.021286
0.022160
0.024498
0.028718
0.027926
0.040566
0.026875
0.039555
0.035481
0.022527
0.021113
0.013466
0.019987
0.021192
0.028348
0.026858
0.021679
0.018420
0.018434
0.025977
0.033156
0.021446
0.019758
0.020640
0.019195
0.018858
0.027589
0.023036
0.021663
0.018763
0.021407
0.021239
0.019598
0.021290
0.026901
0.029758
0.032182
0.033861
0.018597
0.018267
0.018589
0.018255
0.018867
0.013768
0.013096
0.014045
0.015824
0.020450
0.012887
0.020037
0.015018
0.015436
0.021209
0.027366
0.020790
0.015949
0.015395
0.015192
0.015048
0.015598
0.013125
0.013310
0.013134
0.014544
0.012142
0.013116
0.016248
0.012295
0.012099
0.024188
0.023560
0.021675
0.017778
0.015214
0.015656
0.017697
0.018301
0.019111
0.019047
0.019488
0.018240
0.018083
0.017684
0.016242
0.016560
0.016083
0.021656
0.020983
0.017731
0.019171
0.018551
0.018701
0.030085
0.017721
0.024097
0.036497
0.037107
0.027718
0.019108
0.025341
0.021903
0.024991
0.038595
0.034511
0.024055
0.024917
0.023653
0.022193
0.021808
0.023181
0.023331
0.022580
0.022032
0.028098
0.022466
0.033204
0.021616
0.023457
0.022059
0.024656
0.023880
0.022204
0.022799
0.023428
0.023193
0.023234
0.024167
0.024287
0.024645
0.030482
0.030287
0.030717
0.028423
0.027951
0.020979
0.029536
0.028680
0.022235
0.022537
0.022718
0.022403
0.022795
0.022394
0.023679
0.029176
0.029307
0.020881
0.021530
0.022183
0.022067
0.032125
0.021035
0.022097
0.026335
0.022274
0.022444
0.023345
0.022427
0.032108
0.022432
0.023385
0.040915
0.036172
0.040505
0.038649
0.032433
0.038810
0.036371
0.035306
0.037154
0.028509
0.027586
0.031278
0.030691
0.034426
0.033319
0.024000
0.023003
0.026195
0.023657
0.025477
0.023231
0.022837
0.034506
0.037601
0.026273
0.022417
0.028869
0.023039
0.022762
0.022603
0.026009
0.034602
0.023962
0.023455
0.028175
0.027934
0.027735
0.029859
0.027545
0.029875
0.026727
0.033798
0.034041
0.035810
0.039660
0.036536
0.038168
0.037644
0.037060
0.040603
0.038486
0.038342
0.038399
0.028989
0.029611
0.029687
0.029237
0.031852
0.041069
0.040217
0.032704
0.030231
0.029159
0.030184
0.029139
0.031307
0.031208
0.029394
0.040010
0.043042
0.040914
0.040235
0.041928
0.040273
0.043692
0.040501
0.041798
0.041914
0.040167
0.049355
0.046447
0.023435
0.033551
0.031926
0.030562
0.028940
0.033610
0.036180
0.032274
0.034221
0.033034
0.034302
0.033963
0.033033
0.033878
0.039921
0.033173
0.032479
0.034184
0.032295
0.033074
0.032399
0.038036
0.032650
0.032604
0.034559
0.032764
0.031766
0.019143
0.013388
0.013900
0.013646
0.024274
0.021844
0.023107
0.024337
0.022617
0.022063
0.022327
0.026029
0.022929
0.022050
0.033901
0.019501
0.022700
0.018078
0.017171
0.017165
0.017877
0.021013
0.022316
0.018736
0.017575
0.024250
0.018034
0.029450
0.017522
0.017624
0.017518
0.019932
0.022610
0.022436
0.026821
0.029896
0.019931
0.020213
0.027170
0.027815
0.028196
0.026165
0.027679
0.028040
0.037693
0.028642
0.026260
0.027560
0.027725
0.026456
0.032977
0.028964
0.029111
0.022324
0.021496
0.027118
0.029977
0.025469
0.022913
0.024266
0.025379
0.040983
0.028105
0.030107
0.029364
0.027590
0.029624
0.036340
0.027499
0.032055
0.030164
0.027609
0.028596
0.043815
0.028226
0.027336
0.048642
0.028056
0.027520
0.028727
0.042621
0.027323
0.030838
0.028369
0.027688
0.027973
0.036066
0.033615
0.028091
0.028871
0.020491
0.020664
0.020940
0.025328
0.029484
0.025051
0.022047
0.026451
0.022642
0.022982
0.021117
0.021904
0.031815
0.024862
0.022189
0.022576
0.022595
0.020911
0.021912
0.023543
0.021469
0.033968
0.027261
0.022056
0.019873
0.017062
0.020937
0.017123
0.022391
0.035399
0.031787
0.022336
0.024502
0.022331
0.029374
0.022140
0.020470
0.017945
0.029411
0.018718
0.017217
0.020580
0.018195
0.018016
0.020956
0.017167
0.017721
0.020514
0.022215
0.017230
0.026420
0.022066
0.019266
0.019560
0.028935
0.029495
0.024601
0.020949
0.021026
0.023111
0.020427
0.030007
0.025378
0.020607
0.020186
0.021925
0.021257
0.020156
0.021318
0.026453
0.020087
0.021414
0.025903
0.020348
0.019667
0.022289
0.018903
0.017682
0.029060
0.020830
0.028511
0.022378
0.030399
0.029303
0.028651
0.029436
0.039514
0.021667
0.021473
0.022044
0.020853
0.026269
0.021206
0.022943
0.021245
0.024719
0.023351
0.021421
0.021217
0.024297
0.020738
0.022925
0.024382
0.019911
0.031368
0.021669
0.056056
0.025457
0.029735
0.027890
0.025724
0.036447
0.044683
0.039661
0.024520
0.025815
0.026303
0.014337
0.015092
0.026266
0.028609
0.026908
0.018404
0.017599
0.015119
0.015266
0.017327
0.015331
0.014847
0.015272
0.015429
0.015410
0.014366
0.014701
0.023577
0.016868
0.014782
0.014542
0.015586
0.015366
0.014430
0.014344
0.016738
0.034156
0.015813
0.024227
0.028276
0.027908
0.035298
0.017347
0.016018
0.014324
0.014384
0.015586
0.018583
0.015255
0.012324
0.011747
0.011500
0.012573
0.013856
0.013988
0.014417
0.016105
0.012986
0.013062
0.015591
0.013854
0.013620
0.013135
0.013257
0.017775
0.013143
0.013121
0.014043
0.012852
0.015771
0.021104
0.018884
0.017574
0.016691
0.016525
0.019176
0.018632
0.016821
0.017619
0.017096
0.016454
0.019891
0.030610
0.030558
0.026474
0.021951
0.020880
0.018857
0.018615
0.018725
0.018877
0.018412
0.025555
0.035006
0.027676
0.018574
0.018498
0.019094
0.019599
0.025043
0.018773
0.019019
0.018389
0.018661
0.019170
0.018437
0.021025
0.019292
0.022748
0.036549
0.030801
0.033735
0.026491
0.025689
0.029696
0.018490
0.018602
0.019353
0.019286
0.018497
0.022148
0.014482
0.016128
0.014271
0.017894
0.014085
0.016017
0.021445
0.014329
0.018703
0.015541
0.016996
0.014484
0.014719
0.017422
0.020278
0.014470
0.022584
0.017542
0.016020
0.015656
0.016352
0.021156
0.022633
0.037202
0.019420
0.021136
0.018487
0.018088
0.026664
0.033931
0.030743
0.029116
0.037225
0.035322
0.025161
0.028241
0.022708
0.023524
0.023732
0.022626
0.025690
0.031965
0.021729
0.025023
0.024075
0.029437
0.038628
0.036278
0.033394
0.030287
0.026297
0.024029
0.022741
0.022546
0.022643
0.023041
0.027196
0.024390
0.022829
0.021679
0.022786
0.024215
0.023582
0.022918
0.022620
0.024908
0.033490
0.024827
0.025679
0.026350
0.032995
0.025072
0.025073
0.024921
0.026618
0.025928
0.028295
0.026062
0.029201
0.025272
0.026895
0.023747
0.025924
0.029167
0.023213
0.022641
0.017067
0.024131
0.017679
0.023240
0.017088
0.022427
0.019923
0.022651
0.024916
0.026078
0.025088
0.025695
0.024683
0.024723
0.030451
0.023597
0.019724
0.022903
0.026822
0.023887
0.023975
0.023469
0.022842
0.022947
0.022979
0.023543
0.023598
0.024153
0.022961
0.023553
0.022996
0.023802
0.027955
0.027137
0.027177
0.020826
0.023434
0.023821
0.023434
0.022784
0.022581
0.027609
0.025740
0.023761
0.022711
0.025687
0.023045
0.025636
0.025375
0.025313
0.025014
0.024799
0.024377
0.027121
0.027673
0.027403
0.024522
0.025410
0.029602
0.025321
0.017297
0.018166
0.018331
0.018218
0.022488
0.017573
0.017252
0.021780
0.017370
0.017203
0.021639
0.018850
0.017757
0.021199
0.017763
0.017287
0.024631
0.019058
0.018741
0.024130
0.018785
0.019861
0.021649
0.018988
0.020006
0.027365
0.028443
0.029620
0.029649
0.027519
0.023508
0.026045
0.028251
0.026330
0.025471
0.025045
0.024827
0.027604
0.027662
0.025689
0.031784
0.025058
0.025052
0.030949
0.027664
0.028080
0.045140
0.029689
0.030854
0.031408
0.029559
0.029115
0.029266
0.037961
0.045906
0.029381
0.039832
0.037834
0.032287
0.031379
0.030681
0.027471
0.027669
0.040678
0.027277
0.027018
0.029463
0.031114
0.027341
0.027998
0.029036
0.040198
0.027948
0.027895
0.027742
0.026960
0.028758
0.050145
0.027262
0.025426
0.027036
0.022211
0.022310
0.020947
0.020308
0.020246
0.021175
0.020547
0.021131
0.026712
0.030579
0.021077
0.022701
0.035970
0.044346
0.032557
0.031531
0.022109
0.022940
0.027049
0.037641
0.034663
0.030031
0.035218
0.034868
0.033802
0.037493
0.036212
0.034085
0.038994
0.034812
0.036706
0.034429
0.037383
0.033942
0.035316
0.035158
0.035751
0.036455
0.037384
0.035930
0.037574
0.039461
0.039701
0.029742
0.056654
0.041213
0.037907
0.038985
0.035897
0.037171
0.035758
0.054163
0.045989
0.040496
0.037908
0.036659
0.032106
0.033917
0.041806
0.034261
0.033918
0.033862
0.024827
0.020514
0.029917
0.033646
0.038519
0.038679
0.036572
0.035961
0.025236
0.029019
0.025401
0.025391
0.027211
0.027806
0.034233
0.025255
0.023273
0.027961
0.025714
0.026391
0.025291
0.026191
0.025255
0.044989
0.027479
0.025108
0.025919
0.026149
0.026466
0.030320
0.025348
0.037770
0.026178
0.025438
0.035113
0.037164
0.040148
0.043056
0.041761
0.040054
0.040010
0.046356
0.040121
0.041734
0.041786
0.040070
0.040375
0.041469
0.043214
0.058768
0.045645
0.040221
0.041047
0.040536
0.043044
0.039880
0.041198
0.041200
0.042094
0.040798
0.050064
0.040887
0.039887
0.039990
0.042910
0.040264
0.046563
0.039958
0.055812
0.050794
0.035096
0.037782
0.037326
0.038939
0.041045
0.028656
0.029450
0.030205
0.032718
0.031641
0.032219
0.036711
0.035615
0.035963
0.037195
0.029060
0.031549
0.030880
0.035362
0.030808
0.034546
0.031641
0.031383
0.031939
0.032233
0.031964
0.032838
0.034546
0.040583
0.037832
0.025511
0.025585
0.027917
0.032503
0.026026
0.027764
0.034399
0.026860
0.034967
0.039594
0.041321
0.037827
0.038266
0.035641
0.034783
0.037808
0.037260
0.029503
0.051466
0.035304
0.048458
0.033475
0.033431
0.033192
0.053997
0.037662
0.049385
0.036101
0.031655
0.034922
0.038041
0.033781
0.032953
0.029249
0.034638
0.033348
0.033250
0.032853
0.032676
0.033305
0.034972
0.036749
0.027516
0.034399
0.034903
0.041346
0.034915
0.041622
0.035247
0.037976
0.035663
0.033055
0.035650
0.053859
0.041300
0.040246
0.035142
0.034854
0.039715
0.035435
0.034957
0.034815
0.036992
0.036276
0.037610
0.034823
0.025798
0.035094
0.027576
0.028648
0.020662
0.025524
0.035220
0.039055
0.027395
0.027417
0.037124
0.040626
0.037721
0.039169
0.037772
0.038397
0.038961
0.040128
0.045397
0.037233
0.037590
0.051319
0.041585
0.040974
0.039492
0.040675
0.045427
0.041058
0.041911
0.044035
0.040499
0.041078
0.042484
0.043398
0.043586
0.028793
0.037421
0.042825
0.044544
0.039286
0.043411
0.040936
0.040611
0.040494
0.030035
0.037577
0.043463
0.045398
0.040980
0.020961
0.026541
0.032715
0.029951
0.031367
0.027886
0.028596
0.028605
0.028227
0.028176
0.033319
0.032094
0.032989
0.030350
0.023310
0.020856
0.021108
0.028450
0.026410
0.025036
0.023102
0.023883
0.017931
0.033410
0.017383
0.019333
0.023104
0.022999
0.023078
0.024863
0.020391
0.018118
0.021063
0.017697
0.023874
0.019559
0.020223
0.025321
0.019649
0.021334
0.021960
0.031258
0.019608
0.019822
0.019510
0.025724
0.021613
