1
895.0782,270.5782,113.8435,139.8435
897.8727,270.3727,114.2546,140.2546
886.6813,270.6814,113.6373,139.6373
892.7758,273.2758,114.4485,140.4485
893.7964,274.7964,113.4071,139.4071
890.8578,275.3578,113.2844,139.2844
895.0425,277.0425,113.9150,139.9150
894.5504,276.5504,112.8992,138.8992
895.8578,277.3578,113.2844,139.2844
894.3651,278.8651,112.2697,138.2697
888.2025,277.7025,112.5950,138.5950
888.0686,279.0686,110.8628,136.8629
884.1345,279.1345,112.7310,138.7310
880.8423,279.8423,113.3154,139.3154
875.5153,279.0153,114.9695,140.9695
882.4151,281.4151,114.1698,140.1698
882.5970,281.0970,114.8059,140.8059
877.7679,283.7679,113.4641,139.4641
874.7375,283.7375,112.5250,138.5250
872.9440,282.4440,114.1120,140.1120
849.5253,278.0252,118.9495,144.9495
867.9146,280.4146,117.1709,143.1709
860.5053,281.5053,118.9894,144.9894
870.5153,283.0153,114.9695,140.9695
876.5197,282.5197,116.9605,142.9605
870.2233,284.7233,115.5534,141.5534
871.5490,285.0490,115.9021,141.9021
862.3366,287.8366,116.3268,142.3268
865.4360,288.4360,117.1279,143.1279
854.8645,288.3645,118.2710,144.2710
865.8298,290.3298,117.3404,143.3403
868.2731,292.2731,112.4537,138.4537
867.1551,289.6551,112.6898,138.6898
862.5518,290.5518,113.8965,139.8965
861.7679,295.7679,113.4641,139.4641
847.0634,291.0634,116.8731,142.8731
850.8435,295.3435,115.3129,141.3129
845.5356,300.5356,117.9289,143.9289
844.1398,303.6398,114.7204,140.7204
835.1545,297.1545,116.6909,142.6909
839.0054,297.0054,115.9891,141.9891
843.4958,300.4958,117.0084,143.0084
853.7584,296.2584,116.4832,142.4832
843.3438,297.3438,118.3123,144.3123
837.2571,295.7571,117.4857,143.4857
839.3881,301.8882,118.2237,144.2237
838.9657,299.9657,120.0686,146.0686
825.0657,301.0657,119.8685,145.8685
818.7048,304.2048,117.5904,143.5904
824.7418,308.2418,118.5165,144.5165
824.0421,308.5421,117.9158,143.9158
822.7584,318.2584,116.4832,142.4832
819.4314,313.9314,119.1372,145.1372
816.6322,315.1322,118.7356,144.7356
813.6063,310.6063,121.7875,147.7875
819.4634,318.9634,120.0732,146.0732
824.0559,319.5559,120.8882,146.8882
833.1881,317.1881,122.6238,148.6238
813.7579,326.7579,115.4842,141.4842
811.8619,323.3619,116.2762,142.2762
812.7048,322.2048,117.5904,143.5904
809.0334,327.0334,120.9332,146.9332
816.0463,329.0463,121.9075,147.9075
805.4592,334.9591,118.0817,144.0817
798.6369,334.6369,118.7262,144.7262
803.4232,335.4232,119.1536,145.1536
803.8997,336.3997,119.2005,145.2005
799.8197,337.8197,117.3606,143.3606
801.9169,339.9169,120.1662,146.1662
802.2103,340.2103,119.5794,145.5794
801.5543,341.0543,121.8915,147.8915
799.9296,347.9295,118.1409,144.1409
802.1598,347.6598,120.6804,146.6804
798.7389,348.7389,119.5222,145.5222
805.2448,343.2448,120.5104,146.5104
806.1211,342.1211,120.7578,146.7578
806.7626,345.2626,121.4748,147.4748
804.9505,347.9505,121.0990,147.0990
813.1420,344.1420,123.7160,149.7160
806.4244,344.9244,124.1512,150.1512
806.2917,346.7917,123.4166,149.4166
798.3441,348.8441,121.3118,147.3118
808.7091,345.2091,125.5818,151.5818
808.9150,346.4151,125.1699,151.1699
811.5573,347.5573,125.8854,151.8854
811.7690,347.2690,124.4620,150.4621
806.6340,349.6341,124.7319,150.7319
812.4059,348.9059,126.1882,152.1882
812.9543,352.4543,126.0914,152.0914
809.3724,356.3724,126.2552,152.2552
805.7675,357.2675,126.4649,152.4649
810.1465,354.1465,126.7070,152.7070
814.0667,354.0667,124.8666,150.8666
816.0901,360.0901,124.8199,150.8199
817.1605,357.6605,125.6791,151.6791
818.5060,359.0060,127.9881,153.9881
821.6974,356.6974,126.6052,152.6052
818.6566,355.6566,125.6868,151.6868
817.6162,357.6162,124.7675,150.7675
815.1420,361.1420,123.7160,149.7160
816.5123,360.5123,123.9753,149.9753
816.2056,366.2056,126.5888,152.5888
812.4860,371.4859,128.0281,154.0281
812.3795,373.8795,127.2410,153.2410
815.3077,375.8077,129.3846,155.3846
813.8909,384.3909,131.2182,157.2182
816.9942,386.4942,131.0116,157.0116
816.0069,387.0069,129.9862,155.9862
809.4641,392.4641,129.0719,155.0719
815.7625,393.7625,127.4750,153.4750
817.3392,394.3392,127.3216,153.3216
819.2554,391.7554,127.4891,153.4891
826.3428,390.8427,128.3145,154.3145
821.8607,393.8607,129.2786,155.2786
827.0596,396.5596,128.8808,154.8808
825.1740,401.1740,127.6521,153.6521
828.8199,396.8199,131.3602,157.3602
820.9432,396.4432,128.1136,154.1136
822.8126,402.3125,126.3749,152.3749
819.5822,406.5822,128.8357,154.8357
816.4086,412.9086,128.1828,154.1828
816.1230,411.6230,128.7540,154.7540
823.2569,414.2569,130.4862,156.4862
825.2995,418.2995,132.4010,158.4010
828.7645,418.2645,133.4711,159.4711
831.5247,419.5247,133.9506,159.9506
832.0005,413.0005,131.9989,157.9989
830.7781,417.2781,132.4437,158.4437
834.3157,418.8157,132.3687,158.3687
827.9539,425.4539,133.0923,159.0923
825.1387,420.1388,131.7225,157.7225
827.7412,421.7412,133.5176,159.5176
827.5536,422.5536,134.8928,160.8928
829.9673,418.9673,131.0654,157.0654
827.0964,420.0963,129.8073,155.8073
830.9750,417.9750,130.0500,156.0500
830.0712,418.5713,130.8575,156.8575
832.2300,419.7300,131.5399,157.5399
835.0687,416.0687,129.8627,155.8627
835.7670,417.7669,130.4661,156.4661
833.4176,422.4176,133.1648,159.1648
834.4943,422.4943,133.0114,159.0114
831.2727,427.7727,133.4545,159.4545
831.7203,430.7203,130.5593,156.5593
831.1344,430.6344,133.7312,159.7312
833.9694,431.4694,133.0612,159.0612
834.6282,433.1282,134.7436,160.7436
837.5278,437.5278,133.9444,159.9444
834.5278,435.5278,133.9444,159.9444
839.5119,430.0119,132.9761,158.9761
836.1459,435.6459,132.7082,158.7082
838.6927,436.1927,132.6145,158.6145
840.0893,432.0893,132.8214,158.8214
842.1155,432.6155,129.7689,155.7689
841.2994,432.7994,131.4012,157.4012
839.8829,440.8829,133.2342,159.2342
841.0628,441.5628,130.8744,156.8744
843.9020,436.9020,131.1960,157.1960
842.8645,444.8645,130.2710,156.2710
842.7313,447.7313,129.5374,155.5374
840.6441,449.6441,127.7118,153.7118
845.1789,449.6789,128.6422,154.6422
843.7756,454.2756,129.4487,155.4487
841.5189,461.0190,127.9621,153.9621
847.0796,455.5796,127.8408,153.8408
847.0796,457.5796,127.8408,153.8408
847.2303,459.7303,126.5395,152.5395
846.4471,463.4472,126.1057,152.1057
850.7087,463.2087,127.5826,153.5826
846.8468,464.3468,127.3064,153.3064
847.5179,466.0179,127.9643,153.9643
850.8224,464.8224,126.3552,152.3552
849.8349,471.3349,124.3302,150.3302
847.8126,472.8125,124.3749,150.3749
852.5317,470.5317,124.9366,150.9366
852.2188,469.7188,124.5625,150.5625
847.7207,471.7207,125.5586,151.5586
849.5317,475.5317,124.9366,150.9366
850.9497,470.4497,128.1006,154.1006
845.4584,475.9583,125.0833,151.0833
843.8674,472.3674,125.2652,151.2652
847.4471,471.4472,126.1057,152.1057
843.1887,473.6887,124.6227,150.6227
845.0499,475.0499,123.9002,149.9002
841.0435,479.5435,125.9130,151.9130
837.9147,477.4147,126.1706,152.1706
842.4821,478.4821,124.0359,150.0359
838.2014,486.7014,120.5972,146.5972
836.3279,484.3279,122.3442,148.3442
840.2714,484.2714,117.4571,143.4571
836.5104,485.5105,119.9791,145.9791
836.0376,481.0376,108.9248,134.9248
833.2926,490.7926,106.4149,132.4149
838.9108,492.4108,107.1784,133.1784
833.9169,491.9169,114.1661,140.1661
829.9169,492.9169,114.1661,140.1661
829.9169,496.4170,108.1661,134.1661
832.3058,490.3058,114.3884,140.3884
827.1511,489.1511,113.6978,139.6978
826.8350,491.8350,118.3301,144.3300
828.7607,487.2607,117.4786,143.4786
826.9695,494.4696,109.0609,135.0609
828.7092,491.2091,116.5817,142.5817
827.9073,492.4074,117.1852,143.1852
826.3438,494.3438,114.3123,140.3123
825.4214,499.4214,107.1573,133.1573
833.2289,486.2290,116.5421,142.5421
831.8055,500.8055,101.3890,127.3890
824.1024,496.1024,105.7952,131.7952
834.7894,489.2894,104.4212,130.4212
835.8502,490.8503,105.2995,131.2995
822.0154,487.0154,113.9692,139.9692
822.4860,487.4860,115.0280,141.0280
818.3282,492.8282,100.3436,126.3436
839.6786,491.6786,96.6427,122.6427
822.5077,495.5077,93.9847,119.9847
829.5199,504.5199,90.9602,116.9602
830.5071,501.5072,90.9857,116.9857
830.8573,496.3573,96.2854,122.2854
824.7656,498.7656,76.4687,102.4687
834.0107,517.5107,64.9786,90.9786
825.9609,504.4609,94.0782,120.0782
847.0515,519.0515,71.8970,97.8970
830.3771,509.3771,79.2458,105.2458
852.3552,512.8552,81.2895,107.2895
847.7375,503.7375,97.5250,123.5250
842.3149,505.8149,93.3703,119.3703
847.4837,505.9837,93.0326,119.0326
836.3369,511.8369,97.3263,123.3263
856.8378,518.3378,89.3245,115.3245
851.3593,503.8593,115.2813,141.2813
855.8378,517.3378,89.3245,115.3245
825.8064,518.3064,83.3872,109.3872
836.8903,532.3903,54.2193,80.2193
399.7027,186.7027,86.5945,112.5945
399.3019,172.8019,106.3962,132.3962
830.6252,517.1252,97.7496,123.7496
845.9014,513.9014,98.1971,124.1971
855.6068,518.1068,100.7865,126.7865
858.1273,538.6273,74.7455,100.7455
865.8752,521.8752,98.2496,124.2496
844.6025,517.1025,111.7950,137.7950
850.5940,518.0940,112.8120,138.8120
855.4692,511.9692,112.0615,138.0615
868.5818,518.5818,104.8363,130.8363
873.0455,511.0455,116.9090,142.9091
873.2087,512.2087,115.5825,141.5825
864.8215,513.8215,110.3570,136.3570
855.3414,510.8414,116.3171,142.3172
868.8560,517.3560,110.2880,136.2880
873.6945,518.6945,102.6110,128.6110
867.5006,513.5006,110.9987,136.9987
872.5952,518.0952,112.8095,138.8095
875.8970,521.8970,104.2061,130.2061
866.5034,525.5034,104.9932,130.9932
875.2527,527.7527,103.4945,129.4945
418.6050,210.6050,89.7900,115.7900
865.1122,524.6122,108.7756,134.7757
865.4130,525.4130,100.1741,126.1741
861.3067,524.3067,108.3867,134.3867
871.2789,527.7789,103.4423,129.4423
879.4712,532.4712,97.0577,123.0577
866.3077,534.3077,103.3845,129.3845
868.3856,535.3856,102.2288,128.2288
870.5020,535.0020,107.9961,133.9961
862.6954,540.1954,99.6091,125.6091
858.3595,539.3595,104.2810,130.2810
865.9664,543.9664,100.0671,126.0671
871.0060,538.5060,105.9880,131.9880
856.6332,544.1332,105.7336,131.7336
852.4142,547.9142,105.1715,131.1715
858.0172,551.0172,106.9656,132.9656
842.1316,547.1316,109.7368,135.7368
849.7372,549.7372,105.5255,131.5255
862.2031,552.2031,104.5937,130.5937
849.6995,549.1995,106.6010,132.6010
849.5533,554.5533,103.8934,129.8934
850.1084,551.6084,101.7833,127.7833
847.9648,553.4648,110.0705,136.0705
840.0459,555.0459,111.9082,137.9082
830.6754,560.1754,104.6493,130.6493
836.5317,558.5317,108.9365,134.9365
837.0013,559.0013,108.9974,134.9974
333.0879,259.0879,109.8242,135.8242
338.9795,252.4795,113.0410,139.0410
326.1360,249.1360,115.7279,141.7279
847.4205,569.4205,102.1591,128.1591
324.0227,268.5227,97.9547,123.9547
349.3077,264.3077,103.3845,129.3845
346.9594,283.4594,91.0812,117.0812
360.1149,271.6149,109.7702,135.7702
350.9524,271.9524,107.0952,133.0952
343.5905,261.0905,109.8191,135.8191
333.5779,267.5779,103.8441,129.8441
331.9462,289.4462,88.1075,114.1075
334.4068,315.4068,58.1864,84.1864
333.2153,288.7153,102.5694,128.5694
326.5008,294.5008,92.9984,118.9984
325.7648,303.7648,67.4704,93.4704
324.6982,304.1982,65.6037,91.6037
331.2218,294.7218,83.5563,109.5563
345.6268,292.1268,89.7464,115.7464
353.8072,319.8072,82.3856,108.3856
339.4555,313.9555,101.0889,127.0889
328.6700,290.1700,115.6601,141.6601
323.2574,313.7574,97.4853,123.4853
336.9526,300.9526,106.0949,132.0949
312.1326,330.1326,63.7348,89.7348
317.5666,312.0666,97.8669,123.8669
330.4699,321.9699,106.0601,132.0601
326.9322,328.9322,100.1356,126.1356
315.8997,345.8997,71.2005,97.2005
320.5289,325.5289,111.9422,137.9422
325.9793,323.9793,109.0414,135.0414
328.1241,354.1241,64.7518,90.7518
309.5649,329.0649,103.8701,129.8701
303.6920,326.1920,111.6161,137.6161
309.6875,335.6875,101.6249,127.6249
311.2088,340.7088,100.5823,126.5823
302.6875,339.6875,101.6249,127.6249
305.2143,338.2143,103.5714,129.5714
857.5368,624.5368,54.9264,80.9264
295.4090,341.9090,101.1820,127.1820
301.4418,344.9418,93.1164,119.1164
280.5997,338.0997,95.8007,121.8007
282.9564,344.4564,97.0872,123.0872
269.9403,350.4403,70.1194,96.1194
278.5714,344.0714,86.8572,112.8572
732.2753,132.2753,101.4494,127.4494
258.9381,364.9381,69.1238,95.1238
250.3555,366.8555,69.2891,95.2891
237.8379,351.3380,86.3241,112.3241
258.7656,354.2656,76.4687,102.4687
254.5615,347.0615,100.8770,126.8770
257.3987,353.8987,92.2026,118.2026
663.0286,146.0286,64.9428,90.9428
224.1024,352.6024,94.7952,120.7952
749.1899,144.1899,92.6202,118.6202
719.6642,150.1642,60.6716,86.6716
713.6407,140.6408,92.7185,118.7185
717.5629,144.0629,92.8741,118.8741
712.8263,138.3263,94.3474,120.3474
237.0397,380.0397,84.9206,110.9206
241.1563,374.1563,102.6873,128.6873
228.0187,375.5187,95.9626,121.9626
689.4421,143.9422,87.1157,113.1157
689.2930,146.7930,76.4140,102.4140
218.4580,402.4580,78.0839,104.0839
187.5000,681.5000,25.0000,77.0000
710.1444,160.6444,77.7112,103.7112
225.1547,399.1547,86.6906,112.6906
220.2813,403.2812,94.4375,120.4375
630.2143,148.2143,89.5714,115.5714
209.5276,403.0276,100.9449,126.9449
211.6390,404.6390,102.7219,128.7220
216.8932,417.3932,68.2136,94.2136
214.1943,405.6943,86.6114,112.6114
634.4380,149.9380,82.1240,108.1240
210.3107,418.8107,78.3787,104.3787
465.5000,186.5000,25.0000,77.0000
634.5667,191.5667,20.8666,46.8666
642.0577,173.5577,56.8847,82.8847
675.8977,185.8977,46.2046,72.2046
203.5000,549.5000,25.0000,77.0000
253.5000,303.5000,25.0000,77.0000
203.5000,608.5000,25.0000,77.0000
219.5000,622.5000,25.0000,77.0000
220.5000,608.5000,25.0000,77.0000
236.5000,550.5000,25.0000,77.0000
591.0844,174.5844,76.8312,102.8312
236.5000,549.5000,25.0000,77.0000
236.5000,608.5000,25.0000,77.0000
483.1277,205.1277,63.7445,89.7445
236.5000,550.5000,25.0000,77.0000
220.5000,622.5000,25.0000,77.0000
236.5000,608.5000,25.0000,77.0000
596.9362,231.9361,78.1277,104.1277
568.0240,203.5240,61.9520,87.9520
574.0562,288.0562,75.8877,101.8877
468.3126,211.8126,44.3748,70.3748
236.5000,419.5000,25.0000,77.0000
379.3841,206.3841,55.2317,81.2317
236.5000,491.5000,25.0000,77.0000
534.1406,201.6405,61.7189,87.7189
561.5881,187.0881,79.8238,105.8238
342.5000,302.5000,25.0000,77.0000
630.2067,204.7067,61.5867,87.5867
651.8126,193.8126,76.3749,102.3749
573.2689,202.7690,78.4621,104.4621
317.3958,315.8958,37.2083,63.2083
252.5000,506.5000,25.0000,77.0000
236.5000,549.5000,25.0000,77.0000
253.5000,622.5000,25.0000,77.0000
252.5000,564.5000,25.0000,77.0000
253.5000,622.5000,25.0000,77.0000
334.5000,652.5000,25.0000,77.0000
387.1223,314.1223,53.7553,79.7553
372.9868,337.9868,41.0263,67.0263
357.2314,323.7314,59.5372,85.5372
343.5000,390.5000,25.0000,77.0000
324.4427,323.9427,31.1145,57.1145
571.5751,294.0752,49.8497,75.8497
571.4905,264.4904,78.0191,104.0191
516.8839,233.8839,98.2321,124.2321
552.4593,233.9593,57.0814,83.0814
516.7750,231.2750,97.4500,123.4500
510.7027,241.7027,86.5945,112.5945
531.9594,222.9593,77.0813,103.0813
318.5000,506.5000,25.0000,77.0000
518.4243,218.9243,76.1514,102.1514
318.5000,535.5000,25.0000,77.0000
318.5000,389.5000,25.0000,77.0000
389.4169,290.4169,38.1661,64.1661
367.5000,535.5000,25.0000,77.0000
450.7681,305.7681,119.4638,145.4638
531.3552,348.8551,87.2897,113.2897
553.7311,350.7312,75.5377,101.5377
392.5000,564.5000,25.0000,77.0000
384.5000,506.5000,25.0000,77.0000
318.5000,390.5000,25.0000,77.0000
350.5000,419.5000,25.0000,77.0000
334.5000,419.5000,25.0000,77.0000
435.5461,300.5461,78.9078,104.9078
373.0821,281.5821,93.8357,119.8357
395.1789,286.1789,106.6422,132.6422
444.5728,301.5728,88.8544,114.8544
433.7415,288.2415,100.5170,126.5170
455.7250,273.7250,112.5500,138.5500
467.3595,274.3595,112.2810,138.2810
457.0412,274.5412,92.9177,118.9177
443.0954,307.0954,102.8092,128.8092
370.5451,314.0451,96.9097,122.9097
361.2455,297.7455,124.5089,150.5089
407.4509,309.9509,118.0983,144.0983
391.3208,319.8208,118.3584,144.3584
399.5792,317.0792,115.8417,141.8417
459.8045,328.3045,113.3910,139.3910
463.6104,311.1104,113.7793,139.7793
479.3157,304.8157,111.3686,137.3686
432.2674,309.7674,120.4653,146.4653
467.3191,264.8191,126.3618,152.3618
482.6435,272.1435,121.7131,147.7131
439.1494,293.6494,115.7013,141.7013
432.9020,304.9020,117.1960,143.1960
420.9015,315.4015,112.1970,138.1970
408.5598,315.0598,115.8804,141.8804
435.3699,303.3699,120.2601,146.2601
429.2949,309.2949,122.4102,148.4102
431.9390,309.4390,120.1220,146.1220
441.5082,315.5082,110.9835,136.9835
470.3458,305.8458,110.3085,136.3085
471.5664,299.5664,117.8672,143.8672
459.4876,315.9876,108.0249,134.0249
448.3410,312.8410,111.3180,137.3180
459.2519,326.2519,110.4962,136.4962
450.4316,306.9316,112.1368,138.1368
417.3334,333.8334,90.3332,116.3332
344.9834,472.9834,84.0332,110.0332
416.0847,321.5847,92.8306,118.8306
412.0824,334.0824,73.8351,99.8351
268.0011,470.0011,67.9977,93.9977
428.3560,343.8560,51.2879,77.2879
402.7143,299.7143,96.5714,122.5714
406.5932,315.0932,82.8136,108.8136
424.3292,296.3292,76.3416,102.3416
379.1253,339.6253,69.7495,95.7495
391.0732,366.0732,56.8537,82.8537
412.3441,355.8441,40.3119,66.3119
383.5000,317.5000,25.0000,77.0000
375.5000,331.5000,25.0000,77.0000
383.5908,305.5908,35.8184,61.8184
416.5000,361.5000,25.0000,77.0000
347.6658,322.6658,98.6684,124.6684
350.5000,361.5000,25.0000,77.0000
341.8036,396.3036,54.3927,80.3927
346.5482,347.5482,44.9037,70.9037
344.7953,315.2953,92.4093,118.4093
301.5000,491.5000,25.0000,77.0000
555.0061,230.5061,104.9878,130.9878
539.8451,234.3451,87.3098,113.3098
589.9265,229.9265,100.1470,126.1470
260.6876,509.6876,77.6249,103.6249
289.7690,453.2690,91.4620,117.4620
339.0054,419.0054,23.9891,49.9891
659.1566,268.1566,42.6869,68.6869
324.4483,416.4483,56.1033,82.1033
330.3337,428.8337,33.3327,59.3327
300.2733,400.2733,87.4533,113.4533
305.7306,386.2306,102.5389,128.5389
285.5000,738.5000,25.0000,77.0000
302.9793,389.9793,85.0414,111.0414
312.4934,402.9934,60.0132,86.0132
298.9804,398.9804,86.0391,112.0391
309.1643,403.1643,79.6714,105.6714
296.8752,405.3752,75.2495,101.2495
318.1042,398.1042,74.7917,100.7917
623.4250,243.9251,85.1498,111.1498
642.7156,240.2156,81.5688,107.5688
613.0876,242.0877,95.8247,121.8247
598.4734,244.4735,102.0531,128.0531
668.8441,267.8440,44.3119,70.3120
644.4979,240.9979,100.0043,126.0043
333.3629,400.8629,73.2742,99.2742
330.2089,396.2089,91.5822,117.5822
330.1915,396.6915,91.6170,117.6170
666.3046,258.8046,51.3909,77.3909
347.5210,397.0210,92.9581,118.9581
333.6876,393.1876,92.6249,118.6249
337.5630,399.5630,87.8741,113.8741
331.5021,388.0021,99.9957,125.9957
334.7014,392.7014,93.5972,119.5972
336.2294,394.2294,88.5411,114.5411
341.1160,395.6160,93.7681,119.7681
356.1156,393.6156,103.7688,129.7688
344.7393,399.2393,94.5213,120.5213
349.3211,401.8211,100.3578,126.3578
354.5007,394.0007,102.9986,128.9986
357.7543,408.7543,85.4914,111.4914
348.6073,406.6073,85.7854,111.7854
356.3095,399.8095,94.3810,120.3810
361.4112,415.4112,80.1775,106.1775
370.0878,393.5878,112.8245,138.8245
368.7751,402.7751,119.4498,145.4498
376.7614,393.2614,111.4773,137.4773
384.2392,396.7392,116.5216,142.5216
387.7596,395.7596,116.4808,142.4808
366.2523,397.2523,123.4955,149.4955
377.4424,393.9424,109.1152,135.1152
379.1146,389.1146,112.7709,138.7709
359.5997,391.0997,100.8006,126.8006
362.7487,388.2487,106.5027,132.5027
376.3495,395.3495,85.3011,111.3011
371.1042,393.6042,101.7917,127.7917
371.5112,406.0112,84.9776,110.9776
365.0542,392.5542,98.8915,124.8915
370.4388,400.4388,89.1225,115.1225
368.4574,391.9574,99.0852,125.0852
360.1673,391.6673,86.6654,112.6654
377.2247,388.2247,101.5505,127.5505
376.9264,385.4264,88.1472,114.1472
403.8656,416.8656,64.2687,90.2687
383.4619,398.4619,78.0763,104.0763
378.6153,398.6153,107.7694,133.7693
366.3857,405.8857,107.2286,133.2286
356.7220,383.7220,99.5560,125.5560
365.0097,394.0097,102.9807,128.9807
388.7692,450.7692,64.4615,90.4615
695.5723,260.0723,47.8553,73.8553
372.0237,447.5237,67.9527,93.9527
355.7647,393.7647,80.4706,106.4706
353.4623,420.4623,102.0754,128.0754
349.8699,424.8699,108.2601,134.2601
347.9987,425.9987,107.0026,133.0026
345.2242,439.7242,104.5516,130.5516
350.2750,432.7750,102.4500,128.4500
498.5000,361.5000,25.0000,77.0000
378.0506,459.5506,77.8988,103.8988
372.2088,455.2088,97.5823,123.5823
384.5091,456.0091,87.9818,113.9818
365.9715,452.9715,98.0570,124.0570
358.4683,451.4683,105.0635,131.0635
358.4385,452.4385,110.1230,136.1230
375.8622,449.3622,99.2756,125.2756
382.2234,463.2234,80.5533,106.5533
324.8352,460.8352,106.3296,132.3296
335.8368,464.8368,110.3264,136.3264
337.0225,469.0225,106.9550,132.9550
364.2850,462.7850,105.4301,131.4301
362.2259,470.2259,95.5482,121.5482
515.5000,390.5000,25.0000,77.0000
354.8055,504.8055,65.3890,91.3890
342.5674,512.0674,57.8652,83.8652
370.9659,512.4659,51.0681,77.0681
367.7743,511.2743,48.4514,74.4514
530.5000,375.5000,25.0000,77.0000
366.7770,516.2770,49.4459,75.4459
352.5210,509.5210,65.9579,91.9579
363.9666,519.9666,48.0668,74.0668
547.5000,389.5000,25.0000,77.0000
382.4823,517.4823,62.0353,88.0353
627.5000,321.5000,25.0000,77.0000
627.5000,321.5000,25.0000,77.0000
627.5000,321.5000,25.0000,77.0000
627.5000,321.5000,25.0000,77.0000
627.5000,321.5000,25.0000,77.0000
285.5000,390.5000,25.0000,77.0000
302.5000,419.5000,25.0000,77.0000
301.5000,447.5000,25.0000,77.0000
342.5000,448.5000,25.0000,77.0000
627.5000,321.5000,25.0000,77.0000
627.5000,321.5000,25.0000,77.0000
367.5000,419.5000,25.0000,77.0000
627.5000,321.5000,25.0000,77.0000
627.5000,321.5000,25.0000,77.0000
301.5000,317.5000,25.0000,77.0000
294.5000,375.5000,25.0000,77.0000
394.4095,270.9095,49.1811,75.1811
310.5000,390.5000,25.0000,77.0000
360.2704,269.7704,61.4592,87.4592
375.2500,272.7500,55.5000,81.5000
310.5000,404.5000,25.0000,77.0000
309.5000,346.5000,25.0000,77.0000
310.5000,274.5000,25.0000,77.0000
464.5211,333.0211,56.9578,82.9578
301.5000,317.5000,25.0000,77.0000
335.6476,252.6476,90.7049,116.7049
338.0782,258.5782,113.8435,139.8435
352.9170,280.4170,111.1661,137.1661
385.8699,302.3699,108.2601,134.2601
320.1515,269.6515,102.6970,128.6970
341.2447,281.2447,59.5106,85.5106
329.5908,290.5908,35.8184,61.8184
318.5000,389.5000,25.0000,77.0000
308.1222,289.1222,51.7556,77.7556
318.5000,273.5000,25.0000,77.0000
319.1965,275.6965,61.6070,87.6070
348.5107,287.0107,64.9786,90.9786
354.7039,298.2039,77.5922,103.5922
305.3478,280.8478,53.3044,79.3044
318.5000,331.5000,25.0000,77.0000
318.5000,331.5000,25.0000,77.0000
367.5000,419.5000,25.0000,77.0000
375.5000,448.5000,25.0000,77.0000
384.5000,433.5000,25.0000,77.0000
412.3463,315.3463,77.3074,103.3074
409.7007,303.7007,69.5986,95.5986
419.8380,306.8380,86.3241,112.3241
425.5244,330.5244,73.9512,99.9512
359.5000,433.5000,25.0000,77.0000
367.5000,419.5000,25.0000,77.0000
627.5000,321.5000,25.0000,77.0000
351.5000,389.5000,25.0000,77.0000
350.5000,390.5000,25.0000,77.0000
362.9021,317.9021,89.1958,115.1958
399.2295,321.2295,76.5410,102.5410
342.6278,311.6278,83.7443,109.7443
351.5000,390.5000,25.0000,77.0000
367.5000,419.5000,25.0000,77.0000
421.1296,333.6296,96.7407,122.7407
409.7500,339.7500,60.5000,86.5000
417.6092,353.1092,66.7817,92.7817
375.5000,418.5000,25.0000,77.0000
367.5000,419.5000,25.0000,77.0000
469.1454,384.6454,37.7091,63.7091
453.9765,379.4765,47.0471,73.0471
419.4193,392.9193,55.1615,81.1615
433.2932,391.2932,41.4137,67.4137
404.8602,357.8602,62.2795,88.2795
383.5000,390.5000,25.0000,77.0000
387.5894,388.0894,64.8211,90.8211
430.1661,407.1661,38.6677,64.6677
406.0781,390.5781,62.8438,88.8438
416.5000,389.5000,25.0000,77.0000
404.5106,388.0106,41.9788,67.9788
351.6355,390.6355,55.7290,81.7290
371.5199,369.5199,90.9602,116.9602
424.5000,375.5000,25.0000,77.0000
375.5000,418.5000,25.0000,77.0000
356.0573,383.0573,65.8854,91.8854
433.5000,331.5000,25.0000,77.0000
356.2084,411.7084,48.5832,74.5832
354.3335,412.3335,51.3330,77.3330
358.7250,409.2250,42.5500,68.5500
347.9624,418.9624,64.0752,90.0752
441.5000,346.5000,25.0000,77.0000
359.3958,429.3958,43.2083,69.2083
396.7962,418.2962,31.4077,57.4077
627.5000,321.5000,25.0000,77.0000
627.5000,321.5000,25.0000,77.0000
449.5000,361.5000,25.0000,77.0000
441.5000,346.5000,25.0000,77.0000
627.5000,321.5000,25.0000,77.0000
432.5000,419.5000,25.0000,77.0000
312.3958,440.3958,43.2083,69.2083
627.5000,321.5000,25.0000,77.0000
449.5000,303.5000,25.0000,77.0000
627.5000,321.5000,25.0000,77.0000
627.5000,321.5000,25.0000,77.0000
627.5000,321.5000,25.0000,77.0000
627.5000,321.5000,25.0000,77.0000
627.5000,321.5000,25.0000,77.0000
514.5000,622.5000,25.0000,77.0000
457.5000,259.5000,25.0000,77.0000
318.5000,797.5000,25.0000,77.0000
465.5000,477.5000,25.0000,77.0000
457.5000,506.5000,25.0000,77.0000
318.5000,797.5000,25.0000,77.0000
318.5000,797.5000,25.0000,77.0000
318.5000,797.5000,25.0000,77.0000
326.5000,899.5000,25.0000,77.0000
326.5000,840.5000,25.0000,77.0000
318.5000,855.5000,25.0000,77.0000
318.5000,913.5000,25.0000,77.0000
326.5000,841.5000,25.0000,77.0000
326.5000,899.5000,25.0000,77.0000
627.5000,321.5000,25.0000,77.0000
627.5000,321.5000,25.0000,77.0000
326.5000,899.5000,25.0000,77.0000
318.5000,855.5000,25.0000,77.0000
318.5000,797.5000,25.0000,77.0000
326.5000,840.5000,25.0000,77.0000
498.5000,419.5000,25.0000,77.0000
318.5000,797.5000,25.0000,77.0000
318.5000,797.5000,25.0000,77.0000
318.5000,855.5000,25.0000,77.0000
326.5000,797.5000,25.0000,77.0000
334.5000,826.5000,25.0000,77.0000
627.5000,321.5000,25.0000,77.0000
326.5000,782.5000,25.0000,77.0000
627.5000,321.5000,25.0000,77.0000
627.5000,321.5000,25.0000,77.0000
627.5000,321.5000,25.0000,77.0000
627.5000,321.5000,25.0000,77.0000
627.5000,321.5000,25.0000,77.0000
627.5000,321.5000,25.0000,77.0000
627.5000,321.5000,25.0000,77.0000
627.5000,321.5000,25.0000,77.0000
627.5000,321.5000,25.0000,77.0000
627.5000,321.5000,25.0000,77.0000
627.5000,321.5000,25.0000,77.0000
326.5000,782.5000,25.0000,77.0000
627.5000,321.5000,25.0000,77.0000
627.5000,321.5000,25.0000,77.0000
627.5000,321.5000,25.0000,77.0000
326.5000,957.5000,25.0000,77.0000
971.8795,306.3794,44.2411,70.2411
947.7709,307.7708,36.4583,62.4583
909.5377,299.0377,53.9246,79.9246
904.2273,301.7273,34.5454,60.5454
901.9442,278.4442,74.1117,100.1117
906.2373,282.7373,71.5254,97.5254
898.2266,287.7266,60.5469,86.5469
874.7225,278.2225,71.5551,97.5551
880.4725,274.4725,83.0549,109.0549
895.4476,279.9476,78.1049,104.1049
899.5084,279.0083,79.9833,105.9833
849.8293,309.3293,31.3414,57.3414
318.5000,797.5000,25.0000,77.0000
799.9956,292.4956,55.0088,81.0088
776.0406,295.5406,50.9187,76.9187
749.7437,273.2437,71.5127,97.5127
793.3203,289.8203,53.3595,79.3595
815.9160,287.9160,63.1680,89.1680
833.6754,301.1754,27.6493,53.6493
872.0942,273.0942,66.8116,92.8116
847.2758,266.7758,80.4485,106.4485
818.5774,286.0774,56.8452,82.8452
823.3183,291.3183,45.3634,71.3633
855.5216,267.0216,78.9568,104.9568
806.7133,293.2133,29.5734,55.5734
840.0671,265.0671,87.8658,113.8658
844.3223,268.8224,76.3553,102.3553
839.5116,275.5116,60.9768,86.9768
301.5000,841.5000,25.0000,77.0000
871.1127,278.1127,46.7746,72.7746
858.0818,265.5818,75.8364,101.8364
889.4771,277.9771,48.0457,74.0457
895.9005,270.9005,62.1991,88.1991
870.5725,274.5725,65.8549,91.8549
301.5000,899.5000,25.0000,77.0000
301.5000,899.5000,25.0000,77.0000
921.4861,267.9861,62.0278,88.0278
301.5000,899.5000,25.0000,77.0000
935.4672,278.4671,41.0657,67.0657
926.8590,287.8590,23.2819,49.2819
920.1052,276.1052,52.7896,78.7896
294.5000,957.5000,25.0000,77.0000
293.5000,913.5000,25.0000,77.0000
302.5000,855.5000,25.0000,77.0000
310.5000,797.5000,25.0000,77.0000
301.5000,898.5000,25.0000,77.0000
310.5000,855.5000,25.0000,77.0000
309.5000,855.5000,25.0000,77.0000
301.5000,899.5000,25.0000,77.0000
894.0483,271.5483,75.9035,101.9035
850.1709,283.1709,53.6582,79.6582
833.2353,283.2353,63.5294,89.5294
310.5000,812.5000,25.0000,77.0000
318.5000,797.5000,25.0000,77.0000
864.7417,288.7417,42.5167,68.5167
310.5000,797.5000,25.0000,77.0000
839.6945,274.1945,66.6110,92.6110
874.3869,283.3869,45.2261,71.2261
878.5012,272.0013,62.9975,88.9975
913.8411,272.8411,56.3178,82.3178
886.8911,269.8911,60.2179,86.2179
881.2907,283.2907,32.4186,58.4186
301.5000,884.5000,25.0000,77.0000
309.5000,855.5000,25.0000,77.0000
309.5000,855.5000,25.0000,77.0000
627.5000,321.5000,25.0000,77.0000
627.5000,321.5000,25.0000,77.0000
627.5000,321.5000,25.0000,77.0000
310.5000,855.5000,25.0000,77.0000
861.8443,302.8443,28.3114,54.3114
310.5000,797.5000,25.0000,77.0000
302.5000,885.5000,25.0000,77.0000
302.5000,884.5000,25.0000,77.0000
891.6241,274.6241,65.7518,91.7518
301.5000,899.5000,25.0000,77.0000
301.5000,899.5000,25.0000,77.0000
294.5000,957.5000,25.0000,77.0000
301.5000,899.5000,25.0000,77.0000
301.5000,1015.5000,25.0000,77.0000
309.5000,914.5000,25.0000,77.0000
301.5000,899.5000,25.0000,77.0000
301.5000,899.5000,25.0000,77.0000
918.2500,289.2500,27.5000,53.5000
906.5696,286.0697,34.8607,60.8607
302.5000,855.5000,25.0000,77.0000
901.5339,283.5339,41.9321,67.9321
908.6554,265.1554,74.6892,100.6892
301.5000,898.5000,25.0000,77.0000
972.7500,277.7500,42.5000,68.5000
448.5000,390.5000,25.0000,77.0000
301.5000,1015.5000,25.0000,77.0000
301.5000,1015.5000,25.0000,77.0000
416.5000,390.5000,25.0000,77.0000
309.5000,913.5000,25.0000,77.0000
922.7667,266.7667,72.4667,98.4667
924.6061,259.1061,77.7878,103.7878
923.2433,264.7433,68.5134,94.5134
939.3890,263.8890,67.2220,93.2220
943.2056,268.2056,57.5888,83.5888
293.5000,840.5000,25.0000,77.0000
285.5000,1029.5000,25.0000,77.0000
285.5000,913.5000,25.0000,77.0000
294.5000,899.5000,25.0000,77.0000
904.2040,266.7040,69.5920,95.5920
866.0645,278.0645,62.8711,88.8711
309.5000,797.5000,25.0000,77.0000
301.5000,885.5000,25.0000,77.0000
863.0159,276.5158,47.9683,73.9683
867.9176,279.9176,42.1648,68.1648
294.5000,855.5000,25.0000,77.0000
293.5000,899.5000,25.0000,77.0000
514.5000,273.5000,25.0000,77.0000
481.5000,302.5000,25.0000,77.0000
285.5000,971.5000,25.0000,77.0000
285.5000,971.5000,25.0000,77.0000
285.5000,971.5000,25.0000,77.0000
934.8754,265.3754,55.2493,81.2493
885.5239,271.5239,56.9522,82.9522
824.0308,282.5308,42.9385,68.9385
285.5000,1029.5000,25.0000,77.0000
928.8126,269.8126,51.3748,77.3748
924.3644,257.8644,70.2711,96.2711
985.0881,270.0881,35.8238,61.8238
969.8127,271.8127,31.3746,57.3746
285.5000,1029.5000,25.0000,77.0000
285.5000,1029.5000,25.0000,77.0000
285.5000,1029.5000,25.0000,77.0000
285.5000,1029.5000,25.0000,77.0000
285.5000,1029.5000,25.0000,77.0000
285.5000,1029.5000,25.0000,77.0000
285.5000,1029.5000,25.0000,77.0000
285.5000,1029.5000,25.0000,77.0000
285.5000,1029.5000,25.0000,77.0000
310.5000,768.5000,25.0000,77.0000
627.5000,321.5000,25.0000,77.0000
627.5000,321.5000,25.0000,77.0000
285.5000,1029.5000,25.0000,77.0000
285.5000,1029.5000,25.0000,77.0000
285.5000,1029.5000,25.0000,77.0000
309.5000,768.5000,25.0000,77.0000
310.5000,768.5000,25.0000,77.0000
310.5000,767.5000,25.0000,77.0000
310.5000,739.5000,25.0000,77.0000
285.5000,1030.5000,25.0000,77.0000
309.5000,768.5000,25.0000,77.0000
285.5000,1029.5000,25.0000,77.0000
1028.8756,272.8757,36.2487,62.2487
285.5000,1029.5000,25.0000,77.0000
1050.1376,274.1375,23.7250,49.7250
1038.3126,264.8126,44.3748,70.3748
1002.8548,256.3548,61.2904,87.2904
1036.6255,262.6255,46.7491,72.7491
1001.6141,257.6140,56.7719,82.7719
974.5409,253.0409,62.9183,88.9183
285.5000,1029.5000,25.0000,77.0000
285.5000,1029.5000,25.0000,77.0000
285.5000,1029.5000,25.0000,77.0000
285.5000,1029.5000,25.0000,77.0000
1040.1453,272.1453,31.7094,57.7094
1008.3868,271.3868,40.2263,66.2263
285.5000,1029.5000,25.0000,77.0000
285.5000,1029.5000,25.0000,77.0000
1038.8792,264.3792,46.2417,72.2417
1029.8180,266.3180,47.3640,73.3640
1040.9423,271.4422,33.1155,59.1155
1026.5651,262.0651,49.8698,75.8698
285.5000,1029.5000,25.0000,77.0000
285.5000,1029.5000,25.0000,77.0000
285.5000,1029.5000,25.0000,77.0000
285.5000,971.5000,25.0000,77.0000
285.5000,1029.5000,25.0000,77.0000
285.5000,1001.5000,25.0000,77.0000
1029.1453,269.1453,31.7094,57.7094
285.5000,971.5000,25.0000,77.0000
285.5000,1029.5000,25.0000,77.0000
1010.4584,268.4584,35.0832,61.0832
285.5000,1029.5000,25.0000,77.0000
285.5000,1029.5000,25.0000,77.0000
285.5000,972.5000,25.0000,77.0000
285.5000,1029.5000,25.0000,77.0000
285.5000,971.5000,25.0000,77.0000
973.6467,248.6467,70.7065,96.7065
953.1617,244.6617,77.6767,103.6767
974.5631,244.5631,71.8738,97.8738
998.7728,253.7727,56.4545,82.4545
995.5116,249.5116,60.9768,86.9768
984.3533,241.3533,72.2934,98.2934
1002.8366,249.8366,59.3268,85.3268
1009.3807,262.3807,37.2386,63.2386
981.1280,247.1280,59.7440,85.7440
959.4445,241.4445,80.1110,106.1110
1006.9032,264.4032,35.1936,61.1936
982.7550,247.2550,62.4900,88.4900
1001.6629,243.1629,65.6742,91.6742
1020.7644,246.7644,51.4711,77.4711
269.5000,1015.5000,25.0000,77.0000
353.2561,416.2561,53.4878,79.4878
978.0646,247.0646,58.8708,84.8708
992.2305,244.2305,60.5390,86.5390
973.0751,239.5751,64.8498,90.8498
947.7034,244.7034,67.5931,93.5931
960.7418,232.7419,81.5163,107.5163
996.9962,243.4961,61.0077,87.0077
974.0010,238.0011,71.9979,97.9979
973.5722,256.0722,54.8556,80.8556
940.1464,247.6464,71.7073,97.7073
1018.4616,261.4616,32.0768,58.0768
1007.4445,243.4445,62.1110,88.1110
1020.6669,252.1669,42.6662,68.6662
1012.9207,255.9207,40.1586,66.1586
1009.1982,240.1982,65.6037,91.6037
1001.8445,239.8445,67.3110,93.3110
1029.2144,248.7143,47.5714,73.5714
1002.1809,234.6809,68.6382,94.6382
994.8774,231.3774,71.2452,97.2452
1019.2729,249.2729,42.4541,68.4541
1000.0500,242.0501,54.8999,80.8999
1001.6757,241.1756,59.6487,85.6487
970.7158,233.2157,74.5685,100.5685
945.4135,237.4134,81.1731,107.1731
933.3929,235.8929,83.2142,109.2142
934.5889,236.0889,77.8223,103.8223
285.5000,971.5000,25.0000,77.0000
940.5563,243.5562,66.8875,92.8875
973.3528,249.8528,51.2943,77.2943
261.5000,1015.5000,25.0000,77.0000
984.2303,256.7303,31.5394,57.5394
260.5000,971.5000,25.0000,77.0000
971.6722,259.6722,28.6555,54.6555
277.5000,972.5000,25.0000,77.0000
627.5000,321.5000,25.0000,77.0000
277.5000,985.5000,25.0000,77.0000
277.5000,986.5000,25.0000,77.0000
277.5000,972.5000,25.0000,77.0000
965.7546,239.7546,53.4909,79.4909
946.1954,244.1954,52.6092,78.6092
944.9328,246.4328,58.1344,84.1344
285.5000,913.5000,25.0000,77.0000
285.5000,913.5000,25.0000,77.0000
908.0439,235.5440,67.9121,93.9121
908.8170,243.8170,69.3661,95.3661
918.3979,235.8979,73.2042,99.2042
926.1978,221.6978,79.6044,105.6044
931.5751,230.0751,64.8498,90.8498
939.9015,232.9015,53.1971,79.1971
253.5000,971.5000,25.0000,77.0000
627.5000,321.5000,25.0000,77.0000
277.5000,913.5000,25.0000,77.0000
261.5000,913.5000,25.0000,77.0000
950.1649,254.6649,31.6703,57.6703
269.5000,899.5000,25.0000,77.0000
269.5000,943.5000,25.0000,77.0000
627.5000,321.5000,25.0000,77.0000
627.5000,321.5000,25.0000,77.0000
627.5000,321.5000,25.0000,77.0000
285.5000,855.5000,25.0000,77.0000
285.5000,913.5000,25.0000,77.0000
285.5000,855.5000,25.0000,77.0000
627.5000,321.5000,25.0000,77.0000
627.5000,321.5000,25.0000,77.0000
627.5000,321.5000,25.0000,77.0000
627.5000,321.5000,25.0000,77.0000
627.5000,321.5000,25.0000,77.0000
277.5000,797.5000,25.0000,77.0000
627.5000,321.5000,25.0000,77.0000
627.5000,321.5000,25.0000,77.0000
285.5000,797.5000,25.0000,77.0000
285.5000,797.5000,25.0000,77.0000
285.5000,768.5000,25.0000,77.0000
819.6583,248.1583,46.6833,72.6833
269.5000,768.5000,25.0000,77.0000
627.5000,321.5000,25.0000,77.0000
627.5000,321.5000,25.0000,77.0000
627.5000,321.5000,25.0000,77.0000
627.5000,321.5000,25.0000,77.0000
627.5000,321.5000,25.0000,77.0000
261.5000,928.5000,25.0000,77.0000
627.5000,321.5000,25.0000,77.0000
627.5000,321.5000,25.0000,77.0000
627.5000,321.5000,25.0000,77.0000
627.5000,321.5000,25.0000,77.0000
627.5000,321.5000,25.0000,77.0000
627.5000,321.5000,25.0000,77.0000
627.5000,321.5000,25.0000,77.0000
627.5000,321.5000,25.0000,77.0000
277.5000,797.5000,25.0000,77.0000
627.5000,321.5000,25.0000,77.0000
627.5000,321.5000,25.0000,77.0000
627.5000,321.5000,25.0000,77.0000
627.5000,321.5000,25.0000,77.0000
627.5000,321.5000,25.0000,77.0000
820.5198,236.5197,40.9605,66.9605
802.3165,223.3165,60.3670,86.3670
770.9621,219.9621,90.0758,116.0758
260.5000,796.5000,25.0000,77.0000
627.5000,321.5000,25.0000,77.0000
627.5000,321.5000,25.0000,77.0000
627.5000,321.5000,25.0000,77.0000
627.5000,321.5000,25.0000,77.0000
627.5000,321.5000,25.0000,77.0000
627.5000,321.5000,25.0000,77.0000
236.5000,1015.5000,25.0000,77.0000
236.5000,1015.5000,25.0000,77.0000
627.5000,321.5000,25.0000,77.0000
968.8804,208.3805,38.2391,64.2391
917.6960,196.1960,49.6080,75.6079
252.5000,797.5000,25.0000,77.0000
627.5000,321.5000,25.0000,77.0000
261.5000,783.5000,25.0000,77.0000
245.5000,811.5000,25.0000,77.0000
220.5000,913.5000,25.0000,77.0000
228.5000,957.5000,25.0000,77.0000
986.5774,204.0774,35.8452,61.8452
1017.7032,198.2032,36.5936,62.5936
220.5000,971.5000,25.0000,77.0000
980.8789,196.3789,48.2421,74.2421
220.5000,971.5000,25.0000,77.0000
1019.1938,199.1938,42.6123,68.6123
914.9728,191.4728,70.0543,96.0543
627.5000,321.5000,25.0000,77.0000
627.5000,321.5000,25.0000,77.0000
627.5000,321.5000,25.0000,77.0000
627.5000,321.5000,25.0000,77.0000
220.5000,913.5000,25.0000,77.0000
937.7550,188.2550,62.4900,88.4900
911.3824,188.3824,65.2352,91.2352
940.6965,201.1965,47.6070,73.6070
946.3126,188.8126,58.3748,84.3748
220.5000,971.5000,25.0000,77.0000
999.8127,199.8127,28.3745,54.3745
627.5000,321.5000,25.0000,77.0000
260.5000,840.5000,25.0000,77.0000
220.5000,913.5000,25.0000,77.0000
966.9126,208.4126,26.1748,52.1748
220.5000,913.5000,25.0000,77.0000
220.5000,971.5000,25.0000,77.0000
220.5000,971.5000,25.0000,77.0000
220.5000,971.5000,25.0000,77.0000
220.5000,913.5000,25.0000,77.0000
220.5000,913.5000,25.0000,77.0000
627.5000,321.5000,25.0000,77.0000
220.5000,913.5000,25.0000,77.0000
236.5000,841.5000,25.0000,77.0000
244.5000,928.5000,25.0000,77.0000
220.5000,971.5000,25.0000,77.0000
219.5000,1000.5000,25.0000,77.0000
220.5000,971.5000,25.0000,77.0000
951.9423,209.4422,33.1155,59.1155
944.0066,196.5066,59.9868,85.9868
220.5000,971.5000,25.0000,77.0000
973.3818,203.3818,42.2363,68.2363
808.2234,210.2234,59.5532,85.5532
867.3518,195.8518,87.2964,113.2964
885.7812,200.7813,76.4375,102.4375
236.5000,783.5000,25.0000,77.0000
807.3313,230.8313,29.3375,55.3375
744.3183,236.3183,45.3634,71.3633
888.6354,201.6355,67.7291,93.7291
220.5000,913.5000,25.0000,77.0000
627.5000,321.5000,25.0000,77.0000
627.5000,321.5000,25.0000,77.0000
268.5000,783.5000,25.0000,77.0000
261.5000,782.5000,25.0000,77.0000
252.5000,797.5000,25.0000,77.0000
236.5000,957.5000,25.0000,77.0000
220.5000,971.5000,25.0000,77.0000
979.8180,204.3180,47.3640,73.3640
897.5897,201.5897,68.8205,94.8205
932.2126,227.7126,22.5747,48.5747
236.5000,899.5000,25.0000,77.0000
236.5000,957.5000,25.0000,77.0000
220.5000,971.5000,25.0000,77.0000
995.6265,214.6265,22.7470,48.7470
627.5000,321.5000,25.0000,77.0000
220.5000,971.5000,25.0000,77.0000
627.5000,321.5000,25.0000,77.0000
220.5000,971.5000,25.0000,77.0000
220.5000,971.5000,25.0000,77.0000
220.5000,971.5000,25.0000,77.0000
990.3189,202.3189,42.3622,68.3622
220.5000,972.5000,25.0000,77.0000
627.5000,321.5000,25.0000,77.0000
220.5000,1001.5000,25.0000,77.0000
627.5000,321.5000,25.0000,77.0000
220.5000,1001.5000,25.0000,77.0000
220.5000,971.5000,25.0000,77.0000
627.5000,321.5000,25.0000,77.0000
236.5000,1001.5000,25.0000,77.0000
220.5000,1001.5000,25.0000,77.0000
220.5000,971.5000,25.0000,77.0000
1000.5038,207.5038,28.9924,54.9924
1012.0530,203.0531,41.8939,67.8939
981.7925,200.2925,65.4150,91.4150
961.8502,191.3502,77.2997,103.2997
975.9415,201.4415,52.1169,78.1169
950.0073,189.0073,80.9854,106.9854
236.5000,1015.5000,25.0000,77.0000
991.2511,190.2511,70.4978,96.4978
1022.1454,210.6454,37.7091,63.7091
993.2143,196.2143,61.5714,87.5714
989.5426,197.0426,57.9148,83.9148
1022.1293,209.6294,44.7413,70.7413
1022.0276,207.0276,41.9449,67.9449
228.5000,1015.5000,25.0000,77.0000
1021.0656,209.5656,43.8688,69.8688
1032.1981,213.1981,30.6039,56.6039
228.5000,1015.5000,25.0000,77.0000
236.5000,1015.5000,25.0000,77.0000
1025.6844,201.6844,51.6312,77.6312
1029.5250,209.5250,34.9499,60.9499
228.5000,1015.5000,25.0000,77.0000
228.5000,1015.5000,25.0000,77.0000
236.5000,1015.5000,25.0000,77.0000
236.5000,1015.5000,25.0000,77.0000
228.5000,1015.5000,25.0000,77.0000
236.5000,1015.5000,25.0000,77.0000
228.5000,1015.5000,25.0000,77.0000
627.5000,321.5000,25.0000,77.0000
236.5000,1015.5000,25.0000,77.0000
236.5000,1015.5000,25.0000,77.0000
236.5000,1015.5000,25.0000,77.0000
236.5000,1015.5000,25.0000,77.0000
228.5000,1015.5000,25.0000,77.0000
1022.6671,205.6671,30.6659,56.6659
220.5000,1001.5000,25.0000,77.0000
1001.6675,202.6676,43.6649,69.6649
228.5000,1000.5000,25.0000,77.0000
220.5000,971.5000,25.0000,77.0000
236.5000,1001.5000,25.0000,77.0000
627.5000,321.5000,25.0000,77.0000
992.0418,213.5418,22.9163,48.9163
970.5658,205.0658,41.8684,67.8683
236.5000,1000.5000,25.0000,77.0000
236.5000,1001.5000,25.0000,77.0000
1022.5641,215.5641,33.8717,59.8717
236.5000,1001.5000,25.0000,77.0000
236.5000,1001.5000,25.0000,77.0000
236.5000,1001.5000,25.0000,77.0000
236.5000,1001.5000,25.0000,77.0000
236.5000,1015.5000,25.0000,77.0000
236.5000,1001.5000,25.0000,77.0000
236.5000,1015.5000,25.0000,77.0000
236.5000,1015.5000,25.0000,77.0000
236.5000,1015.5000,25.0000,77.0000
236.5000,1015.5000,25.0000,77.0000
228.5000,1015.5000,25.0000,77.0000
627.5000,321.5000,25.0000,77.0000
220.5000,1029.5000,25.0000,77.0000
627.5000,321.5000,25.0000,77.0000
627.5000,321.5000,25.0000,77.0000
627.5000,321.5000,25.0000,77.0000
627.5000,321.5000,25.0000,77.0000
457.5000,317.5000,25.0000,77.0000
627.5000,321.5000,25.0000,77.0000
627.5000,321.5000,25.0000,77.0000
457.5000,317.5000,25.0000,77.0000
627.5000,321.5000,25.0000,77.0000
252.5000,1001.5000,25.0000,77.0000
627.5000,321.5000,25.0000,77.0000
627.5000,321.5000,25.0000,77.0000
627.5000,321.5000,25.0000,77.0000
244.5000,1029.5000,25.0000,77.0000
627.5000,321.5000,25.0000,77.0000
627.5000,321.5000,25.0000,77.0000
627.5000,321.5000,25.0000,77.0000
627.5000,321.5000,25.0000,77.0000
627.5000,321.5000,25.0000,77.0000
627.5000,321.5000,25.0000,77.0000
627.5000,321.5000,25.0000,77.0000
627.5000,321.5000,25.0000,77.0000
627.5000,321.5000,25.0000,77.0000
627.5000,321.5000,25.0000,77.0000
627.5000,321.5000,25.0000,77.0000
627.5000,321.5000,25.0000,77.0000
627.5000,321.5000,25.0000,77.0000
627.5000,321.5000,25.0000,77.0000
627.5000,321.5000,25.0000,77.0000
449.5000,390.5000,25.0000,77.0000
457.5000,418.5000,25.0000,77.0000
627.5000,321.5000,25.0000,77.0000
457.5000,419.5000,25.0000,77.0000
627.5000,321.5000,25.0000,77.0000
627.5000,321.5000,25.0000,77.0000
627.5000,321.5000,25.0000,77.0000
627.5000,321.5000,25.0000,77.0000
627.5000,321.5000,25.0000,77.0000
627.5000,321.5000,25.0000,77.0000
465.5000,419.5000,25.0000,77.0000
473.5000,404.5000,25.0000,77.0000
457.5000,419.5000,25.0000,77.0000
627.5000,321.5000,25.0000,77.0000
457.5000,419.5000,25.0000,77.0000
627.5000,321.5000,25.0000,77.0000
627.5000,321.5000,25.0000,77.0000
427.2379,425.7379,43.5242,69.5242
627.5000,321.5000,25.0000,77.0000
154.5000,913.5000,25.0000,77.0000
627.5000,321.5000,25.0000,77.0000
154.5000,913.5000,25.0000,77.0000
627.5000,321.5000,25.0000,77.0000
627.5000,321.5000,25.0000,77.0000
627.5000,321.5000,25.0000,77.0000
627.5000,321.5000,25.0000,77.0000
441.5000,390.5000,25.0000,77.0000
387.7511,408.7511,71.4979,97.4979
381.5729,400.5729,87.8542,113.8542
433.5000,389.5000,25.0000,77.0000
448.5000,390.5000,25.0000,77.0000
627.5000,321.5000,25.0000,77.0000
401.0952,411.0952,49.8095,75.8095
482.5000,302.5000,25.0000,77.0000
361.2447,432.2447,59.5106,85.5106
627.5000,321.5000,25.0000,77.0000
627.5000,321.5000,25.0000,77.0000
627.5000,321.5000,25.0000,77.0000
627.5000,321.5000,25.0000,77.0000
627.5000,321.5000,25.0000,77.0000
627.5000,321.5000,25.0000,77.0000
627.5000,321.5000,25.0000,77.0000
627.5000,321.5000,25.0000,77.0000
627.5000,321.5000,25.0000,77.0000
627.5000,321.5000,25.0000,77.0000
457.5000,317.5000,25.0000,77.0000
627.5000,321.5000,25.0000,77.0000
465.5000,303.5000,25.0000,77.0000
627.5000,321.5000,25.0000,77.0000
473.5000,288.5000,25.0000,77.0000
627.5000,321.5000,25.0000,77.0000
627.5000,321.5000,25.0000,77.0000
627.5000,321.5000,25.0000,77.0000
627.5000,321.5000,25.0000,77.0000
627.5000,321.5000,25.0000,77.0000
627.5000,321.5000,25.0000,77.0000
627.5000,321.5000,25.0000,77.0000
627.5000,321.5000,25.0000,77.0000
627.5000,321.5000,25.0000,77.0000
627.5000,321.5000,25.0000,77.0000
627.5000,321.5000,25.0000,77.0000
627.5000,321.5000,25.0000,77.0000
627.5000,321.5000,25.0000,77.0000
627.5000,321.5000,25.0000,77.0000
627.5000,321.5000,25.0000,77.0000
627.5000,321.5000,25.0000,77.0000
627.5000,321.5000,25.0000,77.0000
627.5000,321.5000,25.0000,77.0000
627.5000,321.5000,25.0000,77.0000
627.5000,321.5000,25.0000,77.0000
627.5000,321.5000,25.0000,77.0000
627.5000,321.5000,25.0000,77.0000
627.5000,321.5000,25.0000,77.0000
627.5000,321.5000,25.0000,77.0000
627.5000,321.5000,25.0000,77.0000
627.5000,321.5000,25.0000,77.0000
627.5000,321.5000,25.0000,77.0000
627.5000,321.5000,25.0000,77.0000
627.5000,321.5000,25.0000,77.0000
627.5000,321.5000,25.0000,77.0000
627.5000,321.5000,25.0000,77.0000
627.5000,321.5000,25.0000,77.0000
627.5000,321.5000,25.0000,77.0000
627.5000,321.5000,25.0000,77.0000
627.5000,321.5000,25.0000,77.0000
627.5000,321.5000,25.0000,77.0000
627.5000,321.5000,25.0000,77.0000
627.5000,321.5000,25.0000,77.0000
627.5000,321.5000,25.0000,77.0000
627.5000,321.5000,25.0000,77.0000
627.5000,321.5000,25.0000,77.0000
627.5000,321.5000,25.0000,77.0000
627.5000,321.5000,25.0000,77.0000
725.6876,146.1876,56.6248,82.6248
170.5000,710.5000,25.0000,77.0000
739.5729,143.0729,57.8542,83.8542
743.6254,145.1254,57.7493,83.7493
187.5000,739.5000,25.0000,77.0000
187.5000,739.5000,25.0000,77.0000
627.5000,321.5000,25.0000,77.0000
627.5000,321.5000,25.0000,77.0000
766.6167,140.1167,40.7666,66.7666
163.5000,738.5000,25.0000,77.0000
627.5000,321.5000,25.0000,77.0000
627.5000,321.5000,25.0000,77.0000
627.5000,321.5000,25.0000,77.0000
627.5000,321.5000,25.0000,77.0000
195.5000,724.5000,25.0000,77.0000
627.5000,321.5000,25.0000,77.0000
195.5000,738.5000,25.0000,77.0000
627.5000,321.5000,25.0000,77.0000
750.0544,155.0544,46.8911,72.8911
727.6453,145.1453,68.7094,94.7094
627.5000,321.5000,25.0000,77.0000
627.5000,321.5000,25.0000,77.0000
627.5000,321.5000,25.0000,77.0000
187.5000,680.5000,25.0000,77.0000
627.5000,321.5000,25.0000,77.0000
747.2770,137.2770,56.4460,82.4460
627.5000,321.5000,25.0000,77.0000
627.5000,321.5000,25.0000,77.0000
627.5000,321.5000,25.0000,77.0000
627.5000,321.5000,25.0000,77.0000
627.5000,321.5000,25.0000,77.0000
691.5422,141.0422,87.9155,113.9155
706.5030,166.5030,53.9940,79.9940
627.5000,321.5000,25.0000,77.0000
627.5000,321.5000,25.0000,77.0000
627.5000,321.5000,25.0000,77.0000
170.5000,710.5000,25.0000,77.0000
713.4008,142.4008,54.1983,80.1983
163.5000,709.5000,25.0000,77.0000
720.0128,138.0128,75.9744,101.9744
747.5729,155.0729,21.8541,47.8541
179.5000,681.5000,25.0000,77.0000
163.5000,710.5000,25.0000,77.0000
716.7344,145.2344,68.5312,94.5312
627.5000,321.5000,25.0000,77.0000
627.5000,321.5000,25.0000,77.0000
195.5000,666.5000,25.0000,77.0000
195.5000,666.5000,25.0000,77.0000
162.5000,710.5000,25.0000,77.0000
700.8886,184.3886,41.2228,67.2228
170.5000,710.5000,25.0000,77.0000
729.8892,148.8892,53.2216,79.2216
714.9351,153.4351,50.1298,76.1298
714.6349,144.6349,64.7303,90.7303
163.5000,710.5000,25.0000,77.0000
690.6880,188.6880,20.6240,46.6240
627.5000,321.5000,25.0000,77.0000
688.6951,166.1951,62.6099,88.6099
196.5000,666.5000,25.0000,77.0000
690.7795,188.2795,29.4411,55.4411
196.5000,666.5000,25.0000,77.0000
660.9302,164.9302,76.1396,102.1396
660.7024,147.7024,96.5952,122.5952
671.8210,168.8211,71.3579,97.3579
654.6132,145.1132,95.7736,121.7736
666.2963,168.2963,62.4074,88.4074
650.2516,181.2516,50.4967,76.4967
639.0942,173.5942,68.8116,94.8116
623.4431,152.9431,97.1138,123.1138
634.2005,150.2005,94.5990,120.5990
642.9907,160.4906,86.0187,112.0187
639.8190,157.3190,90.3621,116.3621
650.2969,158.2969,72.4062,98.4062
652.5368,176.5368,54.9264,80.9264
603.2466,157.2467,87.5067,113.5067
619.7531,163.2531,93.4938,119.4938
625.3439,168.3439,78.3122,104.3122
647.9093,181.9093,51.1814,77.1814
659.1733,174.6733,38.6534,64.6534
638.4240,168.9240,56.1520,82.1520
651.0093,166.0093,52.9815,78.9815
642.8105,154.3105,72.3790,98.3790
642.4186,155.9186,70.1628,96.1628
628.4861,134.9861,107.0278,133.0278
614.2418,146.2418,103.5165,129.5165
615.8790,147.3790,79.2420,105.2420
195.5000,622.5000,25.0000,77.0000
171.5000,594.5000,25.0000,77.0000
636.9620,135.9620,70.0760,96.0760
622.4805,135.9805,86.0391,112.0391
631.9993,131.4993,99.0014,125.0014
615.1196,146.1197,79.7607,105.7607
625.7888,135.2888,99.4224,125.4224
619.7844,148.7843,83.4313,109.4313
636.8802,169.8802,51.2395,77.2395
610.0959,150.0959,82.8083,108.8083
618.8379,134.8379,101.3243,127.3243
635.7438,135.7437,92.5125,118.5125
629.8044,137.3044,97.3911,123.3911
617.5695,140.0695,106.8610,132.8610
620.0860,136.0860,117.8281,143.8281
608.2905,138.2905,117.4190,143.4190
579.7321,150.2321,103.5357,129.5357
583.9965,153.4965,102.0070,128.0070
602.2906,143.2906,112.4187,138.4187
585.9775,150.4775,104.0451,130.0451
600.0054,145.0054,115.9891,141.9891
610.2792,145.2792,104.4416,130.4416
614.5120,147.5120,100.9760,126.9760
605.1667,168.6668,75.6665,101.6665
611.1293,162.6293,74.7415,100.7415
603.1408,159.6408,84.7184,110.7184
603.1501,158.1501,87.6997,113.6997
603.7169,150.2168,110.5663,136.5663
583.7829,164.7829,88.4342,114.4342
585.3187,158.3187,104.3627,130.3627
581.3334,162.8334,99.3332,125.3332
587.1501,171.6501,77.6997,103.6997
595.0141,163.0141,87.9718,113.9718
575.6592,156.6592,100.6816,126.6816
591.5042,156.5042,101.9916,127.9916
605.3375,156.3374,95.3251,121.3251
594.6757,163.6757,96.6487,122.6487
590.0063,165.0063,101.9874,127.9874
586.0770,161.5769,105.8461,131.8461
588.0217,167.0217,92.9565,118.9565
590.8729,168.8729,93.2543,119.2543
584.1719,166.1719,104.6561,130.6561
588.0295,172.0295,92.9410,118.9410
585.4594,173.4593,97.0813,123.0813
584.4651,171.9652,104.0696,130.0696
594.5131,172.0131,102.9738,128.9738
593.5794,175.5794,95.8412,121.8412
601.9496,171.4496,93.1009,119.1009
604.2436,165.7436,90.5128,116.5128
590.8724,166.8724,102.2552,128.2552
590.1398,174.1398,89.7205,115.7205
592.0058,180.5058,87.9884,113.9884
581.3236,174.3236,97.3528,123.3528
592.4437,169.9437,89.1127,115.1127
587.1974,172.6974,88.6052,114.6052
584.5363,170.5363,96.9275,122.9275
584.2476,170.2476,90.5048,116.5048
574.9965,166.4965,102.0070,128.0070
576.3068,161.8069,111.3863,137.3863
568.6633,161.6633,110.6733,136.6733
576.1293,164.1293,103.7414,129.7414
591.6762,162.6762,111.6476,137.6476
581.7630,165.2630,108.4740,134.4740
590.0372,162.5372,114.9256,140.9256
581.4247,167.4247,112.1506,138.1506
584.3813,171.3813,104.2374,130.2374
569.9008,167.9008,117.1984,143.1984
579.7500,173.7500,112.5000,138.5000
580.8560,170.3560,110.2880,136.2880
584.0984,169.5984,110.8031,136.8031
572.6829,175.6829,93.6341,119.6341
559.7843,171.7843,105.4314,131.4314
567.0940,176.0940,102.8120,128.8120
553.3336,171.3336,110.3328,136.3328
551.2917,181.7917,93.4166,119.4166
554.8691,176.8691,105.2618,131.2618
544.3362,170.8362,115.3275,141.3275
546.9282,173.9282,116.1436,142.1436
538.7921,175.2921,107.4157,133.4158
530.0186,174.5186,109.9628,135.9628
547.5237,173.5237,101.9525,127.9525
542.2621,168.7621,105.4758,131.4758
543.0453,171.0454,108.9093,134.9093
554.6876,166.6875,116.6249,142.6249
542.0946,165.5946,114.8108,140.8108
541.2779,168.7779,115.4442,141.4442
529.2308,175.2308,103.5385,129.5385
514.2184,172.7184,103.5632,129.5632
533.3938,162.8938,113.2125,139.2125
525.3765,172.3764,109.2471,135.2471
526.2318,173.7318,101.5365,127.5365
517.5536,168.5536,106.8928,132.8928
513.8882,170.8882,113.2236,139.2236
507.8334,173.8334,108.3332,134.3332
504.1726,182.6726,104.6548,130.6548
512.5509,175.0509,111.8982,137.8982
511.5878,179.0878,112.8245,138.8245
519.0024,172.0024,114.9951,140.9951
510.3697,177.3697,116.2605,142.2605
502.0459,183.0459,111.9082,137.9082
496.4125,185.9125,116.1750,142.1750
494.4950,191.4950,112.0100,138.0101
497.0771,179.5771,108.8457,134.8457
498.3595,185.3595,96.2810,122.2810
497.1649,190.6649,78.6702,104.6702
488.4649,186.9649,89.0702,115.0702
514.1310,179.6310,98.7380,124.7380
504.8931,185.3931,103.2138,129.2138
518.0946,177.5946,114.8108,140.8108
521.5964,179.5964,116.8072,142.8072
500.4243,187.9243,109.1514,135.1514
498.3938,183.8938,113.2125,139.2125
510.3546,177.8546,122.2907,148.2907
482.1983,187.6983,116.6033,142.6033
491.9418,186.4418,108.1164,134.1164
504.9074,181.9074,111.1851,137.1851
504.2216,181.7217,109.5567,135.5567
494.1896,180.1896,104.6208,130.6208
508.8752,177.3752,93.2496,119.2496
505.1898,180.6898,95.6204,121.6204
499.2247,183.7247,96.5506,122.5506
495.4250,188.4251,105.1499,131.1499
486.0804,192.0804,87.8392,113.8392
479.5924,195.5924,88.8151,114.8151
489.4003,189.4003,87.1994,113.1994
466.3417,201.3417,83.3167,109.3167
476.9554,188.9554,91.0891,117.0891
472.5007,191.5007,96.9985,122.9985
476.7750,189.7750,92.4500,118.4500
483.9590,196.9589,84.0821,110.0821
470.9890,196.9890,98.0219,124.0219
477.7465,201.7465,84.5069,110.5069
469.8987,220.8987,63.2026,89.2026
476.8007,198.3007,86.3986,112.3986
473.1090,204.1090,81.7820,107.7820
472.2359,211.7359,74.5282,100.5282
464.7541,210.7541,89.4919,115.4919
476.1137,208.6137,88.7725,114.7725
469.8952,217.3952,75.2096,101.2096
485.1995,213.6995,59.6010,85.6010
459.3596,220.8596,68.2808,94.2808
472.1348,210.6348,77.7304,103.7304
463.6343,205.6343,94.7314,120.7314
459.5289,218.0289,70.9423,96.9423
455.5155,218.0155,72.9690,98.9690
464.2194,227.7194,61.5612,87.5612
473.9048,225.9048,61.1903,87.1903
469.6703,219.6703,77.6594,103.6594
468.6422,224.1422,78.7156,104.7156
468.7050,224.2050,87.5899,113.5899
487.7260,231.7260,64.5481,90.5481
486.4923,238.9923,53.0154,79.0154
471.4437,222.9437,89.1127,115.1127
472.7143,230.2143,75.5714,101.5714
467.4975,230.4975,87.0050,113.0050
471.9004,231.4003,77.1993,103.1993
478.4584,252.4584,47.0832,73.0832
261.5000,447.5000,25.0000,77.0000
469.7539,220.2539,76.4922,102.4922
261.5000,434.5000,25.0000,77.0000
470.7814,256.7814,20.4373,46.4373
253.5000,448.5000,25.0000,77.0000
460.8000,231.3000,62.3999,88.3999
261.5000,434.5000,25.0000,77.0000
627.5000,321.5000,25.0000,77.0000
627.5000,321.5000,25.0000,77.0000
627.5000,321.5000,25.0000,77.0000
269.5000,448.5000,25.0000,77.0000
261.5000,434.5000,25.0000,77.0000
261.5000,447.5000,25.0000,77.0000
627.5000,321.5000,25.0000,77.0000
473.7589,248.2589,26.4821,52.4821
268.5000,434.5000,25.0000,77.0000
452.8883,235.8883,70.2235,96.2235
452.9465,223.9465,86.1071,112.1071
453.2978,225.7978,80.4043,106.4043
454.9669,227.4669,86.0663,112.0663
443.9013,225.4013,89.1975,115.1975
448.7339,225.7339,74.5322,100.5322
444.9465,225.9465,86.1071,112.1071
450.5354,223.5354,84.9293,110.9293
453.4706,231.9705,74.0589,100.0589
455.9921,227.9921,68.0158,94.0158
460.8885,224.8885,83.2231,109.2231
465.1097,226.1097,72.7806,98.7806
473.8647,223.3646,59.2707,85.2707
244.5000,476.5000,25.0000,77.0000
252.5000,447.5000,25.0000,77.0000
472.9555,223.9555,49.0889,75.0889
487.0739,221.5739,53.8521,79.8521
475.6469,228.1468,64.7063,90.7063
465.5464,227.5464,56.9072,82.9072
470.8241,228.3241,61.3518,87.3518
464.8646,223.3646,71.2707,97.2707
477.5824,221.0824,73.8351,99.8351
488.9646,227.9646,46.0708,72.0708
488.5688,236.5688,37.8624,63.8624
252.5000,506.5000,25.0000,77.0000
252.5000,447.5000,25.0000,77.0000
489.0748,229.0748,50.8504,76.8504
470.6037,227.6037,55.7926,81.7926
475.4584,231.9584,65.0833,91.0833
260.5000,433.5000,25.0000,77.0000
252.5000,477.5000,25.0000,77.0000
252.5000,448.5000,25.0000,77.0000
506.7101,216.2101,59.5797,85.5797
480.9884,217.9884,77.0233,103.0233
471.1471,228.6471,69.7058,95.7058
475.3974,218.8974,80.2052,106.2052
448.5128,230.0128,65.9743,91.9743
458.6701,227.6701,62.6597,88.6597
464.9897,227.9897,61.0206,87.0206
451.8752,218.8752,80.2495,106.2495
467.3959,225.8959,25.2083,51.2083
244.5000,419.5000,25.0000,77.0000
448.5538,231.5538,22.8923,48.8923
244.5000,419.5000,25.0000,77.0000
244.5000,419.5000,25.0000,77.0000
470.5868,217.5868,44.8265,70.8265
474.4197,214.4197,49.1606,75.1606
500.3781,208.3781,57.2437,83.2437
481.9069,216.4069,52.1863,78.1863
244.5000,419.5000,25.0000,77.0000
456.5842,220.0842,45.8317,71.8317
477.4445,210.4445,62.1110,88.1110
452.6627,222.6627,47.6746,73.6746
252.5000,506.5000,25.0000,77.0000
244.5000,477.5000,25.0000,77.0000
334.5000,943.5000,25.0000,77.0000
350.5000,971.5000,25.0000,77.0000
244.5000,419.5000,25.0000,77.0000
244.5000,419.5000,25.0000,77.0000
244.5000,419.5000,25.0000,77.0000
244.5000,520.5000,25.0000,77.0000
351.5000,1015.5000,25.0000,77.0000
245.5000,419.5000,25.0000,77.0000
967.3959,317.3958,34.2083,60.2083
350.5000,971.5000,25.0000,77.0000
627.5000,321.5000,25.0000,77.0000
627.5000,321.5000,25.0000,77.0000
627.5000,321.5000,25.0000,77.0000
627.5000,321.5000,25.0000,77.0000
252.5000,390.5000,25.0000,77.0000
245.5000,418.5000,25.0000,77.0000
252.5000,389.5000,25.0000,77.0000
252.5000,389.5000,25.0000,77.0000
627.5000,321.5000,25.0000,77.0000
627.5000,321.5000,25.0000,77.0000
627.5000,321.5000,25.0000,77.0000
252.5000,390.5000,25.0000,77.0000
627.5000,321.5000,25.0000,77.0000
627.5000,321.5000,25.0000,77.0000
627.5000,321.5000,25.0000,77.0000
627.5000,321.5000,25.0000,77.0000
627.5000,321.5000,25.0000,77.0000
187.5000,1015.5000,25.0000,77.0000
627.5000,321.5000,25.0000,77.0000
627.5000,321.5000,25.0000,77.0000
627.5000,321.5000,25.0000,77.0000
627.5000,321.5000,25.0000,77.0000
627.5000,321.5000,25.0000,77.0000
627.5000,321.5000,25.0000,77.0000
244.5000,506.5000,25.0000,77.0000
627.5000,321.5000,25.0000,77.0000
392.5000,1015.5000,25.0000,77.0000
1010.3502,351.8502,62.2996,88.2996
383.5000,1029.5000,25.0000,77.0000
383.5000,1029.5000,25.0000,77.0000
383.5000,1029.5000,25.0000,77.0000
627.5000,321.5000,25.0000,77.0000
627.5000,321.5000,25.0000,77.0000
627.5000,321.5000,25.0000,77.0000
627.5000,321.5000,25.0000,77.0000
627.5000,321.5000,25.0000,77.0000
627.5000,321.5000,25.0000,77.0000
627.5000,321.5000,25.0000,77.0000
627.5000,321.5000,25.0000,77.0000
244.5000,593.5000,25.0000,77.0000
627.5000,321.5000,25.0000,77.0000
627.5000,321.5000,25.0000,77.0000
449.5000,1088.5000,25.0000,77.0000
432.5000,1117.5000,25.0000,77.0000
1121.1118,419.1118,39.7764,65.7764
627.5000,321.5000,25.0000,77.0000
627.5000,321.5000,25.0000,77.0000
449.5000,1088.5000,25.0000,77.0000
449.5000,1088.5000,25.0000,77.0000
627.5000,321.5000,25.0000,77.0000
627.5000,321.5000,25.0000,77.0000
1125.0614,443.0614,37.8772,63.8772
465.5000,1117.5000,25.0000,77.0000
457.5000,1103.5000,25.0000,77.0000
465.5000,1117.5000,25.0000,77.0000
473.5000,1088.5000,25.0000,77.0000
449.5000,1059.5000,25.0000,77.0000
449.5000,1088.5000,25.0000,77.0000
474.5000,1088.5000,25.0000,77.0000
481.5000,1088.5000,25.0000,77.0000
627.5000,321.5000,25.0000,77.0000
449.5000,1088.5000,25.0000,77.0000
449.5000,1088.5000,25.0000,77.0000
1087.3556,431.8556,63.2888,89.2888
1086.9271,438.9271,69.1458,95.1458
1092.6732,436.6732,64.6536,90.6536
1109.8890,450.3890,49.2219,75.2219
473.5000,1102.5000,25.0000,77.0000
481.5000,1116.5000,25.0000,77.0000
482.5000,1117.5000,25.0000,77.0000
481.5000,1088.5000,25.0000,77.0000
627.5000,321.5000,25.0000,77.0000
627.5000,321.5000,25.0000,77.0000
627.5000,321.5000,25.0000,77.0000
627.5000,321.5000,25.0000,77.0000
627.5000,321.5000,25.0000,77.0000
498.5000,1117.5000,25.0000,77.0000
465.5000,1001.5000,25.0000,77.0000
465.5000,1001.5000,25.0000,77.0000
627.5000,321.5000,25.0000,77.0000
627.5000,321.5000,25.0000,77.0000
627.5000,321.5000,25.0000,77.0000
514.5000,1117.5000,25.0000,77.0000
530.5000,361.5000,25.0000,77.0000
335.5000,535.5000,25.0000,77.0000
522.5000,1117.5000,25.0000,77.0000
522.5000,1117.5000,25.0000,77.0000
627.5000,321.5000,25.0000,77.0000
627.5000,321.5000,25.0000,77.0000
1111.4512,497.9511,47.0977,73.0977
514.5000,1088.5000,25.0000,77.0000
498.5000,1015.5000,25.0000,77.0000
531.5000,1059.5000,25.0000,77.0000
514.5000,1030.5000,25.0000,77.0000
627.5000,321.5000,25.0000,77.0000
546.5000,1088.5000,25.0000,77.0000
514.5000,1030.5000,25.0000,77.0000
514.5000,1030.5000,25.0000,77.0000
514.5000,1001.5000,25.0000,77.0000
482.5000,971.5000,25.0000,77.0000
1049.0000,483.0000,51.0000,77.0000
482.5000,971.5000,25.0000,77.0000
958.2689,442.7688,85.4623,111.4623
514.5000,972.5000,25.0000,77.0000
1014.2589,484.7589,40.4821,66.4821
971.3557,468.3557,60.2886,86.2886
948.8085,459.8084,42.3831,68.3831
498.5000,957.5000,25.0000,77.0000
498.5000,899.5000,25.0000,77.0000
514.5000,971.5000,25.0000,77.0000
498.5000,885.5000,25.0000,77.0000
515.5000,971.5000,25.0000,77.0000
514.5000,913.5000,25.0000,77.0000
547.5000,971.5000,25.0000,77.0000
990.1276,510.6277,65.7447,91.7447
943.4420,487.9420,76.1160,102.1160
969.0034,496.0034,84.9931,110.9931
547.5000,1029.5000,25.0000,77.0000
973.7961,516.7961,73.4077,99.4077
964.6016,503.6017,86.7967,112.7967
986.9839,511.9839,67.0321,93.0321
993.2264,515.7264,65.5471,91.5471
969.5085,507.0085,78.9831,104.9831
984.4391,526.9391,71.1217,97.1217
987.8754,532.8754,56.2493,82.2493
944.0261,523.5261,81.9478,107.9478
971.0012,536.0012,63.9976,89.9976
947.0911,537.0911,72.8179,98.8179
951.5563,538.5563,66.8875,92.8875
937.6833,530.6833,71.6333,97.6333
926.2789,523.7789,90.4423,116.4423
924.1839,527.6839,80.6322,106.6322
911.4217,501.4217,101.1566,127.1566
909.0447,518.5447,80.9105,106.9105
938.9666,543.9666,48.0668,74.0668
913.1309,529.6309,78.7382,104.7382
904.1322,534.6322,66.7356,92.7356
909.8752,527.3752,84.2496,110.2496
895.7982,520.2982,95.4036,121.4036
878.1708,518.6708,94.6584,120.6584
886.5236,510.0236,99.9528,125.9528
899.1382,522.1382,84.7236,110.7236
909.4089,534.9089,68.1821,94.1821
939.0023,558.0023,39.9955,65.9955
940.9750,564.4750,25.0499,51.0499
627.5000,321.5000,25.0000,77.0000
627.5000,321.5000,25.0000,77.0000
627.5000,321.5000,25.0000,77.0000
627.5000,321.5000,25.0000,77.0000
917.7858,556.2858,40.4285,66.4285
579.5000,186.5000,25.0000,77.0000
572.5000,186.5000,25.0000,77.0000
572.5000,186.5000,25.0000,77.0000
579.5000,186.5000,25.0000,77.0000
627.5000,321.5000,25.0000,77.0000
627.5000,321.5000,25.0000,77.0000
580.5000,186.5000,25.0000,77.0000
627.5000,321.5000,25.0000,77.0000
580.5000,186.5000,25.0000,77.0000
627.5000,321.5000,25.0000,77.0000
627.5000,321.5000,25.0000,77.0000
580.5000,186.5000,25.0000,77.0000
580.5000,186.5000,25.0000,77.0000
580.5000,186.5000,25.0000,77.0000
596.5000,186.5000,25.0000,77.0000
605.5000,186.5000,25.0000,77.0000
604.5000,171.5000,25.0000,77.0000
596.5000,186.5000,25.0000,77.0000
604.5000,171.5000,25.0000,77.0000
194.0502,587.0502,24.8996,50.8996
612.5000,157.5000,25.0000,77.0000
612.5000,157.5000,25.0000,77.0000
612.5000,157.5000,25.0000,77.0000
612.5000,157.5000,25.0000,77.0000
613.5000,157.5000,25.0000,77.0000
621.5000,143.5000,25.0000,77.0000
612.5000,157.5000,25.0000,77.0000
621.5000,142.5000,25.0000,77.0000
627.5000,321.5000,25.0000,77.0000
627.5000,321.5000,25.0000,77.0000
627.5000,321.5000,25.0000,77.0000
627.5000,321.5000,25.0000,77.0000
627.5000,321.5000,25.0000,77.0000
627.5000,321.5000,25.0000,77.0000
627.5000,321.5000,25.0000,77.0000
627.5000,321.5000,25.0000,77.0000
627.5000,321.5000,25.0000,77.0000
627.5000,321.5000,25.0000,77.0000
627.5000,321.5000,25.0000,77.0000
627.5000,321.5000,25.0000,77.0000
627.5000,321.5000,25.0000,77.0000
627.5000,321.5000,25.0000,77.0000
627.5000,321.5000,25.0000,77.0000
627.5000,321.5000,25.0000,77.0000
627.5000,321.5000,25.0000,77.0000
424.5000,622.5000,25.0000,77.0000
627.5000,321.5000,25.0000,77.0000
627.5000,321.5000,25.0000,77.0000
627.5000,321.5000,25.0000,77.0000
681.2145,418.2145,19.5711,45.5711
627.5000,321.5000,25.0000,77.0000
627.5000,321.5000,25.0000,77.0000
627.5000,321.5000,25.0000,77.0000
627.5000,321.5000,25.0000,77.0000
627.5000,321.5000,25.0000,77.0000
627.5000,321.5000,25.0000,77.0000
663.4723,427.4723,26.0554,52.0554
440.5000,623.5000,25.0000,77.0000
627.5000,321.5000,25.0000,77.0000
627.5000,321.5000,25.0000,77.0000
627.5000,321.5000,25.0000,77.0000
627.5000,321.5000,25.0000,77.0000
627.5000,321.5000,25.0000,77.0000
627.5000,321.5000,25.0000,77.0000
627.5000,321.5000,25.0000,77.0000
627.5000,321.5000,25.0000,77.0000
627.5000,321.5000,25.0000,77.0000
627.5000,321.5000,25.0000,77.0000
627.5000,321.5000,25.0000,77.0000
627.5000,321.5000,25.0000,77.0000
627.5000,321.5000,25.0000,77.0000
627.5000,321.5000,25.0000,77.0000
627.5000,321.5000,25.0000,77.0000
627.5000,321.5000,25.0000,77.0000
627.5000,321.5000,25.0000,77.0000
627.5000,321.5000,25.0000,77.0000
627.5000,321.5000,25.0000,77.0000
627.5000,321.5000,25.0000,77.0000
627.5000,321.5000,25.0000,77.0000
627.5000,321.5000,25.0000,77.0000
627.5000,321.5000,25.0000,77.0000
627.5000,321.5000,25.0000,77.0000
627.5000,321.5000,25.0000,77.0000
627.5000,321.5000,25.0000,77.0000
627.5000,321.5000,25.0000,77.0000
627.5000,321.5000,25.0000,77.0000
627.5000,321.5000,25.0000,77.0000
627.5000,321.5000,25.0000,77.0000
627.5000,321.5000,25.0000,77.0000
627.5000,321.5000,25.0000,77.0000
627.5000,321.5000,25.0000,77.0000
627.5000,321.5000,25.0000,77.0000
627.5000,321.5000,25.0000,77.0000
627.5000,321.5000,25.0000,77.0000
627.5000,321.5000,25.0000,77.0000
627.5000,321.5000,25.0000,77.0000
627.5000,321.5000,25.0000,77.0000
627.5000,321.5000,25.0000,77.0000
627.5000,321.5000,25.0000,77.0000
627.5000,321.5000,25.0000,77.0000
627.5000,321.5000,25.0000,77.0000
627.5000,321.5000,25.0000,77.0000
627.5000,321.5000,25.0000,77.0000
627.5000,321.5000,25.0000,77.0000
627.5000,321.5000,25.0000,77.0000
627.5000,321.5000,25.0000,77.0000
627.5000,321.5000,25.0000,77.0000
627.5000,321.5000,25.0000,77.0000
627.5000,321.5000,25.0000,77.0000
627.5000,321.5000,25.0000,77.0000
627.5000,321.5000,25.0000,77.0000
627.5000,321.5000,25.0000,77.0000
627.5000,321.5000,25.0000,77.0000
627.5000,321.5000,25.0000,77.0000
627.5000,321.5000,25.0000,77.0000
627.5000,321.5000,25.0000,77.0000
474.5000,855.5000,25.0000,77.0000
627.5000,321.5000,25.0000,77.0000
627.5000,321.5000,25.0000,77.0000
627.5000,321.5000,25.0000,77.0000
482.5000,768.5000,25.0000,77.0000
627.5000,321.5000,25.0000,77.0000
627.5000,321.5000,25.0000,77.0000
627.5000,321.5000,25.0000,77.0000
627.5000,321.5000,25.0000,77.0000
627.5000,321.5000,25.0000,77.0000
498.5000,768.5000,25.0000,77.0000
627.5000,321.5000,25.0000,77.0000
627.5000,321.5000,25.0000,77.0000
627.5000,321.5000,25.0000,77.0000
627.5000,321.5000,25.0000,77.0000
627.5000,321.5000,25.0000,77.0000
627.5000,321.5000,25.0000,77.0000
627.5000,321.5000,25.0000,77.0000
627.5000,321.5000,25.0000,77.0000
627.5000,321.5000,25.0000,77.0000
627.5000,321.5000,25.0000,77.0000
539.5000,739.5000,25.0000,77.0000
627.5000,321.5000,25.0000,77.0000
627.5000,321.5000,25.0000,77.0000
522.5000,666.5000,25.0000,77.0000
627.5000,321.5000,25.0000,77.0000
539.5000,709.5000,25.0000,77.0000
627.5000,321.5000,25.0000,77.0000
627.5000,321.5000,25.0000,77.0000
627.5000,321.5000,25.0000,77.0000
627.5000,321.5000,25.0000,77.0000
627.5000,321.5000,25.0000,77.0000
627.5000,321.5000,25.0000,77.0000
627.5000,321.5000,25.0000,77.0000
627.5000,321.5000,25.0000,77.0000
580.5000,710.5000,25.0000,77.0000
627.5000,321.5000,25.0000,77.0000
580.5000,738.5000,25.0000,77.0000
627.5000,321.5000,25.0000,77.0000
580.5000,738.5000,25.0000,77.0000
627.5000,321.5000,25.0000,77.0000
627.5000,321.5000,25.0000,77.0000
627.5000,321.5000,25.0000,77.0000
627.5000,321.5000,25.0000,77.0000
627.5000,321.5000,25.0000,77.0000
627.5000,321.5000,25.0000,77.0000
627.5000,321.5000,25.0000,77.0000
627.5000,321.5000,25.0000,77.0000
627.5000,321.5000,25.0000,77.0000
627.5000,321.5000,25.0000,77.0000
627.5000,321.5000,25.0000,77.0000
627.5000,321.5000,25.0000,77.0000
627.5000,321.5000,25.0000,77.0000
391.5000,710.5000,25.0000,77.0000
400.5000,710.5000,25.0000,77.0000
392.5000,710.5000,25.0000,77.0000
723.1641,381.6641,41.6719,67.6719
627.5000,321.5000,25.0000,77.0000
588.5000,433.5000,25.0000,77.0000
408.5000,739.5000,25.0000,77.0000
400.5000,710.5000,25.0000,77.0000
383.5000,680.5000,25.0000,77.0000
392.5000,738.5000,25.0000,77.0000
408.5000,739.5000,25.0000,77.0000
416.5000,680.5000,25.0000,77.0000
627.5000,321.5000,25.0000,77.0000
627.5000,321.5000,25.0000,77.0000
627.5000,321.5000,25.0000,77.0000
465.5000,710.5000,25.0000,77.0000
627.5000,321.5000,25.0000,77.0000
627.5000,321.5000,25.0000,77.0000
710.8777,428.3777,64.2446,90.2446
637.5000,419.5000,25.0000,77.0000
627.5000,321.5000,25.0000,77.0000
637.5000,419.5000,25.0000,77.0000
457.5000,666.5000,25.0000,77.0000
465.5000,710.5000,25.0000,77.0000
627.5000,321.5000,25.0000,77.0000
457.5000,724.5000,25.0000,77.0000
627.5000,321.5000,25.0000,77.0000
627.5000,321.5000,25.0000,77.0000
627.5000,321.5000,25.0000,77.0000
627.5000,321.5000,25.0000,77.0000
627.5000,321.5000,25.0000,77.0000
627.5000,321.5000,25.0000,77.0000
694.7313,424.7313,89.5373,115.5373
627.5000,321.5000,25.0000,77.0000
627.5000,321.5000,25.0000,77.0000
627.5000,321.5000,25.0000,77.0000
627.5000,321.5000,25.0000,77.0000
637.5000,390.5000,25.0000,77.0000
637.5000,332.5000,25.0000,77.0000
474.5000,681.5000,25.0000,77.0000
627.5000,321.5000,25.0000,77.0000
627.5000,321.5000,25.0000,77.0000
481.5000,680.5000,25.0000,77.0000
627.5000,321.5000,25.0000,77.0000
627.5000,321.5000,25.0000,77.0000
627.5000,321.5000,25.0000,77.0000
627.5000,321.5000,25.0000,77.0000
627.5000,321.5000,25.0000,77.0000
627.5000,321.5000,25.0000,77.0000
627.5000,321.5000,25.0000,77.0000
627.5000,321.5000,25.0000,77.0000
627.5000,321.5000,25.0000,77.0000
627.5000,321.5000,25.0000,77.0000
627.5000,321.5000,25.0000,77.0000
627.5000,321.5000,25.0000,77.0000
627.5000,321.5000,25.0000,77.0000
627.5000,321.5000,25.0000,77.0000
627.5000,321.5000,25.0000,77.0000
627.5000,321.5000,25.0000,77.0000
627.5000,321.5000,25.0000,77.0000
627.5000,321.5000,25.0000,77.0000
384.5000,550.5000,25.0000,77.0000
383.5000,564.5000,25.0000,77.0000
627.5000,321.5000,25.0000,77.0000
627.5000,321.5000,25.0000,77.0000
627.5000,321.5000,25.0000,77.0000
627.5000,321.5000,25.0000,77.0000
627.5000,321.5000,25.0000,77.0000
627.5000,321.5000,25.0000,77.0000
627.5000,321.5000,25.0000,77.0000
627.5000,321.5000,25.0000,77.0000
627.5000,321.5000,25.0000,77.0000
627.5000,321.5000,25.0000,77.0000
627.5000,321.5000,25.0000,77.0000
627.5000,321.5000,25.0000,77.0000
627.5000,321.5000,25.0000,77.0000
627.5000,321.5000,25.0000,77.0000
627.5000,321.5000,25.0000,77.0000
627.5000,321.5000,25.0000,77.0000
627.5000,321.5000,25.0000,77.0000
627.5000,321.5000,25.0000,77.0000
627.5000,321.5000,25.0000,77.0000
627.5000,321.5000,25.0000,77.0000
627.5000,321.5000,25.0000,77.0000
627.5000,321.5000,25.0000,77.0000
627.5000,321.5000,25.0000,77.0000
627.5000,321.5000,25.0000,77.0000
627.5000,321.5000,25.0000,77.0000
627.5000,321.5000,25.0000,77.0000
627.5000,321.5000,25.0000,77.0000
627.5000,321.5000,25.0000,77.0000
627.5000,321.5000,25.0000,77.0000
627.5000,321.5000,25.0000,77.0000
627.5000,321.5000,25.0000,77.0000
627.5000,321.5000,25.0000,77.0000
627.5000,321.5000,25.0000,77.0000
627.5000,321.5000,25.0000,77.0000
627.5000,321.5000,25.0000,77.0000
627.5000,321.5000,25.0000,77.0000
627.5000,321.5000,25.0000,77.0000
627.5000,321.5000,25.0000,77.0000
627.5000,321.5000,25.0000,77.0000
627.5000,321.5000,25.0000,77.0000
627.5000,321.5000,25.0000,77.0000
627.5000,321.5000,25.0000,77.0000
627.5000,321.5000,25.0000,77.0000
627.5000,321.5000,25.0000,77.0000
627.5000,321.5000,25.0000,77.0000
627.5000,321.5000,25.0000,77.0000
627.5000,321.5000,25.0000,77.0000
627.5000,321.5000,25.0000,77.0000
627.5000,321.5000,25.0000,77.0000
627.5000,321.5000,25.0000,77.0000
627.5000,321.5000,25.0000,77.0000
627.5000,321.5000,25.0000,77.0000
627.5000,321.5000,25.0000,77.0000
627.5000,321.5000,25.0000,77.0000
448.5000,652.5000,25.0000,77.0000
627.5000,321.5000,25.0000,77.0000
448.5000,652.5000,25.0000,77.0000
448.5000,652.5000,25.0000,77.0000
448.5000,652.5000,25.0000,77.0000
627.5000,321.5000,25.0000,77.0000
627.5000,321.5000,25.0000,77.0000
627.5000,321.5000,25.0000,77.0000
627.5000,321.5000,25.0000,77.0000
448.5000,652.5000,25.0000,77.0000
627.5000,321.5000,25.0000,77.0000
627.5000,321.5000,25.0000,77.0000
449.5000,651.5000,25.0000,77.0000
627.5000,321.5000,25.0000,77.0000
449.5000,651.5000,25.0000,77.0000
449.5000,652.5000,25.0000,77.0000
449.5000,651.5000,25.0000,77.0000
449.5000,651.5000,25.0000,77.0000
449.5000,651.5000,25.0000,77.0000
449.5000,652.5000,25.0000,77.0000
449.5000,651.5000,25.0000,77.0000
627.5000,321.5000,25.0000,77.0000
627.5000,321.5000,25.0000,77.0000
627.5000,321.5000,25.0000,77.0000
481.5000,680.5000,25.0000,77.0000
627.5000,321.5000,25.0000,77.0000
481.5000,652.5000,25.0000,77.0000
490.5000,666.5000,25.0000,77.0000
498.5000,710.5000,25.0000,77.0000
449.5000,651.5000,25.0000,77.0000
465.5000,651.5000,25.0000,77.0000
465.5000,651.5000,25.0000,77.0000
474.5000,651.5000,25.0000,77.0000
676.2500,461.2500,21.5000,47.5000
672.8109,461.3109,49.3782,75.3782
651.4984,448.9983,50.0033,76.0033
666.5466,470.5466,33.9068,59.9068
634.0317,459.5317,45.9365,71.9365
621.8374,463.3374,55.3252,81.3252
636.8353,462.3353,59.3295,85.3295
671.2032,472.7032,28.5935,54.5935
631.8126,460.8126,49.3748,75.3748
649.8478,471.3478,53.3044,79.3044
644.1876,466.6876,64.6248,90.6248
498.5000,594.5000,25.0000,77.0000
498.5000,651.5000,25.0000,77.0000
498.5000,651.5000,25.0000,77.0000
658.0016,473.0016,51.9968,77.9968
656.3564,477.3564,45.2872,71.2872
646.0072,472.0072,55.9856,81.9856
672.1935,482.1935,44.6131,70.6131
653.1887,473.6888,65.6225,91.6225
650.5441,472.5441,64.9118,90.9118
629.2926,476.7926,59.4148,85.4148
638.2418,475.7419,58.5163,84.5163
623.8353,482.3353,59.3295,85.3295
636.8126,477.8126,64.3748,90.3748
645.2001,481.2000,67.5999,93.5999
644.3201,487.8201,62.3598,88.3598
635.4391,486.4391,73.1218,99.1218
669.3179,486.8179,71.3643,97.3643
651.2928,492.2928,66.4143,92.4143
655.4066,483.9066,76.1867,102.1867
663.0875,484.5875,68.8250,94.8250
667.0721,490.0721,61.8559,87.8559
677.5289,489.0289,70.9423,96.9423
672.9022,492.9022,68.1956,94.1956
679.2115,482.2115,77.5769,103.5769
686.1451,481.1451,78.7099,104.7099
697.6564,487.1564,76.6872,102.6872
694.3322,479.8321,76.3357,102.3357
695.0897,487.5897,75.8206,101.8206
695.5252,486.5252,81.9496,107.9496
701.7509,478.7509,79.4981,105.4981
679.9497,484.9497,87.1006,113.1006
703.5820,487.0820,84.8360,110.8360
712.6467,488.1466,76.7067,102.7067
713.2537,482.2537,79.4925,105.4925
708.4286,484.4286,72.1427,98.1427
712.1042,495.1042,65.7916,91.7916
719.4262,494.4262,59.1476,85.1476
734.0439,491.0439,60.9123,86.9123
729.9794,498.9794,58.0412,84.0412
735.1286,498.6286,51.7428,77.7428
737.6536,499.1536,56.6928,82.6928
736.8858,501.3858,60.2284,86.2284
755.5774,502.0774,56.8452,82.8452
792.0491,514.0491,23.9018,49.9018
747.8000,490.8000,72.3999,98.3999
751.4111,492.9111,75.1777,101.1777
773.4399,513.9399,53.1202,79.1202
787.0018,512.0018,47.9965,73.9965
789.2609,508.2609,35.4783,61.4783
780.5448,502.0448,52.9104,78.9104
756.7510,496.7511,71.4979,97.4979
760.0403,494.5403,72.9194,98.9194
786.4515,501.4515,73.0970,99.0970
787.2539,506.2539,60.4922,86.4922
792.8046,493.3046,67.3908,93.3908
818.9592,506.4592,63.0816,89.0816
798.5786,502.0786,76.8428,102.8428
800.2438,500.2437,62.5125,88.5125
805.9802,495.4801,66.0397,92.0397
806.2858,503.2857,61.4285,87.4285
810.4819,506.4819,54.0361,80.0361
826.5105,500.0105,65.9790,91.9790
802.0914,490.0914,67.8173,93.8173
804.8679,485.8679,80.2643,106.2643
789.4597,486.9597,76.0807,102.0807
802.1830,495.1830,53.6339,79.6339
802.8089,491.8089,46.3821,72.3821
800.7103,499.2103,34.5794,60.5794
799.8181,498.8181,35.3637,61.3637
795.3209,487.3209,50.3583,76.3583
763.5942,472.0941,72.8117,98.8117
782.2311,472.7311,45.5379,71.5379
498.5000,768.5000,25.0000,77.0000
481.5000,767.5000,25.0000,77.0000
482.5000,739.5000,25.0000,77.0000
742.5342,477.0341,28.9317,54.9317
482.5000,767.5000,25.0000,77.0000
736.4391,460.9391,34.1217,60.1217
733.5218,465.5218,23.9564,49.9564
465.5000,666.5000,25.0000,77.0000
465.5000,666.5000,25.0000,77.0000
465.5000,652.5000,25.0000,77.0000
693.6264,445.1264,23.7472,49.7472
685.7802,430.2802,41.4396,67.4396
682.0489,438.0489,32.9022,58.9022
689.1168,437.1168,25.7665,51.7665
684.5848,432.5848,30.8303,56.8303
684.5131,425.0131,45.9739,71.9739
675.0036,433.0036,29.9929,55.9929
681.8895,433.3894,22.2211,48.2211
667.6595,421.1595,34.6811,60.6811
448.5000,651.5000,25.0000,77.0000
448.5000,651.5000,25.0000,77.0000
440.5000,651.5000,25.0000,77.0000
658.4226,427.9226,31.1548,57.1548
1013.6899,88.1899,66.6202,92.6202
1020.1600,107.6600,48.6801,74.6801
122.5000,1001.5000,25.0000,77.0000
1015.0497,98.0497,43.9006,69.9006
1017.3797,95.8797,42.2405,68.2405
122.5000,1000.5000,25.0000,77.0000
73.5000,943.5000,25.0000,77.0000
627.5000,321.5000,25.0000,77.0000
954.5729,76.0729,21.8541,47.8541
89.5000,913.5000,25.0000,77.0000
927.8680,58.3681,46.2639,72.2639
956.2539,68.7539,44.4922,70.4922
935.7866,50.7866,65.4268,91.4268
935.4125,69.9126,36.1749,62.1749
89.5000,899.5000,25.0000,77.0000
933.3788,83.3788,49.2423,75.2423
919.7527,91.7527,35.4946,61.4946
909.8419,65.3419,57.3163,83.3163
907.6130,72.6130,47.7739,73.7739
910.1630,66.1630,50.6739,76.6739
904.4095,61.4096,67.1809,93.1809
898.5838,57.5838,72.8324,98.8324
906.6167,60.1167,70.7666,96.7666
911.4834,60.4834,69.0332,95.0332
917.6710,60.6709,72.6581,98.6581
902.8622,66.3622,60.2755,86.2755
909.2442,67.2442,55.5116,81.5116
911.5657,66.5657,62.8686,88.8686
909.6050,67.1050,61.7900,87.7900
912.1295,79.6295,43.7410,69.7410
919.7589,83.7589,40.4821,66.4821
917.0441,78.0441,47.9119,73.9119
907.0573,68.5573,65.8854,91.8854
912.6706,76.6706,56.6588,82.6588
909.8503,75.8503,52.2995,78.2995
907.5959,69.0959,67.8082,93.8082
908.3755,82.8755,42.2490,68.2489
919.8762,88.3762,25.2475,51.2475
920.3825,89.8825,31.2350,57.2350
924.8753,70.8753,60.2493,86.2493
921.9542,66.9542,67.0917,93.0917
927.1229,69.6229,64.7542,90.7542
921.8873,77.8873,49.2253,75.2253
914.1292,72.1292,60.7416,86.7416
914.6320,74.6319,59.7361,85.7361
922.0507,64.5507,67.8986,93.8986
921.9592,67.4592,63.0816,89.0816
928.6161,76.1161,52.7679,78.7679
927.3574,71.8574,54.2852,80.2852
923.1943,70.1944,58.6113,84.6113
917.1364,78.6364,46.7272,72.7272
913.8680,68.8681,55.2639,81.2639
920.2960,79.2960,46.4080,72.4080
914.6161,70.1161,66.7679,92.7679
912.5801,71.0801,67.8399,93.8399
920.4203,71.4204,65.1593,91.1593
919.7778,70.2778,66.4444,92.4444
907.6042,65.1042,77.7917,103.7917
919.0322,68.5322,64.9357,90.9357
918.9864,69.4864,63.0272,89.0272
913.8163,67.3163,63.3675,89.3675
916.1506,66.6506,66.6987,92.6987
914.9296,66.9296,71.1409,97.1409
906.0128,63.0128,80.9744,106.9744
905.3490,70.8490,79.3019,105.3019
915.2642,76.2642,65.4717,91.4717
105.5000,899.5000,25.0000,77.0000
928.2143,80.2143,47.5714,73.5714
925.1046,66.6046,66.7909,92.7909
925.1424,70.1424,63.7152,89.7152
926.2352,67.2352,50.5296,76.5296
935.6877,78.6877,33.6246,59.6246
89.5000,913.5000,25.0000,77.0000
89.5000,913.5000,25.0000,77.0000
97.5000,899.5000,25.0000,77.0000
89.5000,913.5000,25.0000,77.0000
105.5000,943.5000,25.0000,77.0000
89.5000,942.5000,25.0000,77.0000
121.5000,943.5000,25.0000,77.0000
105.5000,943.5000,25.0000,77.0000
627.5000,321.5000,25.0000,77.0000
114.5000,914.5000,25.0000,77.0000
627.5000,321.5000,25.0000,77.0000
105.5000,942.5000,25.0000,77.0000
121.5000,943.5000,25.0000,77.0000
121.5000,942.5000,25.0000,77.0000
236.5000,884.5000,25.0000,77.0000
204.5000,884.5000,25.0000,77.0000
204.5000,884.5000,25.0000,77.0000
121.5000,942.5000,25.0000,77.0000
236.5000,884.5000,25.0000,77.0000
236.5000,884.5000,25.0000,77.0000
228.5000,899.5000,25.0000,77.0000
236.5000,884.5000,25.0000,77.0000
154.5000,943.5000,25.0000,77.0000
154.5000,971.5000,25.0000,77.0000
984.9348,140.9348,46.1303,72.1303
951.6792,110.1792,49.6416,75.6416
949.5731,114.5731,74.8538,100.8538
936.1390,98.6391,84.7219,110.7219
949.7926,94.7926,81.4148,107.4148
943.5167,91.5167,79.9667,105.9667
937.8334,90.3334,87.3331,113.3331
922.5203,90.0203,107.9594,133.9594
947.0092,110.5091,73.9817,99.9817
944.7689,102.2688,85.4623,111.4623
943.0586,99.5586,83.8828,109.8828
940.0577,94.0577,70.8845,96.8845
939.3799,91.3799,54.2403,80.2403
950.0298,94.5298,64.9404,90.9404
942.0895,90.5895,57.8211,83.8211
931.8806,86.8806,60.2389,86.2389
915.2115,115.7116,90.5769,116.5769
929.4506,123.9505,87.0989,113.0989
930.4129,122.9129,105.1742,131.1742
924.0006,115.0006,111.9987,137.9987
915.6429,106.1430,117.7141,143.7141
930.1251,110.6251,122.7497,148.7497
910.8823,99.3822,118.2355,144.2355
918.6263,100.1263,121.7474,147.7474
914.7604,96.7604,108.4792,134.4792
916.2526,108.2526,109.4948,135.4948
904.9029,95.4029,107.1942,133.1942
897.3943,91.3944,97.2113,123.2113
912.1890,95.6890,100.6221,126.6221
919.8036,82.3036,96.3928,122.3928
905.6252,89.1252,100.7496,126.7496
915.6377,75.6377,77.7246,103.7246
916.3157,68.8158,90.3685,116.3685
920.9276,62.9275,84.1450,110.1450
911.2917,56.7917,93.4166,119.4166
916.4944,60.4944,91.0111,117.0111
913.0820,63.5820,84.8360,110.8360
905.8518,59.3518,87.2964,113.2964
905.0042,57.5041,87.9917,113.9917
908.0300,56.0300,97.9400,123.9400
906.1911,59.1911,100.6178,126.6178
910.5636,60.0636,101.8728,127.8728
909.8423,63.3423,92.3154,118.3154
906.4904,66.9904,84.0192,110.0192
909.1431,67.6430,75.7139,101.7139
910.8669,66.3670,88.2661,114.2661
906.2065,66.7066,81.5869,107.5869
910.8000,62.3000,87.3999,113.3999
912.3925,58.8924,92.2151,118.2151
908.5622,52.0622,97.8756,123.8756
908.4934,50.9934,98.0132,124.0132
910.1603,49.1603,92.6795,118.6795
908.7934,51.7934,97.4132,123.4132
907.1487,54.1488,94.7025,120.7025
905.8299,51.3299,95.3402,121.3402
909.2639,48.7639,93.4722,119.4722
