0.386887
0.047690
0.037094
0.036902
0.037792
0.036705
0.038210
0.034949
0.044307
0.038889
0.036014
0.045212
0.036378
0.041750
0.038335
0.038069
0.039339
0.037305
0.042594
0.035723
0.039489
0.032431
0.031810
0.043948
0.027012
0.022457
0.023677
0.029068
0.027742
0.040524
0.035290
0.027551
0.026441
0.025884
0.029513
0.030597
0.029495
0.029653
0.027329
0.029667
0.035974
0.028222
0.028662
0.029895
0.031676
0.033534
0.029607
0.019915
0.019545
0.021391
0.020877
0.024474
0.036811
0.017909
0.023238
0.019356
0.018852
0.020104
0.036917
0.022973
0.018285
0.022024
0.026615
0.026372
0.027662
0.033076
0.037024
0.030341
0.042139
0.030872
0.041088
0.044417
0.030249
0.037282
0.022369
0.020271
0.040673
0.022619
0.019902
0.028316
0.025254
0.024811
0.024566
0.027367
0.029119
0.043327
0.026520
0.026671
0.048656
0.027158
0.043359
0.039662
0.026335
0.029687
0.034495
0.036533
0.041609
0.030107
0.032584
0.030599
0.036983
0.043026
0.033218
0.032524
0.029012
0.028966
0.046369
0.030830
0.029268
0.032748
0.030966
0.030384
0.031427
0.030912
0.030586
0.045062
0.036791
0.036891
0.031082
0.030976
0.049347
0.030862
0.028571
0.024889
0.027258
0.023762
0.060562
0.032585
0.025105
0.025182
0.027665
0.047818
0.040956
0.031098
0.031434
0.045567
0.053584
0.033931
0.037047
0.032027
0.032326
0.047311
0.030636
0.037492
0.030292
0.030464
0.032471
0.033730
0.032229
0.040421
0.052936
0.031153
0.030676
0.050499
0.038806
0.068115
0.035081
0.045871
0.030877
0.042922
0.024908
0.032396
0.022064
0.033309
0.024813
0.033512
0.025506
0.026757
0.029814
0.050371
0.034634
0.032081
0.049681
0.034800
0.027896
0.046903
0.031640
0.031013
0.054183
0.031191
0.034049
0.050070
0.031965
0.031679
0.030180
0.031976
0.029321
0.045244
0.051090
0.031264
0.028625
0.028722
0.032376
0.032426
0.035958
0.027921
0.028375
0.024789
0.027899
0.027598
0.031916
0.029901
0.031679
0.028856
0.033530
0.031858
0.029983
0.028687
0.037196
0.030992
0.026193
0.027146
0.026524
0.026324
0.031383
0.028845
0.026340
0.026309
0.025846
0.026561
0.033466
0.031168
0.046743
0.052138
0.036741
0.032260
0.049274
0.062432
0.036935
0.035180
0.046464
0.049355
0.038681
0.047745
0.055769
0.046762
0.044850
0.052556
0.043016
0.044382
0.031530
0.030915
0.031767
0.034707
0.033097
0.033228
0.042889
0.035256
0.032943
0.051340
0.039367
0.044341
0.054313
0.034073
0.031716
0.035219
0.031264
0.030859
0.032158
0.031015
0.030855
0.034487
0.032567
0.033247
0.034775
0.034008
0.037075
0.034005
0.032786
0.036440
0.038270
0.032911
0.035679
0.034254
0.036779
0.033170
0.033626
0.032910
0.036294
0.033967
0.033077
0.034087
0.035686
0.031333
0.031471
0.031443
0.031862
0.031001
0.033830
0.031085
0.030848
0.042175
0.045286
0.035812
0.033723
0.034891
0.036888
0.047149
0.039440
0.038876
0.038635
0.042118
0.038953
0.045246
0.039685
0.038268
0.043662
0.040643
0.055417
0.041775
0.042312
0.038294
0.037771
0.040739
0.040462
0.041786
0.040381
0.038486
0.034828
0.036398
0.039020
0.048502
0.037801
0.036328
0.033779
0.031724
0.041509
0.031961
0.031597
0.035686
0.035538
0.032878
0.036254
0.038266
0.036647
0.039254
0.038051
0.042595
0.037997
0.043747
0.044070
0.039994
0.040321
0.038734
0.038277
0.040063
0.048013
0.044044
0.039334
0.040469
0.038000
0.039742
0.039876
0.038815
0.042865
0.044421
0.043925
0.052361
0.046160
0.047431
0.046026
0.038754
0.054176
0.043861
0.048193
0.041484
0.045080
0.063696
0.047106
0.042291
0.042458
0.045348
0.041897
0.042775
0.042015
0.029286
0.027286
0.032178
0.030706
0.028684
0.033340
0.029021
0.028685
0.031865
0.030697
0.031713
0.033790
0.033316
0.030835
0.036971
0.033218
0.032345
0.034010
0.035034
0.035203
0.034115
0.035558
0.037403
0.039406
0.037745
0.039456
0.042455
0.040882
0.040624
0.039919
0.042324
0.052851
0.038028
0.037422
0.059097
0.047570
0.039427
0.047195
0.040371
0.040788
0.045185
0.043447
0.048709
0.042484
0.024773
0.030607
0.031937
0.033089
0.032624
0.042297
0.034080
0.035859
0.034410
0.032706
0.036381
0.041550
0.042019
0.032962
0.030296
0.033193
0.034707
0.034996
0.028404
0.043660
0.043174
0.052427
0.051844
0.062321
0.044675
0.048953
0.044231
0.047367
0.044635
0.046605
0.059380
0.047789
0.044842
0.046899
0.061529
0.072025
0.069326
0.049309
0.054633
0.068161
0.047789
0.049396
0.060829
0.046663
0.048139
0.050981
0.066844
0.055929
0.046296
0.051699
0.046645
0.048705
0.047542
0.049098
0.046543
0.046392
0.047396
0.046516
0.049586
0.043294
0.065388
0.049825
0.037497
0.038177
0.039351
0.049442
0.039962
0.039099
0.042341
0.043871
0.042204
0.040248
0.055388
0.063968
0.045289
0.047171
0.049876
0.044263
0.049371
0.044358
0.047979
0.045901
0.051627
0.046792
0.046317
0.048151
0.046338
0.048200
0.046481
0.047782
0.046273
0.049770
0.046593
0.046777
0.048400
0.047104
0.048062
0.047747
0.046968
0.047633
0.047893
0.046592
0.046386
0.049132
0.046369
0.048934
0.046549
0.046527
0.055124
0.046589
0.048684
0.046754
0.049313
0.046817
0.046381
0.044387
0.041028
0.042478
0.042681
0.045132
0.043228
0.042853
0.044800
0.042853
0.042276
0.039306
0.046123
0.042852
0.042164
0.042102
0.042695
0.043119
0.044559
0.043070
0.042762
0.041919
0.042516
0.041903
0.046334
0.042523
0.043614
0.054951
0.048858
0.052508
0.065056
0.043138
0.043266
0.047531
0.049643
0.046610
0.046656
0.048450
0.047093
0.046007
0.051893
0.046157
0.046917
0.046538
0.033312
0.040581
0.042615
0.040783
0.036402
0.028371
0.028487
0.032937
0.032158
0.054712
0.061846
0.044072
0.052281
0.037532
0.033759
0.045669
0.027437
0.025280
0.040318
0.037611
0.040426
0.036326
0.047395
0.037847
0.037703
0.039002
0.038100
0.039563
0.039545
0.040163
0.032785
0.036564
0.044039
0.041230
0.056819
0.038675
0.043101
0.041022
0.047244
0.040774
0.043744
0.058982
0.043151
0.042792
0.041435
0.041472
0.040855
0.041116
0.041349
0.042885
0.042046
0.043666
0.042682
0.043455
0.037796
0.061110
0.045755
0.041399
0.042517
0.041622
0.041734
0.042690
0.040626
0.040491
0.038657
0.042996
0.041385
0.041771
0.048305
0.043879
0.047071
0.051896
0.045961
0.044371
0.046511
0.041466
0.035318
0.040520
0.041994
0.042689
0.043607
0.040579
0.041508
0.041462
0.042778
0.035569
0.040734
0.048432
0.041378
0.043382
0.043007
0.029596
0.029140
0.043618
0.047610
0.029240
0.042444
0.047047
0.032760
0.046120
0.031674
0.034746
0.034986
0.032301
0.026672
0.041329
0.044126
0.041063
0.043357
0.041211
0.044305
0.042597
0.044544
0.043027
0.039589
0.048838
0.046570
0.041203
0.045134
0.028889
0.030558
0.045689
0.048092
0.049488
0.049221
0.045955
0.044000
0.042978
0.046599
0.041085
0.042676
0.028237
0.042328
0.030476
0.029388
0.028977
0.038300
0.037952
0.028304
0.029854
0.048375
0.042276
0.037003
0.036338
0.046490
0.033410
0.034230
0.032197
0.053783
0.047063
0.046722
0.040743
0.046169
0.045087
0.044151
0.044899
0.043286
0.040690
0.042586
0.038003
0.043211
0.042946
0.042789
0.042925
0.038653
0.046700
0.042731
0.041564
0.039180
0.043134
0.043301
0.047242
0.046874
0.045951
0.055217
0.047446
0.047972
0.052184
0.046497
0.053583
0.044746
0.045065
0.044992
0.049959
0.043604
0.043292
0.045748
0.054180
0.046017
0.043860
0.044529
0.054238
0.048041
0.042692
0.042230
0.050893
0.048284
0.048594
0.046497
0.045107
0.042782
0.046281
0.043421
0.052074
0.063691
0.043250
0.046185
0.058156
0.046114
0.051928
0.059843
0.053847
0.051701
0.050274
0.031695
0.031614
0.028955
0.053105
0.039637
0.055084
0.043543
0.050293
0.051300
0.051311
0.051076
0.042325
0.049886
0.051740
0.055362
0.046707
0.046201
0.044087
0.045331
0.048048
0.045910
0.044859
0.045192
0.045638
0.044089
0.044031
0.044893
0.046001
0.046447
0.055791
0.050206
0.048028
0.048923
0.056118
0.048345
0.049618
0.049957
0.049813
0.047344
0.054023
0.047539
0.046188
0.047080
0.050075
0.046743
0.046180
0.043996
0.043233
0.049615
0.050356
0.051016
0.049035
0.047601
0.046274
0.050539
0.047896
0.046544
0.046496
0.049536
0.047002
0.047912
0.055277
0.053103
0.049686
0.046199
0.049014
0.045989
0.046775
0.051926
0.032300
0.031972
0.050008
0.046542
0.049052
0.050781
0.054929
0.046041
0.053950
0.046551
0.046543
0.046450
0.051967
0.048545
0.049932
0.051075
0.046028
0.046804
0.051695
0.044325
0.044783
0.042677
0.043229
0.045370
0.043438
0.044098
0.044689
0.042642
0.048887
0.049685
0.051625
0.073426
0.065579
0.046522
0.046781
0.082654
0.047433
0.048841
0.059922
0.066936
0.050293
0.051953
0.049473
0.064287
0.065087
0.052183
0.047366
0.063447
0.047814
0.053023
0.047310
0.063826
0.054559
0.046529
0.049273
0.052460
0.069309
0.046316
0.051926
0.059749
0.082704
0.049361
0.047596
0.052421
0.044260
0.048376
0.044375
0.045468
0.044106
0.047041
0.047595
0.048215
0.049946
0.051863
0.050186
0.057177
0.058399
0.050215
0.049495
0.052899
0.047655
0.049289
0.050911
0.048116
0.048709
0.050955
0.048338
0.048699
0.062095
0.048358
0.057652
0.046902
0.049380
0.057461
0.050489
0.045941
0.042887
0.049622
0.046347
0.052209
0.057942
0.048078
0.057347
0.045985
0.047646
0.046907
0.046980
0.046597
0.061490
0.057757
0.048558
0.052109
0.038036
0.047973
0.047569
0.048374
0.053656
0.050220
0.033494
0.032187
0.035018
0.045498
0.049557
0.045908
0.035084
0.032806
0.034095
0.030285
0.029643
0.044004
0.032102
0.035211
0.043683
0.039390
0.056964
0.046919
0.045520
0.030580
0.031291
0.038659
0.025836
0.034846
0.043244
0.029555
0.034151
0.034326
0.029653
0.029814
0.032429
0.030882
0.029507
0.048841
0.032880
0.029583
0.029693
0.041827
0.030059
0.043640
0.045842
0.048569
0.051810
0.042932
0.036676
0.038707
0.035120
0.039351
0.036166
0.051641
0.044364
0.029472
0.042805
0.046296
0.044569
0.032252
0.046260
0.046792
0.047314
0.046451
0.046261
0.052048
0.046859
0.047118
0.045105
0.045471
0.046724
0.033615
0.039541
0.031748
0.033602
0.047251
0.052317
0.046176
0.046994
0.048580
0.051167
0.053536
0.032871
0.047612
0.047230
0.051524
0.052316
0.055721
0.042446
0.046661
0.043958
0.055351
0.047688
0.043292
0.047096
0.043161
0.050800
0.043413
0.053329
0.048481
0.041508
0.046056
0.045244
0.043887
0.049104
0.043967
0.043912
0.045197
0.046375
0.052747
0.053638
0.033462
0.027575
0.052915
0.044824
0.043638
0.043239
0.052536
0.044001
0.048163
0.046935
0.046000
0.053752
0.047763
0.047495
0.032686
0.046872
0.032629
0.046216
0.050252
0.046062
0.049676
0.053457
0.036335
0.047812
0.035389
0.048252
0.048032
0.034538
0.053154
0.046402
0.048290
0.042688
0.045041
0.046075
0.045751
0.049991
0.045792
0.046619
0.046103
0.048732
0.048275
0.046287
0.045707
0.046748
0.045252
0.043912
0.038443
0.036659
0.040480
0.036601
0.037521
0.030679
0.034178
0.029464
0.035826
0.034796
0.035694
0.032385
0.023735
0.034139
0.030473
0.034480
0.037798
0.039013
0.043097
0.047892
0.038057
0.036982
0.037212
0.035453
0.022027
0.033419
0.035644
0.035933
0.044676
0.036954
0.035483
0.033555
0.033359
0.032300
0.032946
0.031260
0.032439
0.031893
0.031314
0.034208
0.034906
0.022408
0.036616
0.023309
0.022006
0.021543
0.021504
0.031622
0.021971
0.024937
0.042961
0.022994
0.038573
0.028151
0.026578
0.025862
0.038974
0.026607
0.030665
0.027404
0.026530
0.037691
0.024268
0.022912
0.026959
0.023605
0.023003
0.022689
0.035205
0.023249
0.026482
0.024806
0.033177
0.035493
0.024106
0.036563
0.025470
0.021610
0.022754
0.021640
0.022955
0.024851
0.037741
0.032991
0.033864
0.024745
0.036771
0.022960
0.023137
0.036832
0.025136
0.040490
0.024204
0.038817
0.024196
0.025190
0.024150
0.024075
0.038615
0.035299
0.033208
0.034342
0.031897
0.024900
0.032373
0.035801
0.036594
0.026696
0.026325
0.027622
0.030458
0.026310
0.026360
0.037318
0.028146
0.026723
0.031876
0.042442
0.026378
0.038580
0.048317
0.079113
0.032990
0.092335
0.045520
0.038168
0.043010
0.036982
0.036324
0.051771
0.035593
0.028860
0.036125
0.033733
0.034524
0.033148
0.036342
0.041477
0.019695
0.019862
0.023717
0.023410
0.019424
0.019879
0.019603
0.029806
0.021631
0.021292
0.023720
0.036586
0.021075
0.021271
0.020593
0.037587
0.032362
0.038804
0.025645
0.026338
0.025472
0.034395
0.026776
0.027694
0.029417
0.034626
0.027683
0.040471
0.048385
0.039848
0.039929
0.028824
0.022397
0.019277
0.018506
0.024584
0.023984
0.024224
0.016486
0.015655
0.017288
0.027859
0.017051
0.026144
0.016444
0.030587
0.036121
0.023422
0.023884
0.023533
0.033461
0.024843
0.033164
0.025275
0.023893
0.025836
0.025372
0.024780
0.035443
0.035239
0.024498
0.027804
0.024870
0.042809
0.062980
0.045220
0.044648
0.038702
0.033858
0.047596
0.036438
0.025747
0.024857
0.036235
0.039583
0.038893
0.037651
0.038393
0.032720
0.033660
0.037471
0.036242
0.034254
0.025696
0.033881
0.035484
0.041692
0.035354
0.038887
0.034597
0.033747
0.033237
0.048733
0.032621
0.032161
0.042441
0.042163
0.057464
0.051063
0.044573
0.033374
0.032838
0.036243
0.034309
0.034570
0.029566
0.031673
0.030125
0.032038
0.029785
0.038139
0.033944
0.036364
0.036289
0.036044
0.045241
0.037708
0.040598
0.037467
0.036063
0.036585
0.038232
0.041267
0.035888
0.038836
0.036741
0.032483
0.034794
0.031915
0.038335
0.032313
0.032873
0.032710
0.032612
0.032776
0.033846
0.048368
0.043596
0.036086
0.052866
0.038571
0.037246
0.040897
0.036543
0.035416
0.027212
0.026801
0.027588
0.026403
0.028319
0.025664
0.029807
0.030358
0.031267
0.028910
0.029529
0.039852
0.034479
0.031234
0.030865
0.030598
0.041556
0.031896
0.031637
0.032068
0.034081
0.035156
0.036754
0.040588
0.038228
0.038219
0.038625
0.038151
0.038756
0.035771
0.038218
0.050533
0.039856
0.035267
0.041467
0.038059
0.043425
0.040089
0.049193
0.053697
0.044405
0.048304
0.058177
0.047520
0.038276
0.041530
0.039629
0.045625
0.045628
0.041019
0.041987
0.040754
0.045967
0.043667
0.048491
0.068688
0.043154
0.052695
0.054337
0.041282
0.058156
0.056186
0.038665
0.037950
0.043997
0.042793
0.041307
0.043275
0.043493
0.042240
0.044532
0.045081
0.044453
0.042595
0.043944
0.046273
0.043474
0.041991
0.045529
0.052279
0.042895
0.059072
0.054213
0.043221
0.043459
0.043647
0.044532
0.044932
0.040679
0.043405
0.043857
0.069810
0.032716
0.039753
0.026810
0.032904
0.029832
0.030362
0.039721
0.039984
0.045161
0.045071
0.035847
0.035053
0.039931
0.035280
0.038006
0.037059
0.029156
0.034436
0.037891
0.035211
0.034781
0.029653
0.033830
0.040944
0.037565
0.040396
0.037853
0.039359
0.037896
0.038550
0.043396
0.043295
0.050120
0.034813
0.035598
0.034419
0.036923
0.035424
0.036695
0.038957
0.026291
0.026361
0.023557
0.037890
0.038002
0.034915
0.023692
0.039671
0.032440
0.053003
0.034111
0.033164
0.053650
0.036138
0.029974
0.039427
0.036507
0.058446
0.035602
0.035969
0.035207
0.038083
0.041033
0.040233
0.042849
0.038199
0.025686
0.042898
0.033776
0.053749
0.051647
0.033434
0.032436
0.031172
0.034780
0.059328
0.053939
0.047159
0.047665
0.034762
0.038263
0.037601
0.043261
0.057278
0.036265
0.036557
0.037306
0.043369
0.037431
0.039491
0.038136
0.038064
0.057600
0.056271
0.040395
0.046124
0.059303
0.038606
0.039320
0.055908
0.053106
0.038229
0.038260
0.040242
0.055399
0.038589
0.042573
0.039697
0.041675
0.046026
0.059497
0.057108
0.041146
0.039708
0.028631
0.032415
0.045568
0.028550
0.059510
0.039749
0.040305
0.037103
0.039902
0.033234
0.029000
0.048052
0.025378
0.025985
0.025258
0.028280
0.026119
0.050754
0.044069
0.032183
0.036351
0.027065
0.033699
0.030680
0.038947
0.029444
0.041974
0.039950
0.041972
0.051267
0.048607
0.027704
0.028411
0.030765
0.026508
0.027391
0.029851
0.031308
0.029198
0.045984
0.032025
0.032375
0.045913
0.047365
0.047895
0.034685
0.032029
0.045690
0.046709
0.036529
0.033156
0.048011
0.037784
0.043891
0.042530
0.041875
0.043708
0.041736
0.046049
0.045201
0.032362
0.048209
0.043114
0.042345
0.041741
0.044546
0.042935
0.042250
0.036501
0.039903
0.041719
0.027621
0.032689
0.027998
0.027771
0.028244
0.041158
0.040642
0.036936
0.029447
0.030257
0.039970
0.049147
0.048203
0.047956
0.043993
0.043828
0.030123
0.033290
0.044918
0.047749
0.046380
0.044014
0.044621
0.031032
0.047375
0.044822
0.045562
0.043936
0.045403
0.042122
0.050717
0.044075
0.042879
0.045569
0.030989
0.051080
0.053292
0.040087
0.043438
0.040268
0.038580
0.039302
0.039066
0.040233
0.040518
0.044010
0.043464
0.044510
0.042328
0.034577
0.045757
0.043657
0.043349
0.044669
0.052058
0.052139
0.054514
0.055390
0.061692
0.043423
0.051135
0.043699
0.045597
0.053428
0.046766
0.042138
0.052438
0.044729
0.055383
0.054488
0.044803
0.044307
0.045525
0.052453
0.032879
0.035686
0.034277
0.030771
0.046309
0.047611
0.045340
0.053986
0.053372
0.030318
0.034371
0.052982
0.038791
0.046494
0.031641
0.030412
0.044272
0.047853
0.045835
0.046102
0.045818
0.046076
0.055443
0.058656
0.056293
0.048420
0.050136
0.053537
0.044840
0.054471
0.046283
0.047682
0.048972
0.038777
0.033060
0.031459
0.033925
0.040175
0.034392
0.032121
0.032873
0.033232
0.033180
0.030338
0.026729
0.046213
0.046645
0.032855
0.033505
0.033170
0.046979
0.030240
0.032009
0.033519
0.044259
0.031370
0.033932
0.031337
0.032426
0.032719
0.031348
0.044603
0.046569
0.031782
0.030372
0.032010
0.032055
0.030722
0.031205
0.035145
0.030274
0.035921
0.032466
0.030485
0.030324
0.033334
0.041006
0.027254
0.039907
0.032861
0.030286
0.033148
0.030539
0.030966
0.031571
0.031265
0.030509
0.034329
0.039886
0.031775
0.030384
0.030200
0.035075
0.031023
0.032002
0.031806
0.032614
0.039326
0.031012
0.030327
0.031723
0.033449
0.031470
0.030861
0.030249
0.030432
0.034993
0.030508
0.030135
0.037907
0.039904
0.038315
0.032682
0.040623
0.030206
0.055112
0.030354
0.030486
0.033945
0.030864
0.030324
0.044239
0.035061
0.032231
0.032447
0.047145
0.031567
0.031469
0.035513
0.032975
0.033578
0.045836
0.031580
0.032821
0.033657
0.031702
0.030492
0.029942
0.031606
0.039043
0.032929
0.031832
0.045689
0.032849
0.033470
0.047227
0.036140
0.045634
0.033242
0.032004
0.032474
0.030931
0.032634
0.031898
0.031865
0.038820
0.032267
0.024661
0.032695
0.026624
0.035275
0.026286
0.024998
0.023955
0.029208
0.026890
0.025636
0.024413
0.032552
0.030836
0.032127
0.032493
0.032320
0.032995
0.046488
0.043657
0.056579
0.053604
0.047310
0.041794
0.041850
0.048675
0.043078
0.042120
0.044732
0.042885
0.030696
0.028948
0.030711
0.045609
0.029965
0.028828
0.045638
0.042652
0.031790
0.042476
0.044702
0.042627
0.028863
0.043425
0.029079
0.030032
0.027130
0.028887
0.039775
0.030176
0.042508
0.049117
0.026184
0.026145
0.031515
0.046236
0.048309
0.046935
0.032403
0.035359
0.045577
0.031718
0.032139
0.033893
0.029385
0.032835
0.029403
0.027138
0.032480
0.030634
0.030682
0.030277
0.034319
0.031540
0.030599
0.031977
0.031785
0.029865
0.023585
0.047567
0.046443
0.029408
0.032747
0.034786
0.043584
0.030291
0.032403
0.031833
0.032620
0.030145
0.041961
0.032103
0.031584
0.032638
0.035463
0.031765
0.032363
0.032448
0.034729
0.031468
0.031546
0.031353
0.031449
0.032033
0.031579
0.033329
0.031781
0.032406
0.034198
0.032139
0.032544
0.035455
0.034674
0.046992
0.051080
0.036348
0.031680
0.035221
0.033815
0.034747
0.031637
0.034739
0.041387
0.035880
0.034856
0.031713
0.032647
0.044241
0.032048
0.032661
0.034858
0.033250
0.040943
0.032733
0.035414
0.049923
0.032537
0.048117
0.045891
0.046481
0.039347
0.033726
0.032750
0.031509
0.061901
0.039730
0.037243
0.050788
0.031645
0.045778
0.047952
0.051234
0.046089
0.050904
0.045914
0.047938
0.035325
0.031858
0.032802
0.050354
0.048377
0.051050
0.046480
0.053086
0.048088
0.054673
0.049081
0.046930
0.057168
0.052216
0.046343
0.050320
0.059359
0.045722
0.048079
0.049680
0.047390
0.061061
0.055562
0.056731
0.063067
0.052734
0.046026
0.052372
0.048245
0.051243
0.046283
0.048755
0.047503
0.045912
0.049885
0.046610
0.048979
0.048685
0.049506
0.046652
0.047104
0.046254
0.057926
0.049248
0.045875
0.047055
0.049681
0.046855
0.047061
0.046951
0.048551
0.051499
0.053755
0.043132
0.053518
0.040818
0.049791
0.061482
0.047832
0.047630
0.046906
0.047990
0.046274
0.046504
0.049363
0.046177
0.048390
0.047975
0.052341
0.046718
0.049810
0.051601
0.046466
0.046739
0.046946
0.048873
0.048530
0.047791
0.046854
0.051811
0.046906
0.050892
0.048452
0.049425
0.053150
0.048814
0.045966
0.066742
0.055072
0.045859
0.044947
0.048448
0.047609
0.047564
0.064502
0.046961
0.047172
0.050876
0.062068
0.078092
0.050860
0.070976
0.050206
0.049248
0.049320
0.039110
0.047887
0.046332
0.045819
0.047998
0.048521
0.046433
0.055749
0.049086
0.045901
0.048959
0.047033
0.045652
0.048349
0.040756
0.061306
0.062638
0.049096
0.051698
0.054436
0.038544
0.049253
0.052848
0.051023
0.054762
0.054004
0.048926
0.052698
0.050196
0.063056
0.052397
0.048811
0.054019
0.056218
0.050606
0.050291
0.048708
0.055539
0.044762
0.056716
0.051087
0.046808
0.046867
0.045743
0.048249
0.048239
0.054708
0.053940
0.045874
0.043609
0.045764
0.047774
0.044220
0.047684
0.044641
0.048368
0.043982
0.044686
0.046351
0.051395
0.046639
0.045822
0.049945
0.048939
0.047784
0.046784
0.046573
0.049651
0.046603
0.052661
0.050353
0.047262
0.046899
0.047620
0.046275
0.058870
0.047356
0.046777
0.048725
0.046189
0.049790
0.046721
0.046631
0.046592
0.039961
0.045044
0.046103
0.049085
0.044303
0.045301
0.046510
0.046906
0.052169
0.030208
0.051374
0.035586
0.044532
0.053918
0.045085
0.046608
0.044530
0.045587
0.053729
0.045007
0.046599
0.051132
0.048234
0.046354
0.048365
0.045703
0.060117
0.044055
0.044772
0.043096
0.046499
0.045149
0.046404
0.049022
0.048396
0.047936
0.044915
0.046981
0.048887
0.045639
0.046529
0.046508
0.048902
0.046722
0.056056
0.046017
0.047710
0.047604
0.045853
0.050661
0.046059
0.048576
0.046793
0.048791
0.047990
0.049802
0.047274
0.049399
0.047655
0.046919
0.060206
0.060712
0.050888
0.048258
0.048003
0.049227
0.047407
0.047050
0.049786
0.046358
0.046570
0.046564
0.049934
0.046205
0.050520
0.045883
0.048366
0.047325
0.048866
0.047264
0.049421
