0.413402
0.026113
0.028679
0.026396
0.038345
0.040853
0.026829
0.027638
0.040992
0.044008
0.041699
0.044994
0.039940
0.041417
0.042114
0.055834
0.041095
0.040296
0.038725
0.039158
0.027851
0.035385
0.042856
0.037719
0.039326
0.031201
0.056376
0.031971
0.044896
0.048930
0.050200
0.035636
0.041043
0.052123
0.044440
0.046254
0.048371
0.044590
0.046865
0.045188
0.051884
0.043883
0.043638
0.046180
0.052687
0.047306
0.043870
0.043848
0.048814
0.041783
0.057002
0.047242
0.048502
0.043291
0.041997
0.042447
0.042799
0.051765
0.044257
0.053273
0.053391
0.030216
0.045474
0.044700
0.047391
0.053928
0.064172
0.044312
0.043733
0.050498
0.045025
0.043824
0.046542
0.045505
0.030901
0.039583
0.043329
0.044111
0.040409
0.042681
0.040791
0.048934
0.029544
0.027512
0.042407
0.030349
0.027607
0.032765
0.043333
0.041766
0.040428
0.043110
0.047068
0.049052
0.047600
0.046481
0.047966
0.047276
0.050682
0.048361
0.051887
0.047002
0.045915
0.046483
0.045738
0.046065
0.046862
0.046321
0.047295
0.048677
0.044465
0.043900
0.046045
0.047206
0.046374
0.030383
0.043961
0.047225
0.029197
0.040912
0.042743
0.028676
0.030305
0.044661
0.046964
0.045877
0.044907
0.044990
0.035446
0.042858
0.038823
0.041227
0.042078
0.044601
0.041528
0.049847
0.043630
0.042395
0.041341
0.044174
0.041966
0.041681
0.043480
0.042696
0.040960
0.047779
0.043239
0.042768
0.046976
0.042029
0.040983
0.042361
0.041598
0.043547
0.040968
0.041631
0.044390
0.057318
0.057443
0.044774
0.044144
0.045260
0.041273
0.030236
0.029518
0.041066
0.040595
0.044459
0.044630
0.041642
0.042875
0.041102
0.040054
0.043003
0.041602
0.044113
0.040615
0.042575
0.040835
0.040988
0.044333
0.041156
0.049381
0.040691
0.045987
0.041734
0.041532
0.042647
0.044420
0.044626
0.038618
0.031484
0.046545
0.044171
0.044884
0.050546
0.046332
0.045834
0.045792
0.044203
0.045020
0.049765
0.045262
0.049525
0.043965
0.057962
0.045467
0.047658
0.044171
0.044502
0.046341
0.045748
0.044092
0.044898
0.046670
0.039454
0.052595
0.042345
0.041933
0.044713
0.041557
0.043496
0.057372
0.041563
0.043108
0.043965
0.044290
0.042030
0.042495
0.042786
0.041999
0.042930
0.043010
0.041700
0.042085
0.044839
0.045230
0.046148
0.045459
0.040988
0.042167
0.041165
0.042894
0.042824
0.043061
0.040846
0.045599
0.042274
0.042120
0.041392
0.041090
0.042548
0.043149
0.047320
0.050625
0.041727
0.041234
0.037565
0.031574
0.044477
0.040922
0.044115
0.041215
0.041380
0.042230
0.042962
0.044591
0.042872
0.043491
0.034194
0.048168
0.052964
0.042711
0.035311
0.035687
0.042580
0.044201
0.055590
0.044854
0.047022
0.046740
0.044093
0.061493
0.045338
0.043826
0.044556
0.046034
0.045030
0.043715
0.047258
0.044681
0.044273
0.043888
0.048944
0.044444
0.044919
0.049605
0.046331
0.045411
0.044153
0.044145
0.044216
0.052689
0.045650
0.046175
0.056838
0.046208
0.048080
0.052029
0.054751
0.042180
0.052495
0.055232
0.049345
0.048001
0.049728
0.076333
0.067020
0.055769
0.044375
0.044075
0.041808
0.040684
0.042923
0.043414
0.047708
0.043310
0.044125
0.048494
0.052081
0.050155
0.050154
0.051103
0.046214
0.046593
0.051475
0.046907
0.049524
0.047708
0.046422
0.047872
0.050056
0.049443
0.045908
0.051955
0.046204
0.047037
0.048248
0.048902
0.048233
0.046920
0.048859
0.046384
0.048129
0.050058
0.048913
0.051300
0.048131
0.049724
0.049605
0.046301
0.046434
0.046334
0.046508
0.046210
0.050127
0.047265
0.049062
0.046727
0.058767
0.054642
0.048413
0.047495
0.047442
0.048781
0.045967
0.049616
0.049877
0.050710
0.046801
0.046426
0.046464
0.043848
0.045912
0.047343
0.048333
0.044092
0.047809
0.044499
0.044442
0.045485
0.043792
0.048390
0.043915
0.038133
0.044053
0.046117
0.044505
0.040827
0.043934
0.041922
0.041274
0.042689
0.043644
0.047726
0.046157
0.043181
0.049451
0.043411
0.044022
0.043772
0.045333
0.042973
0.040294
0.048023
0.049120
0.050534
0.049944
0.045758
0.046849
0.047191
0.047745
0.047093
0.045966
0.046714
0.060588
0.047885
0.044181
0.033058
0.035880
0.042090
0.048561
0.043014
0.041472
0.050007
0.056174
0.044788
0.039172
0.045739
0.043842
0.046274
0.040836
0.040691
0.064067
0.045728
0.062937
0.051102
0.047038
0.040888
0.051219
0.041509
0.045851
0.057225
0.072453
0.049258
0.046287
0.046175
0.055943
0.045919
0.050164
0.048810
0.062465
0.048517
0.046864
0.047149
0.046741
0.046937
0.047692
0.046404
0.045885
0.050065
0.045929
0.049197
0.044994
0.038505
0.041862
0.060181
0.053214
0.047550
0.045689
0.043595
0.042875
0.046344
0.045662
0.047965
0.053328
0.056119
0.051717
0.046445
0.048786
0.050829
0.046555
0.048950
0.052051
0.047411
0.047261
0.045799
0.049392
0.048451
0.047272
0.050104
0.052089
0.048935
0.049245
0.046468
0.050193
0.047272
0.047871
0.046788
0.047100
0.047780
0.045924
0.050691
0.047874
0.054731
0.048962
0.047526
0.046580
0.050575
0.053128
0.064810
0.053896
0.056294
0.050155
0.053772
0.048300
0.041120
0.047729
0.031234
0.037143
0.063817
0.061281
0.040671
0.041830
0.040790
0.042213
0.041122
0.042505
0.041816
0.044799
0.041302
0.042040
0.056698
0.041061
0.047682
0.045523
0.054828
0.050478
0.045148
0.047177
0.046843
0.047850
0.056113
0.046026
0.044589
0.044692
0.044811
0.043070
0.058559
0.043198
0.039019
0.042123
0.041650
0.045579
0.043159
0.049167
0.043274
0.042973
0.045448
0.046106
0.043064
0.044938
0.041719
0.043840
0.046096
0.051857
0.044652
0.045779
0.048617
0.044396
0.047487
0.046036
0.045858
0.045357
0.055728
0.044667
0.069474
0.064974
0.051564
0.044419
0.048030
0.051423
0.044584
0.045573
0.036016
0.046526
0.045118
0.043955
0.054211
0.051613
0.046048
0.031387
0.046418
0.030796
0.033318
0.030288
0.030056
0.035680
0.030931
0.031946
0.045630
0.044380
0.043719
0.047028
0.047128
0.044681
0.046764
0.036317
0.047606
0.033575
0.048863
0.031851
0.031582
0.038701
0.048081
0.074789
0.036043
0.050658
0.056957
0.058092
0.057252
0.054425
0.054584
0.046357
0.051035
0.049085
0.046530
0.045921
0.051461
0.047505
0.047318
0.045874
0.054025
0.048406
0.048330
0.046021
0.050020
0.046035
0.048292
0.046116
0.041618
0.048689
0.049949
0.046031
0.048583
0.046643
0.049322
0.054837
0.046624
0.048103
0.051155
0.047498
0.048983
0.048847
0.046193
0.047628
0.047436
0.045774
0.049322
0.046223
0.049944
0.046735
0.046983
0.049425
0.047764
0.046747
0.046196
0.048431
0.045818
0.047078
0.046358
0.050756
0.045684
0.048965
0.043879
0.074145
0.056823
0.047300
0.044003
0.044841
0.043634
0.043689
0.046352
0.045844
0.043353
0.045578
0.042655
0.042361
0.039788
0.044407
0.043005
0.043330
0.042590
0.057266
0.054217
0.047350
0.050743
0.049912
0.051112
0.050457
0.048690
0.046371
0.047512
0.048118
0.048366
0.045926
0.045830
0.049311
0.046726
0.047071
0.050685
0.047650
0.048508
0.049968
0.050018
0.050443
0.046008
0.048101
0.047015
0.046941
0.049624
0.047726
0.048380
0.046855
0.048349
0.048499
0.047704
0.045881
0.045865
0.055072
0.046721
0.056707
0.047712
0.050124
0.046344
0.049102
0.045977
0.049088
0.046030
0.042583
0.043390
0.044363
0.053881
0.064992
0.042940
0.046258
0.043781
0.046014
0.047760
0.047917
0.046339
0.047476
0.047540
0.046202
0.056698
0.048012
0.043923
0.043915
0.047238
0.046723
0.046069
0.049299
0.048164
0.050968
0.045892
0.046278
0.056250
0.055861
0.050482
0.044363
0.046113
0.048099
0.047283
0.046489
0.050478
0.050128
0.047838
0.046766
0.055261
0.046596
0.061908
0.046330
0.046071
0.053212
0.048132
0.046790
0.046964
0.063229
0.046087
0.040466
0.043388
0.049896
0.047070
0.061301
0.043250
0.047623
0.042785
0.043047
0.056478
0.043758
0.045446
0.043158
0.043542
0.050118
0.044174
0.048402
0.043392
0.047163
0.051668
0.044564
0.044536
0.044379
0.045717
0.061273
0.043813
0.062358
0.044711
0.043610
0.043291
0.045211
0.043200
0.045476
0.045804
0.045216
0.043217
0.048658
0.044420
0.046803
0.043440
0.043008
0.045138
0.043661
0.065761
0.043796
0.043362
0.046973
0.043055
0.052013
0.043374
0.043406
0.058544
0.049577
0.043701
0.046953
0.047278
0.046883
0.043463
0.047252
0.044616
0.046831
0.043539
0.048142
0.043477
0.046116
0.048919
0.044056
0.062741
0.047242
0.043658
0.046588
0.044552
0.043267
0.052951
0.045529
0.045111
0.043217
0.063055
0.055961
0.043991
0.045218
0.045534
0.043254
0.043209
0.042968
0.047221
0.043186
0.043735
0.050504
0.043170
0.043306
0.047946
0.047170
0.052336
0.048578
0.049667
0.047755
0.046428
0.048725
0.046565
0.050681
0.045874
0.047098
0.046177
0.047429
0.046777
0.046105
0.047030
0.046069
0.048348
0.046359
0.041136
0.046451
0.042869
0.042846
0.042598
0.037887
0.040749
0.043094
0.042528
0.045159
0.041187
0.038248
0.040997
0.042803
0.041599
0.041053
0.042361
0.042580
0.042819
0.049056
0.048275
0.045999
0.053377
0.048228
0.045848
0.050611
0.047445
0.046002
0.048521
0.047126
0.046010
0.046968
0.050417
0.046133
0.048383
0.046738
0.046114
0.045732
0.049981
0.046163
0.045865
0.047636
0.041437
0.049761
0.059667
0.042713
0.043787
0.042727
0.045270
0.044698
0.043480
0.042753
0.047748
0.043544
0.046169
0.046565
0.041472
0.048241
0.045563
0.046031
0.033950
0.042623
0.041188
0.042683
0.048524
0.046399
0.046016
0.047549
0.037593
0.039883
0.045775
0.043203
0.045876
0.043663
0.046453
0.043198
0.044483
0.064675
0.045946
0.051960
0.048054
0.046417
0.048024
0.046068
0.047437
0.049024
0.046389
0.049846
0.045911
0.050778
0.058336
0.050005
0.046609
0.045926
0.049751
0.046486
0.047744
0.046370
0.046673
0.046514
0.047426
0.046328
0.047418
0.046791
0.046329
0.048006
0.046303
0.046998
0.046081
0.048450
0.045895
0.041953
0.031049
0.026352
0.030211
0.051462
0.029275
0.027294
0.030282
0.030011
0.031672
0.042694
0.029985
0.031385
0.040689
0.042981
0.043008
0.044415
0.045350
0.042898
0.043121
0.043617
0.044999
0.042739
0.048776
0.043527
0.042733
0.049540
0.045943
0.047930
0.046095
0.048143
0.046310
0.046385
0.056679
0.066178
0.045820
0.048606
0.047401
0.046697
0.045872
0.046312
0.050077
0.046803
0.048043
0.045834
0.046423
0.046571
0.046665
0.048903
0.051412
0.050788
0.050299
0.045918
0.046734
0.045811
0.049301
0.046111
0.047117
0.046529
0.047832
0.046094
0.045934
0.045566
0.046067
0.047997
0.046562
0.052926
0.046678
0.046123
0.049037
0.046168
0.045979
0.051548
0.047529
0.050349
0.047457
0.046116
0.046124
0.048520
0.046534
0.045955
0.047449
0.046791
0.046014
0.052642
0.049519
0.061177
0.057244
0.046746
0.063131
0.056267
0.046652
0.046124
0.047125
0.047778
0.046032
0.046153
0.050696
0.055152
0.046611
0.044304
0.043598
0.045933
0.043905
0.045252
0.045876
0.049380
0.046052
0.047393
0.045870
0.051074
0.045951
0.046417
0.049289
0.046480
0.046686
0.048041
0.050168
0.045964
0.049397
0.047667
0.046899
0.048662
0.045804
0.048889
0.046633
0.051397
0.046839
0.047776
0.048627
0.045874
0.040177
0.048529
0.028172
0.047689
0.059151
0.045139
0.051329
0.044467
0.045712
0.046905
0.049792
0.040853
0.035812
0.040748
0.034086
0.067775
0.060083
0.043957
0.049455
0.075355
0.059217
0.044379
0.044399
0.075099
0.042965
0.044757
0.046036
0.061485
0.061648
0.046298
0.043236
0.083353
0.046762
0.045428
0.045147
0.058634
0.063282
0.045160
0.051172
0.046272
0.048009
0.056736
0.046456
0.051477
0.049647
0.043646
0.043828
0.042903
0.042809
0.031715
0.043193
0.051379
0.049025
0.043003
0.061144
0.058348
0.043506
0.046653
0.045419
0.046656
0.053705
0.048321
0.046104
0.046822
0.047330
0.057521
0.046463
0.047140
0.049287
0.049756
0.047273
0.047342
0.047646
0.048308
0.047811
0.050116
0.050844
0.048137
0.048887
0.048992
0.050980
0.056499
0.049177
0.049679
0.049101
0.046479
0.049522
0.048036
0.053689
0.054634
0.052643
0.048775
0.048104
0.047154
0.045924
0.047626
0.047506
0.047200
0.046496
0.047462
0.049781
0.046114
0.045815
0.054966
0.051473
0.053094
0.050038
0.048345
0.047489
0.050973
0.046996
0.048839
0.046307
0.047478
0.046481
0.060123
0.048265
0.050104
0.067845
0.048179
0.049524
0.044066
0.044373
0.044512
0.043131
0.054014
0.046772
0.049109
0.045966
0.048525
0.046770
0.047200
0.054784
0.052427
0.047966
0.047020
0.046621
0.046930
0.046876
0.046998
0.048560
0.046225
0.049124
0.046469
0.054002
0.045789
0.046142
0.052674
0.050540
0.048615
0.045753
0.046499
0.042808
0.051573
0.051409
0.046031
0.048490
0.048136
0.047736
0.050015
0.048346
0.046156
0.047852
0.048466
0.046216
0.048239
0.045999
0.049476
0.046070
0.048981
0.050757
0.046079
0.048882
0.049041
0.050097
0.047831
0.045889
0.048540
0.047469
0.046085
0.047342
0.048503
0.046059
0.047047
0.047396
0.053468
0.046042
0.047922
0.051169
0.046077
0.046373
0.049115
0.048092
0.047951
0.048764
0.045874
0.048363
0.046679
0.047470
0.047174
0.047424
0.049015
0.046879
0.046762
0.047866
0.047246
0.047774
0.051728
0.054316
0.047584
0.047098
0.046616
0.055309
0.039974
0.045614
0.056020
0.049092
0.049633
0.046767
0.049472
0.048559
0.047577
0.047670
0.046952
0.047618
0.048635
0.055868
0.048950
0.046243
0.046483
0.047309
0.046853
0.045909
0.048243
0.046563
0.047031
0.047011
0.048499
0.047907
0.048027
0.046443
0.056086
0.046019
0.050431
0.054706
0.046103
0.047457
0.052707
0.049779
0.048831
0.046151
0.046330
0.046943
0.045857
0.048700
0.049288
0.048438
0.045718
0.048208
0.047470
0.046923
0.045950
0.050477
0.047131
0.064823
0.055659
0.048328
0.062849
0.048131
0.040147
0.043825
0.061052
0.042746
0.044016
0.045422
0.041842
0.050597
0.051163
0.045818
0.051523
0.047574
0.047001
0.043833
0.045670
0.040417
0.050699
0.048088
0.048139
0.045619
0.053207
0.045781
0.050698
0.049407
0.046708
0.047001
0.048446
0.051725
0.049229
0.046000
0.046317
0.046674
0.033669
0.039600
0.039339
0.040248
0.037151
0.041327
0.038557
0.040133
0.042560
0.042096
0.049283
0.042424
0.046383
0.042091
0.045398
0.045023
0.043861
0.043383
0.049852
0.060066
0.043762
0.043311
0.057256
0.049660
0.051173
0.051446
0.048406
0.042867
0.047991
0.045765
0.050018
0.048226
0.044261
0.042942
0.051964
0.043726
0.047265
0.044045
0.045925
0.046214
0.044174
0.046291
0.043097
0.050510
0.045347
0.044148
0.045678
0.042952
0.043766
0.038715
0.036540
0.043127
0.046937
0.033344
0.045321
0.046794
0.043281
0.029950
0.029718
0.044166
0.037095
0.026110
0.042576
0.038574
0.043964
0.043326
0.040506
0.040934
0.044395
0.043009
0.041519
0.029806
0.027791
0.040446
0.033538
0.063020
0.044539
0.044961
0.043875
0.030353
0.034642
0.045166
0.035346
0.045206
0.032372
0.044986
0.031245
0.033514
0.030451
0.030567
0.033139
0.033247
0.030358
0.046991
0.047972
0.043877
0.049362
0.046516
0.048193
0.035567
0.046621
0.033795
0.032427
0.032285
0.054530
0.046938
0.046438
0.047048
0.046394
0.034393
0.031680
0.048790
0.032069
0.031916
0.034867
0.032579
0.031651
0.032278
0.036576
0.037442
0.046571
0.057822
0.045835
0.047223
0.031879
0.046825
0.052219
0.047128
0.047633
0.048211
0.028693
0.030139
0.045409
0.042548
0.030672
0.043170
0.045432
0.043741
0.029472
0.031827
0.035864
0.036538
0.037101
0.031782
0.049415
0.050293
0.046530
0.045864
0.046736
0.046435
0.048702
0.047611
0.046140
0.049264
0.049498
0.053427
0.074410
0.049282
0.045876
0.050107
0.044433
0.046095
0.045166
0.049478
0.050231
0.067023
0.055001
0.044063
0.047065
0.048490
0.049879
0.051944
0.047229
0.046605
0.047697
0.047091
0.045816
0.050569
0.052619
0.049902
0.049865
0.050757
0.052335
0.052625
0.052486
0.053773
0.052004
0.055705
0.052969
0.049142
0.045757
0.054313
0.060477
0.055104
0.050226
0.054196
0.050105
0.051363
0.051809
0.052371
0.051866
0.052246
0.053083
0.056976
0.051455
0.050893
0.051346
0.051601
0.053359
0.057548
0.054211
