1
586.0000,321.5000,108.0000,77.0000
586.0000,321.5000,108.0000,77.0000
586.0000,321.5000,108.0000,77.0000
914.9797,129.2297,97.0407,81.5407
97.0000,1000.5000,108.0000,77.0000
586.0000,321.5000,108.0000,77.0000
586.0000,321.5000,108.0000,77.0000
971.9287,81.6787,96.1426,80.6426
113.0000,1001.5000,108.0000,77.0000
178.0000,186.5000,108.0000,77.0000
169.5712,226.8212,111.8576,96.3576
192.7918,221.0418,67.4164,51.9164
178.0225,236.2725,103.9550,88.4550
176.2084,242.4584,106.5833,91.0833
170.3731,222.6231,111.2538,95.7538
178.7312,270.9812,90.5377,75.0377
166.1802,242.9302,117.6396,102.1396
170.8397,256.5898,110.3205,94.8205
166.5035,232.2535,124.9930,109.4930
167.5600,246.3100,128.8799,113.3799
171.3427,267.0927,119.3146,103.8146
168.6583,251.9083,110.6833,95.1833
164.5032,235.2532,132.9937,117.4937
165.8012,246.0512,128.3976,112.8976
586.0000,321.5000,108.0000,77.0000
244.0000,186.5000,108.0000,77.0000
586.0000,321.5000,108.0000,77.0000
113.0000,1000.5000,108.0000,77.0000
146.0000,1000.5000,108.0000,77.0000
130.0000,1000.5000,108.0000,77.0000
586.0000,321.5000,108.0000,77.0000
113.0000,971.5000,108.0000,77.0000
129.0000,957.5000,108.0000,77.0000
932.5381,123.2882,112.9237,97.4237
146.0000,1000.5000,108.0000,77.0000
904.7607,138.5107,106.4786,90.9786
893.3229,147.0729,123.3542,107.8542
890.7935,134.5435,124.4131,108.9131
895.9737,134.2237,111.0526,95.5526
899.4446,163.1946,81.1109,65.6109
129.0000,899.5000,108.0000,77.0000
129.0000,899.5000,108.0000,77.0000
887.4064,130.1564,132.1873,116.6873
146.0000,913.5000,108.0000,77.0000
871.6987,130.9487,101.6025,86.1025
861.8753,142.1253,107.2494,91.7494
832.4773,143.7273,98.0454,82.5454
146.0000,884.5000,108.0000,77.0000
146.0000,884.5000,108.0000,77.0000
129.0000,841.5000,108.0000,77.0000
816.8630,147.6130,89.2739,73.7739
163.0000,884.5000,108.0000,77.0000
844.0057,185.7557,64.9886,49.4886
868.6252,154.8753,113.7495,98.2495
146.0000,855.5000,108.0000,77.0000
786.8879,160.1379,113.2242,97.7242
805.2136,163.4636,93.5727,78.0727
800.6421,154.8921,98.7158,83.2158
795.8752,160.1252,130.2496,114.7496
236.0000,825.5000,108.0000,77.0000
586.0000,321.5000,108.0000,77.0000
244.0000,826.5000,108.0000,77.0000
790.7573,203.0074,96.4853,80.9853
179.0000,796.5000,108.0000,77.0000
244.0000,797.5000,108.0000,77.0000
178.0000,826.5000,108.0000,77.0000
212.0000,797.5000,108.0000,77.0000
800.7212,246.9712,73.5576,58.0576
783.4633,213.7133,105.0735,89.5735
789.1321,208.3821,108.7357,93.2357
790.5709,220.3209,91.8583,76.3583
179.0000,797.5000,108.0000,77.0000
179.0000,797.5000,108.0000,77.0000
808.6934,212.4434,70.6133,55.1132
179.0000,797.5000,108.0000,77.0000
179.0000,797.5000,108.0000,77.0000
228.0000,826.5000,108.0000,77.0000
179.0000,797.5000,108.0000,77.0000
244.0000,797.5000,108.0000,77.0000
805.8982,262.6482,76.2036,60.7036
244.0000,797.5000,108.0000,77.0000
586.0000,321.5000,108.0000,77.0000
586.0000,321.5000,108.0000,77.0000
146.0000,797.5000,108.0000,77.0000
586.0000,321.5000,108.0000,77.0000
586.0000,321.5000,108.0000,77.0000
586.0000,321.5000,108.0000,77.0000
808.3889,173.6388,82.2223,66.7223
789.9005,191.1505,74.1990,58.6990
146.0000,826.5000,108.0000,77.0000
146.0000,797.5000,108.0000,77.0000
794.1425,153.8925,97.7150,82.2150
129.0000,826.5000,108.0000,77.0000
830.1109,175.3609,61.7782,46.2782
146.0000,797.5000,108.0000,77.0000
785.3505,157.1004,76.2991,60.7991
767.2006,132.4505,128.5989,113.0989
775.0192,126.7692,128.9617,113.4617
767.7542,140.5042,113.4916,97.9916
760.7728,134.5228,122.4544,106.9544
749.6276,126.3775,133.7449,118.2449
765.4956,134.2456,111.0088,95.5088
772.8755,150.1255,82.2489,66.7489
146.0000,782.5000,108.0000,77.0000
146.0000,768.5000,108.0000,77.0000
766.0831,140.8331,114.8338,99.3338
784.7852,146.5351,98.4297,82.9297
780.2715,149.0215,100.4570,84.9570
774.6567,135.9067,113.6867,98.1867
768.5000,131.2500,113.0000,97.5000
780.3299,152.0799,88.3402,72.8402
163.0000,782.5000,108.0000,77.0000
780.6354,130.8853,91.7293,76.2293
783.1256,150.8756,79.7488,64.2488
586.0000,321.5000,108.0000,77.0000
113.0000,782.5000,108.0000,77.0000
113.0000,797.5000,108.0000,77.0000
586.0000,321.5000,108.0000,77.0000
408.0000,273.5000,108.0000,77.0000
408.0000,273.5000,108.0000,77.0000
586.0000,321.5000,108.0000,77.0000
586.0000,321.5000,108.0000,77.0000
408.0000,302.5000,108.0000,77.0000
407.0000,273.5000,108.0000,77.0000
407.0000,273.5000,108.0000,77.0000
399.0000,288.5000,108.0000,77.0000
407.0000,302.5000,108.0000,77.0000
400.0000,302.5000,108.0000,77.0000
399.0000,288.5000,108.0000,77.0000
407.0000,273.5000,108.0000,77.0000
407.0000,302.5000,108.0000,77.0000
113.0000,797.5000,108.0000,77.0000
400.0000,302.5000,108.0000,77.0000
146.0000,826.5000,108.0000,77.0000
400.0000,302.5000,108.0000,77.0000
399.0000,302.5000,108.0000,77.0000
392.0000,302.5000,108.0000,77.0000
391.0000,302.5000,108.0000,77.0000
392.0000,302.5000,108.0000,77.0000
399.0000,302.5000,108.0000,77.0000
392.0000,302.5000,108.0000,77.0000
113.0000,797.5000,108.0000,77.0000
392.0000,303.5000,108.0000,77.0000
391.0000,317.5000,108.0000,77.0000
320.5156,417.2656,73.9687,58.4687
316.7574,427.5074,62.4853,46.9853
321.2828,413.0328,84.4344,68.9344
392.0000,317.5000,108.0000,77.0000
407.0000,201.5000,108.0000,77.0000
392.0000,317.5000,108.0000,77.0000
392.0000,317.5000,108.0000,77.0000
391.0000,360.5000,108.0000,77.0000
336.4188,411.6688,77.1625,61.6625
383.0000,317.5000,108.0000,77.0000
383.0000,317.5000,108.0000,77.0000
375.0000,360.5000,108.0000,77.0000
375.0000,360.5000,108.0000,77.0000
375.0000,360.5000,108.0000,77.0000
375.0000,360.5000,108.0000,77.0000
375.0000,361.5000,108.0000,77.0000
375.0000,389.5000,108.0000,77.0000
375.0000,389.5000,108.0000,77.0000
586.0000,321.5000,108.0000,77.0000
586.0000,321.5000,108.0000,77.0000
81.0000,782.5000,108.0000,77.0000
64.0000,782.5000,108.0000,77.0000
80.0000,796.5000,108.0000,77.0000
64.0000,782.5000,108.0000,77.0000
414.6029,396.3529,61.7942,46.2942
64.0000,782.5000,108.0000,77.0000
785.8375,70.5875,95.3249,79.8249
415.5193,390.7693,66.9615,51.4615
793.0514,83.8014,64.8972,49.3972
418.1771,396.9271,62.6458,47.1458
367.0000,404.5000,108.0000,77.0000
367.0000,418.5000,108.0000,77.0000
401.1068,395.3568,73.7864,58.2864
395.1680,387.4180,74.6640,59.1640
382.8609,383.6109,88.2783,72.7783
380.1511,372.4011,97.6978,82.1978
373.8599,379.1099,94.2803,78.7803
363.3145,373.5645,103.3710,87.8710
348.3729,377.1229,105.2543,89.7543
992.1840,334.9340,114.6321,99.1321
1026.1139,335.8640,114.7721,99.2721
1041.6542,335.9042,118.6916,103.1916
279.7126,385.9626,122.5748,107.0748
259.5423,388.7923,124.9154,109.4154
237.8555,392.6055,130.2889,114.7889
225.9306,389.1806,135.1388,119.6388
229.3029,388.5529,135.3941,119.8941
243.5278,389.2778,134.9444,119.4444
243.3892,388.6392,134.2216,118.7216
252.9306,391.1806,135.1388,119.6388
257.5804,392.8304,137.8391,122.3391
266.3767,394.1267,137.2466,121.7466
269.6879,394.9379,135.6241,120.1241
275.4893,394.7393,136.0213,120.5213
285.6191,398.8691,136.7617,121.2617
287.6879,400.9379,135.6241,120.1241
285.2249,398.9749,138.5503,123.0503
287.5957,404.8457,138.8086,123.3086
287.6814,403.9314,140.6372,125.1372
286.3589,403.1089,142.2822,126.7822
287.4196,405.1696,141.1608,125.6608
289.7700,408.5200,141.4600,125.9600
289.3709,408.6209,141.2582,125.7582
290.6814,408.9314,140.6372,125.1372
290.2390,407.9890,139.5219,124.0219
292.5689,409.3189,141.8621,126.3621
292.0142,406.7642,141.9716,126.4716
288.5028,402.2528,142.9944,127.4944
289.6348,398.8848,144.7304,129.2304
289.0218,397.2718,145.9565,130.4565
290.1656,392.4156,146.6688,131.1688
290.6130,389.8630,146.7739,131.2739
290.0114,388.7614,146.9771,131.4771
293.4192,388.1692,146.1615,130.6615
294.0619,385.3119,146.8763,131.3763
292.2669,385.5169,146.4662,130.9662
291.3069,382.5569,147.3863,131.8863
289.9083,380.1583,148.1833,132.6833
289.6093,377.8593,148.7813,133.2813
290.3604,381.1104,147.2791,131.7791
289.3043,377.0543,148.3915,132.8915
287.3479,371.5979,150.3042,134.8042
286.3479,371.5979,150.3042,134.8042
284.8903,367.6403,149.2195,133.7195
282.1918,364.4418,149.6164,134.1164
280.1381,361.3881,150.7238,135.2238
277.8336,360.5836,150.3328,134.8328
277.7795,357.5295,151.4410,135.9410
275.6303,352.8803,151.7395,136.2395
275.0793,349.8293,150.8414,135.3414
274.3250,346.0750,151.3499,135.8499
270.7703,345.0203,149.4594,133.9594
271.6461,343.8961,149.7079,134.2079
269.4893,339.7393,148.0213,132.5213
270.2912,333.5412,146.4175,130.9175
272.3792,332.6292,146.2415,130.7415
270.7377,331.4877,145.5246,130.0246
274.2275,328.4775,145.5451,130.0451
274.8712,326.1212,147.2577,131.7577
272.4396,322.1896,146.1208,130.6208
271.7750,318.5250,146.4500,130.9500
271.4167,317.6667,147.1665,131.6665
269.6252,315.8752,146.7497,131.2497
267.8345,316.0845,146.3309,130.8309
268.1710,314.4210,146.6580,131.1580
270.0968,310.8468,148.8064,133.3064
270.8129,310.5629,147.3743,131.8743
270.4001,306.6501,149.1998,133.6998
269.4548,301.7048,148.0904,132.5904
269.7970,301.0470,148.4060,132.9060
269.8513,300.6013,148.2974,132.7974
269.7004,299.9504,148.5992,133.0992
268.7586,297.5086,148.4828,132.9828
267.2143,295.9643,148.5714,133.0714
269.4605,296.2105,149.0789,133.5789
269.5586,294.8086,149.8827,134.3827
271.5586,293.8086,149.8827,134.3827
271.8051,293.0551,150.3898,134.8898
273.1017,294.3517,149.7967,134.2967
272.1017,294.3517,149.7967,134.2967
273.9532,293.7032,150.0937,134.5937
272.7703,295.0203,149.4594,133.9594
272.6232,293.3732,149.7536,134.2536
272.2143,295.9643,148.5714,133.0714
271.9681,296.7181,148.0638,132.5638
272.5732,296.8232,147.8536,132.3536
271.3899,297.1399,147.2202,131.7202
271.9322,297.6822,147.1357,131.6357
270.1434,297.8934,146.7133,131.2133
270.2912,299.5412,146.4175,130.9175
270.4396,301.1896,146.1208,130.6208
271.4396,301.1896,146.1208,130.6208
272.5292,302.2792,145.9416,130.4416
272.0378,303.7878,144.9244,129.4244
271.9431,305.1931,144.1138,128.6138
274.0825,306.3325,144.8350,129.3350
273.4396,307.1896,144.1208,128.6208
275.9917,307.7417,144.0167,128.5167
280.0337,309.7837,144.9327,129.4327
281.4521,307.7021,148.0957,132.5957
281.8513,310.6013,148.2974,132.7974
282.4063,312.1563,148.1873,132.6873
282.9188,313.6688,147.1625,131.6625
284.3901,316.6401,146.2198,130.7198
285.4643,318.7143,145.0714,129.5714
284.7912,316.5412,146.4175,130.9175
283.0343,315.7843,146.9314,131.4314
283.1191,314.8691,146.7618,131.2618
281.1625,313.9125,147.6750,132.1750
279.6545,313.9045,147.6910,132.1910
279.8990,313.1490,148.2019,132.7019
279.5421,313.2921,148.9158,133.4158
279.5421,313.2921,148.9158,133.4158
278.9408,312.1908,149.1183,133.6183
278.3398,312.0898,149.3205,133.8205
277.6965,311.9465,148.6071,133.1071
274.7867,309.5367,149.4267,133.9267
275.2350,306.9850,149.5301,134.0301
272.8371,305.0871,149.3258,133.8258
271.8371,302.0871,149.3258,133.8258
270.5421,304.2921,148.9158,133.4158
271.4948,304.7448,149.0105,133.5105
271.4063,304.1563,148.1873,132.6873
269.6067,302.8567,148.7866,133.2866
268.6502,299.4002,148.6995,133.1995
269.8062,299.0562,148.3875,132.8875
267.8062,298.0562,148.3875,132.8875
267.8062,297.0562,148.3875,132.8875
264.3189,296.5689,147.3622,131.8622
260.7193,296.4693,147.5615,132.0615
262.7459,297.4959,145.5082,130.0082
262.7010,296.4510,144.5980,129.0980
260.3004,295.5504,144.3991,128.8991
255.5689,297.3189,141.8621,126.3621
250.9712,297.7212,143.0576,127.5576
249.1121,296.3621,139.7759,124.2759
244.3180,295.0680,140.3641,124.8641
238.3270,291.5771,142.3459,126.8459
236.5739,292.8239,141.8521,126.3521
235.6224,289.8723,142.7553,127.2553
242.2840,292.5340,140.4321,124.9321
245.6566,292.4066,135.6869,120.1869
244.5737,292.3237,137.8526,122.3525
238.7309,291.4809,142.5381,127.0381
238.0000,289.2500,144.0000,128.5000
249.5104,286.7604,137.9792,122.4792
237.5104,289.7604,137.9792,122.4792
235.1726,290.4226,135.6548,120.1548
960.2288,258.4788,133.5424,118.0424
968.7807,255.5307,135.4386,119.9386
961.4625,257.7125,134.0750,118.5750
974.4669,256.7169,137.0662,121.5662
969.0547,262.3047,133.8905,118.3905
965.4219,267.1720,130.1561,114.6561
974.2250,267.4750,136.5500,121.0500
974.1680,271.4180,135.6639,120.1639
970.1741,277.9242,135.6517,120.1517
956.6403,279.8903,136.7194,121.2194
954.7607,290.5107,135.4785,119.9785
948.2759,307.0259,126.4483,110.9483
934.3349,314.0849,125.3302,109.8302
937.8428,318.0928,127.3144,111.8144
941.6594,318.9094,130.6812,115.1812
938.8752,325.6252,130.2496,114.7496
942.2361,327.4861,130.5278,115.0278
946.3186,330.5686,131.3628,115.8628
943.2960,335.5460,131.4080,115.9080
953.4001,332.6501,139.1998,123.6998
944.6100,340.8600,144.7800,129.2800
954.5029,353.7528,141.9943,126.4943
933.0259,371.2759,135.9482,120.4482
941.9482,378.1982,136.1036,120.6036
942.8524,383.1024,136.2952,120.7952
929.0447,388.7947,130.9107,115.4107
930.6300,391.8800,131.7399,116.2400
925.6887,395.4387,133.6225,118.1225
925.6887,399.4387,133.6225,118.1225
923.5887,405.8387,132.8226,117.3226
923.1697,415.4197,132.6607,117.1607
905.2970,427.0470,128.4060,112.9060
912.8428,432.0928,127.3144,111.8144
267.3304,399.5804,129.3392,113.8392
264.6125,400.3625,127.7750,112.2750
905.5633,438.8133,136.8734,121.3734
904.9669,444.7168,135.0663,119.5663
267.4950,401.7450,129.0100,113.5100
274.4084,401.6584,129.1831,113.6831
285.0626,401.8126,128.8749,113.3749
288.6749,401.4249,125.6502,110.1502
292.7724,403.0224,129.4553,113.9553
295.5813,405.8313,130.8375,115.3375
302.5842,400.3342,131.8315,116.3316
305.7326,392.9826,136.5348,121.0348
307.2462,392.4962,135.5077,120.0077
315.9188,395.6688,134.1623,118.6623
318.4216,396.1716,136.1569,120.6569
317.4112,394.6612,137.1775,121.6775
320.0229,399.2729,135.9543,120.4543
323.4306,398.6806,135.1388,119.6388
323.0032,398.2532,132.9937,117.4937
321.4922,395.7422,134.0156,118.5156
323.3386,395.0886,134.3228,118.8228
322.4306,392.6806,135.1388,119.6388
328.3386,394.0886,134.3228,118.8228
328.0332,394.7832,134.9336,119.4336
328.2391,395.9891,134.5217,119.0217
326.3798,395.1298,135.2404,119.7404
325.0648,394.3148,136.8704,121.3704
326.7567,394.0067,137.4865,121.9865
326.0648,394.3148,136.8704,121.3704
325.1073,393.3573,137.7854,122.2854
324.8632,394.1132,137.2737,121.7736
327.3752,393.6252,136.2496,120.7496
324.3319,393.0819,136.3362,120.8362
325.3767,392.1267,137.2466,121.7466
327.4893,393.7393,136.0213,120.5213
327.6020,391.3520,134.7960,119.2960
328.2744,390.5244,133.4512,117.9512
328.6762,388.4262,133.6477,118.1477
333.2462,383.4962,135.5077,120.0077
332.2382,382.9882,133.5236,118.0236
336.1405,378.8905,135.7190,120.2190
338.6887,378.9387,134.6226,119.1226
338.0950,377.3450,136.8100,121.3100
337.5347,377.7847,136.9307,121.4307
337.7228,379.4728,134.5543,119.0543
337.6569,377.9069,136.6862,121.1862
337.5755,377.3255,135.8490,120.3489
338.3820,378.1320,136.2359,120.7359
338.5935,376.8435,136.8130,121.3130
333.6887,378.9387,134.6226,119.1226
333.9787,377.2287,136.0427,120.5427
331.9941,373.2441,139.0118,123.5118
326.0662,371.3162,138.8675,123.3675
324.4970,372.2470,137.0060,121.5060
323.3017,371.0517,137.3966,121.8966
323.5439,370.2939,137.9122,122.4122
320.6733,367.9233,139.6534,124.1534
319.1887,367.4387,138.6227,123.1227
316.5755,369.3255,135.8490,120.3489
314.8060,368.0560,135.3880,119.8880
312.5633,368.8133,134.8734,119.3734
312.8452,366.5952,135.3096,119.8096
311.3675,364.6175,135.2650,119.7650
305.8233,361.0733,138.3534,122.8534
305.9465,361.1965,138.1071,122.6071
304.4309,360.6809,139.1381,123.6381
305.0757,357.8257,139.8487,124.3487
303.3180,357.0680,140.3641,124.8641
301.3549,356.6049,140.2902,124.7902
297.6650,357.4150,138.6700,123.1699
295.9360,356.6860,137.1279,121.6279
292.7326,355.9826,136.5348,121.0348
291.5067,354.2567,137.9866,122.4866
291.0188,353.7688,136.9623,121.4623
290.1313,352.3813,135.7374,120.2374
292.8524,353.1024,136.2952,120.7952
293.0438,355.7938,133.9124,118.4125
295.5278,356.2778,134.9444,119.4444
301.1754,357.9254,133.6492,118.1492
302.0982,359.3482,132.8036,117.3036
304.0736,359.8236,132.8527,117.3527
308.9967,366.2467,130.0066,114.5066
312.3521,363.1021,132.2959,116.7959
313.6652,359.4152,133.6696,118.1696
320.3972,355.6472,139.2056,123.7056
336.9025,355.6525,143.1950,127.6950
343.7083,357.9583,145.5833,130.0833
350.0426,354.7926,147.9149,132.4149
351.5732,353.3232,141.8536,126.3536
456.8836,346.6336,165.2329,149.7329
474.3434,350.0934,166.3132,150.8132
485.9354,349.6854,169.1293,153.6293
485.1772,345.9272,172.6455,157.1455
491.5195,340.7695,175.9611,160.4611
504.6310,344.8810,181.7380,166.2380
505.1671,343.9171,174.6659,159.1659
526.8991,357.6491,171.2018,155.7018
527.0375,355.2875,173.9250,158.4250
531.1011,353.8510,170.7979,155.2979
542.7853,356.5352,167.4295,151.9295
549.0159,355.2659,163.9682,148.4682
546.8185,354.0685,164.3630,148.8630
546.8746,351.6246,161.2509,145.7509
534.3513,353.6012,153.2975,137.7975
531.0100,352.2600,153.9800,138.4800
534.7821,356.0321,149.4358,133.9358
538.6796,356.4295,151.6409,136.1409
538.0884,351.3385,152.8231,137.3231
528.9133,347.6633,152.1733,136.6733
526.1635,349.4135,151.6729,136.1729
518.5406,345.2906,153.9187,138.4187
508.0221,342.2721,155.9559,140.4559
510.3474,344.5974,153.3051,137.8051
495.7772,340.0272,157.4456,141.9456
489.1541,337.9041,157.6918,142.1918
482.3946,338.1446,160.2109,144.7109
482.5953,336.8453,158.8094,143.3094
483.8375,341.5875,155.3250,139.8250
476.4210,341.1710,156.1580,140.6580
471.3062,338.0562,158.3875,142.8875
464.7506,337.5006,158.4988,142.9988
455.0838,333.3338,159.8324,144.3324
450.6849,331.4349,159.6302,144.1302
450.5500,334.3000,158.8999,143.3999
452.1071,335.3571,157.7858,142.2858
454.2195,337.9695,156.5610,141.0610
461.3788,339.1288,155.2423,139.7423
466.4283,338.6783,155.1435,139.6435
481.7212,340.9712,151.5577,136.0577
493.6789,338.9289,151.6422,136.1422
504.3250,341.0750,151.3499,135.8499
508.3078,338.5578,152.3844,136.8844
515.1226,335.3726,152.7547,137.2547
524.4109,335.1609,150.1782,134.6782
525.5132,331.2632,148.9737,133.4737
532.7841,331.0341,147.4318,131.9318
544.3883,326.6383,149.2234,133.7234
558.5227,324.7727,152.9545,137.4545
561.5024,321.2524,156.9951,141.4951
564.5405,327.7905,155.9191,140.4191
563.2289,325.4789,157.5423,142.0423
573.6146,321.3646,160.7708,145.2708
578.4440,319.6940,161.1121,145.6121
586.2599,319.0099,161.4802,145.9802
594.5590,323.8090,159.8820,144.3820
609.1470,322.3971,156.7059,141.2059
586.5834,323.8334,155.8332,140.3332
589.2004,331.9504,153.5992,138.0992
597.3542,328.6042,155.2917,139.7917
598.2744,324.0244,156.4512,140.9512
612.7657,326.0157,153.4686,137.9686
624.7789,326.5289,153.4422,137.9422
654.8412,331.5912,142.3176,126.8176
663.5912,330.8413,138.8174,123.3175
711.4705,332.2205,128.0591,112.5591
739.6606,329.9106,124.6788,109.1788
745.5730,328.3230,119.8540,104.3540
614.5659,319.3159,145.8681,130.3681
625.4493,312.1992,134.1015,118.6015
682.0782,316.8282,133.8436,118.3436
672.3709,311.1209,141.2582,125.7582
726.0564,320.3064,124.8872,109.3872
734.0173,327.7672,111.9655,96.4655
740.7084,313.4584,88.5832,73.0832
296.7512,351.0012,108.4977,92.9977
279.6386,366.3886,105.7228,90.2228
275.5469,347.2969,121.9062,106.4062
287.3189,342.5689,127.3621,111.8621
293.9023,334.1523,123.1954,107.6954
297.9544,344.2044,106.0913,90.5913
321.1509,347.4009,107.6982,92.1982
403.3542,348.6042,101.2916,85.7916
382.8459,338.0959,109.3082,93.8082
383.0645,338.8145,116.8709,101.3709
422.2644,253.5144,171.4713,155.9713
446.5144,216.7644,192.9712,177.4712
380.4396,213.1896,202.1207,186.6207
524.1126,230.3626,153.7747,138.2747
481.5846,244.8346,155.8307,140.3307
512.2147,245.4647,158.5706,143.0706
499.3394,312.0894,127.3212,111.8212
490.6053,331.8553,116.7893,101.2893
475.3267,332.0767,122.3465,106.8465
439.9481,322.1981,131.1038,115.6038
439.8219,321.0719,124.3562,108.8562
409.1673,308.9173,132.6654,117.1654
401.1650,302.9150,135.6701,120.1701
360.9684,308.7184,139.0632,123.5632
373.1112,311.8612,143.7775,128.2775
362.5969,309.8469,146.8062,131.3062
387.4668,311.7168,148.0665,132.5665
368.2262,307.9762,148.5476,133.0476
365.3873,305.6373,157.2255,141.7255
281.5431,310.7931,143.9138,128.4138
259.0184,312.7684,138.9632,123.4632
182.7405,321.4904,119.5191,104.0191
294.2991,301.5491,144.4019,128.9019
262.4876,305.2376,140.0247,124.5247
223.4018,300.1518,143.1964,127.6964
223.3122,306.0622,139.3756,123.8756
130.6253,331.8753,103.7494,88.2494
111.4168,336.6668,108.1664,92.6664
734.3975,341.6475,99.2051,83.7051
736.0173,346.7672,111.9655,96.4655
780.3401,344.0901,116.3197,100.8197
735.2939,346.5439,109.4121,93.9121
778.3931,347.1430,117.2139,101.7139
780.8132,354.0631,108.3737,92.8737
768.2766,344.5266,117.4468,101.9468
808.2639,336.5139,103.4722,87.9722
809.5927,338.3426,101.8147,86.3147
843.3179,341.0679,118.3642,102.8642
817.7510,341.5010,118.4981,102.9981
809.9857,349.2357,115.0287,99.5287
812.7607,361.5107,106.4786,90.9786
883.8130,345.0630,122.3740,106.8740
869.7195,346.9695,113.5609,98.0609
848.7462,357.9962,103.5076,88.0076
848.3371,386.0871,83.3258,67.8258
826.2536,379.5036,106.4929,90.9929
850.6002,381.3502,108.7996,93.2996
788.5533,376.8034,128.8933,113.3933
826.0703,392.8203,118.8595,103.3595
824.1990,394.4489,111.6021,96.1021
219.9064,360.6564,102.1871,86.6871
843.0200,379.7700,103.9600,88.4600
856.5395,395.2895,110.9210,95.4210
375.0000,913.5000,108.0000,77.0000
586.0000,321.5000,108.0000,77.0000
476.9400,348.1900,131.1200,115.6200
485.8578,343.1078,147.2845,131.7845
490.4851,334.2351,142.0298,126.5298
559.5774,341.8274,129.8452,114.3452
620.9031,371.1530,139.1939,123.6939
334.0000,651.5000,108.0000,77.0000
586.0000,321.5000,108.0000,77.0000
342.0000,680.5000,108.0000,77.0000
586.0000,321.5000,108.0000,77.0000
586.0000,321.5000,108.0000,77.0000
586.0000,321.5000,108.0000,77.0000
586.0000,321.5000,108.0000,77.0000
586.0000,321.5000,108.0000,77.0000
586.0000,321.5000,108.0000,77.0000
586.0000,321.5000,108.0000,77.0000
277.0000,797.5000,108.0000,77.0000
138.0000,273.5000,108.0000,77.0000
138.0000,274.5000,108.0000,77.0000
7.0000,1117.5000,108.0000,77.0000
130.0000,317.5000,108.0000,77.0000
277.0000,884.5000,108.0000,77.0000
386.2717,161.0217,91.4566,75.9566
586.0000,321.5000,108.0000,77.0000
378.7580,138.5080,124.4840,108.9840
586.0000,321.5000,108.0000,77.0000
146.0000,419.5000,108.0000,77.0000
586.0000,321.5000,108.0000,77.0000
586.0000,321.5000,108.0000,77.0000
586.0000,321.5000,108.0000,77.0000
586.0000,321.5000,108.0000,77.0000
383.0000,898.5000,108.0000,77.0000
586.0000,321.5000,108.0000,77.0000
146.0000,419.5000,108.0000,77.0000
586.0000,321.5000,108.0000,77.0000
211.0000,971.5000,108.0000,77.0000
400.1989,168.4490,111.6021,96.1021
407.8107,200.0607,69.3786,53.8786
404.4333,202.1833,68.1333,52.6333
373.0792,172.3292,132.8416,117.3416
348.6525,176.4025,122.6950,107.1950
347.6615,193.9115,88.6771,73.1771
300.1743,183.4242,112.6515,97.1515
262.9514,186.7014,126.0972,110.5972
634.3536,459.6036,123.2929,107.7929
966.7514,47.5014,98.4972,82.9972
951.4064,51.1564,104.1871,88.6871
215.0179,205.7679,109.9643,94.4643
210.2434,206.9934,110.5133,95.0133
212.4786,200.7286,124.0428,108.5428
960.5011,52.2511,111.9978,96.4978
972.8519,49.6019,118.2962,102.7962
248.4199,219.6699,121.1603,105.6603
266.4795,225.7295,121.0410,105.5410
1036.4795,70.7296,109.0409,93.5409
1042.9818,72.2318,102.0364,86.5364
1048.4432,76.6932,109.1135,93.6135
1046.0339,79.2839,112.9322,97.4322
1067.7330,91.4830,94.5339,79.0339
370.9005,247.1505,128.1991,112.6991
405.8570,260.6070,105.2860,89.7860
401.9911,268.7411,89.0179,73.5179
437.2174,259.4674,109.5653,94.0653
421.2149,256.9649,123.5701,108.0701
439.8881,271.1381,122.2239,106.7239
488.2083,262.4583,130.5833,115.0833
494.7072,266.4572,122.5857,107.0857
507.0453,264.2953,133.9093,118.4093
277.0000,535.5000,108.0000,77.0000
508.8510,271.6010,139.2980,123.7980
504.8578,280.6078,129.2845,113.7845
500.4018,275.6518,143.1964,127.6964
519.1384,302.8884,129.7232,114.2232
518.2654,290.0154,155.4692,139.9692
530.5422,290.2921,142.9157,127.4157
537.6469,304.3969,131.7062,116.2062
543.5609,304.8109,129.8782,114.3782
536.4943,305.7443,141.0115,125.5115
537.1252,306.8752,141.7496,126.2496
537.7350,310.9851,133.5299,118.0299
554.1479,322.3979,103.7041,88.2041
541.8430,332.0929,100.3141,84.8141
531.8134,335.0633,96.3733,80.8733
508.2763,321.0263,113.4475,97.9475
503.5957,306.8457,138.8086,123.3086
507.3449,309.0949,126.3101,110.8101
497.0504,319.3004,115.8991,100.3991
482.2010,328.4510,93.5980,78.0980
130.0000,1175.5000,108.0000,77.0000
310.0000,447.5000,108.0000,77.0000
310.0000,448.5000,108.0000,77.0000
130.0000,1117.5000,108.0000,77.0000
130.0000,1117.5000,108.0000,77.0000
1061.3715,139.1214,102.2571,86.7571
1046.7739,138.5239,111.4522,95.9522
1033.5835,126.8334,119.8331,104.3331
1051.4020,124.6519,124.1962,108.6962
754.1555,439.9055,150.6889,135.1889
654.2766,459.0266,138.4467,122.9467
709.8185,440.5685,164.3630,148.8630
968.0000,92.2500,141.0000,125.5000
952.4813,89.7313,141.0374,125.5373
939.6681,99.9181,132.6638,117.1638
635.1846,447.4346,148.6309,133.1309
857.3199,86.5699,126.3602,110.8602
822.6444,82.8944,125.7112,110.2112
812.5573,77.8073,125.8853,110.3853
852.6859,71.4359,146.6283,131.1283
782.8836,79.1336,128.2327,112.7327
748.5803,76.3303,127.8394,112.3394
729.9030,83.1529,117.1941,101.6941
703.0430,77.2930,117.9140,102.4140
695.7265,77.4765,104.5470,89.0470
665.3542,73.1042,107.2916,91.7916
650.2346,82.9846,86.5308,71.0308
623.8132,65.0632,102.3735,86.8735
594.9031,63.6531,101.1937,85.6937
575.4134,56.1634,103.1732,87.6732
555.5045,52.7545,109.9911,94.4911
536.9722,63.7222,90.0555,74.5555
504.7958,54.5458,104.4083,88.9083
678.6982,506.9482,115.6036,100.1036
453.3355,50.5855,104.3289,88.8289
874.9563,482.2063,114.0874,98.5874
848.2361,487.4861,121.5278,106.0278
838.6739,482.9239,115.6523,100.1523
846.5338,476.7838,116.9325,101.4325
847.9546,471.7046,120.0908,104.5908
843.5338,465.7838,116.9325,101.4325
841.5635,459.3135,120.8730,105.3730
833.4059,455.1559,115.1882,99.6882
817.5212,451.2712,115.9576,100.4576
811.8344,454.0844,118.3312,102.8312
807.8752,453.6252,118.2495,102.7495
813.7614,452.0114,114.4773,98.9773
822.2917,448.5417,112.4166,96.9166
830.9059,436.6559,113.1883,97.6883
823.5417,421.7917,116.9166,101.4166
816.8324,409.0824,115.3351,99.8351
815.8585,401.6085,117.2831,101.7831
829.0000,400.7500,120.0000,104.5000
827.2947,402.5447,122.4105,106.9105
834.7072,402.4572,122.5857,107.0857
843.7217,400.4717,122.5565,107.0565
855.4844,399.2344,122.0312,106.5312
871.2580,394.5080,124.4840,108.9840
882.9177,390.6677,123.1647,107.6647
871.6619,387.9120,118.6761,103.1761
878.9844,385.7344,118.0312,102.5312
883.3984,388.1483,116.2033,100.7033
891.4092,387.6592,120.1816,104.6816
889.5469,390.2969,121.9062,106.4062
895.4942,391.7442,119.0115,103.5115
901.0703,391.8203,118.8595,103.3595
904.6252,388.8752,116.7495,101.2495
908.4167,389.1668,117.1665,101.6665
907.8049,387.5549,115.3901,99.8901
912.0103,386.2603,114.9795,99.4795
916.4182,386.6682,112.1636,96.6636
902.6891,385.4391,114.6218,99.1218
888.9100,379.1600,115.1801,99.6801
888.6891,377.9391,114.6218,99.1218
890.6593,382.9093,112.6813,97.1813
875.0864,375.8363,111.8273,96.3273
902.0240,368.7740,118.9519,103.4519
880.9376,370.6876,113.1249,97.6249
857.0523,371.3023,108.8954,93.3954
858.1512,378.9012,104.6976,89.1976
844.0801,375.8301,103.8397,88.3397
829.8588,369.6088,103.2823,87.7823
801.9199,364.1699,107.1601,91.6601
784.3015,353.0515,113.3970,97.8970
774.6080,353.8580,111.7841,96.2841
759.0000,351.7500,114.0000,98.5000
747.2007,356.9507,113.5987,98.0987
741.9634,358.2134,112.0732,96.5732
743.6937,356.4438,109.6125,94.1125
739.8575,352.6075,110.2850,94.7850
732.5395,350.2895,110.9210,95.4210
724.9188,353.6688,107.1625,91.6625
714.3024,354.0524,106.3951,90.8951
702.4929,349.7429,107.0142,91.5142
697.3224,352.5725,101.3550,85.8550
687.0786,354.8286,100.8428,85.3428
664.4134,352.1634,103.1732,87.6732
655.7008,349.9508,103.5984,88.0984
646.4133,346.1633,108.1733,92.6733
642.1815,343.9315,110.6370,95.1370
638.7932,346.0432,110.4137,94.9137
643.7512,350.5012,108.4977,92.9977
638.6786,342.4286,113.6427,98.1427
632.1385,343.3885,110.7230,95.2230
626.5573,342.8073,112.8855,97.3855
627.7649,347.5149,108.4702,92.9702
620.4861,342.7361,108.0278,92.5278
623.2009,349.4509,98.5982,83.0982
619.2514,347.5014,99.4973,83.9973
616.2206,346.9706,96.5588,81.0588
604.7250,339.9750,101.5500,86.0500
602.3726,343.1226,99.2548,83.7548
599.7885,342.5385,99.4230,83.9230
597.7277,341.9776,101.5447,86.0447
585.5533,337.8033,107.8934,92.3934
582.0894,335.8394,109.8211,94.3211
582.3818,336.1318,111.2364,95.7364
581.9814,335.7314,111.0373,95.5373
583.2596,334.5096,112.4808,96.9808
580.9563,333.2063,114.0874,98.5874
585.8964,333.1464,113.2073,97.7073
591.6646,332.4146,109.6709,94.1709
599.4435,334.1936,106.1129,90.6129
598.8132,332.5632,105.3736,89.8736
598.7255,330.9755,107.5490,92.0490
601.6060,330.8560,105.7880,90.2880
604.3729,329.6229,105.2543,89.7543
608.8411,331.5911,103.3178,87.8178
610.4338,328.6838,103.1325,87.6325
618.8662,322.1162,109.2675,93.7675
627.5540,326.3040,104.8920,89.3920
626.0864,315.8363,111.8273,96.3273
633.7596,311.5096,112.4808,96.9808
637.1583,316.4083,110.6833,95.1833
644.8854,313.6355,109.2291,93.7291
634.9584,307.2084,114.0833,98.5833
633.9335,298.6835,115.1330,99.6330
644.1294,297.3794,114.7413,99.2413
655.9210,291.6709,114.1581,98.6581
673.6080,288.8580,111.7841,96.2841
695.6047,288.8547,108.7905,93.2905
703.4977,283.7478,110.0045,94.5045
727.7885,285.5385,99.4230,83.9230
725.6896,284.9396,100.6208,85.1208
758.3442,279.0942,108.3116,92.8116
774.7510,275.5010,118.4981,102.9981
761.0173,273.7672,111.9655,96.4655
783.8231,271.0731,116.3538,100.8538
785.5656,268.8156,116.8689,101.3689
798.9194,269.6695,116.1611,100.6611
800.6129,267.8629,114.7742,99.2742
807.1504,268.4004,113.6992,98.1992
808.0000,267.7500,114.0000,98.5000
813.6891,265.9392,112.6217,97.1217
813.5212,263.7712,112.9576,97.4576
817.5834,263.3335,110.8331,95.3331
829.1392,264.8893,107.7215,92.2215
845.8753,266.6253,106.2494,90.7494
849.5212,265.7712,106.9575,91.4575
858.1052,264.8552,106.7897,91.2897
870.4410,265.1910,108.1179,92.6179
876.8242,264.0742,110.3516,94.8516
876.3542,263.1042,110.2916,94.7916
885.8884,262.1384,111.2232,95.7232
892.9857,259.2357,115.0287,99.5287
891.7614,258.0114,114.4773,98.9773
889.4365,258.1865,113.1270,97.6270
884.4365,258.1865,113.1270,97.6270
881.1252,257.3753,112.7495,97.2495
886.8563,256.1063,113.2874,97.7874
883.5041,254.2541,114.9918,99.4918
883.5212,251.2712,115.9576,100.4576
875.0092,249.7592,114.9816,99.4816
875.1295,251.3794,113.7411,98.2411
873.1252,249.8753,113.7495,98.2495
872.6572,251.4072,112.6856,97.1856
864.2661,248.5160,112.4679,96.9679
866.8367,250.5867,112.3267,96.8267
870.7245,253.4746,110.5509,95.0509
871.3109,252.5609,110.3782,94.8782
873.3644,252.1144,111.2713,95.7713
876.2601,253.0101,109.4797,93.9797
876.9815,253.2315,108.0370,92.5370
880.1052,254.8552,106.7897,91.2897
878.3776,257.1277,107.2447,91.7447
873.7711,256.5210,107.4579,91.9579
871.1052,256.8552,106.7897,91.2897
869.4592,257.7092,106.0817,90.5817
868.8753,257.6253,106.2494,90.7494
867.4435,257.1936,106.1129,90.6129
870.0000,258.2500,105.0000,89.5000
867.4168,259.1668,105.1664,89.6664
870.3776,258.1277,107.2447,91.7447
871.6323,258.8823,107.7355,92.2355
871.4699,258.7199,108.0602,92.5602
869.6055,260.3555,107.7889,92.2889
867.9600,261.2099,107.0801,91.5801
865.2917,262.5417,106.4166,90.9166
864.4592,262.7092,106.0817,90.5817
863.4592,262.7092,106.0817,90.5817
859.6893,261.9394,106.6213,91.1213
860.1509,262.4009,107.6982,92.1982
862.6276,262.3776,108.7449,93.2449
864.8753,264.1253,109.2494,93.7494
861.3209,265.0709,110.3582,94.8582
859.8459,266.0959,109.3082,93.8082
860.3209,266.0709,110.3582,94.8582
861.8452,267.5952,112.3095,96.8095
865.7356,269.9856,110.5288,95.0288
867.1506,270.9006,110.6988,95.1988
869.3818,271.1318,111.2364,95.7364
866.1295,270.3795,113.7411,98.2411
866.1252,271.8753,113.7495,98.2495
864.7717,272.0217,114.4566,98.9566
866.1295,274.8795,113.7411,98.2411
867.7427,277.9926,113.5147,98.0147
867.1882,283.4381,107.6237,92.1237
862.4092,283.6592,109.1815,93.6815
861.3131,285.5631,112.3738,96.8738
862.4688,288.2188,112.0625,96.5625
860.1686,294.4186,111.6628,96.1628
862.0536,300.8036,109.8928,94.3928
864.3973,310.1473,105.2055,89.7055
861.3973,312.1473,105.2055,89.7055
858.7605,314.0105,107.4790,91.9790
858.9596,320.7096,105.0808,89.5808
860.5212,324.7712,106.9575,91.4575
862.1512,328.9012,104.6976,89.1976
853.8466,328.5966,106.3068,90.8068
843.0144,331.2644,105.9711,90.4711
841.5533,333.8033,107.8934,92.3934
844.1308,336.8808,110.7384,95.2384
844.4877,338.2377,110.0246,94.5246
843.3776,341.6277,107.2447,91.7447
841.9070,350.1570,105.1859,89.6859
840.7018,353.4518,104.5964,89.0964
839.1625,357.9125,107.6749,92.1749
842.1495,362.3995,105.7011,90.2011
841.2917,371.0417,103.4166,87.9166
834.6205,372.8705,105.7591,90.2591
832.0839,377.8339,106.8323,91.3323
830.4858,383.2358,107.0283,91.5283
822.9815,386.2315,108.0370,92.5370
824.5212,391.7712,106.9575,91.4575
821.5424,392.7924,109.9151,94.4151
821.8592,396.1092,108.2817,92.7817
814.5984,397.8484,109.8032,94.3032
807.2917,398.0417,115.4166,99.9166
807.1984,399.9484,114.6032,99.1032
797.1979,399.4479,117.6042,102.1042
793.5357,399.2857,116.9285,101.4285
793.3575,402.6075,117.2851,101.7851
789.6125,403.3625,117.7750,102.2750
787.2509,403.5009,120.4981,104.9981
780.2084,404.4584,121.5833,106.0833
768.1127,404.3627,123.7746,108.2746
764.8130,408.0630,120.3739,104.8739
746.8324,412.0824,115.3351,99.8351
741.2408,411.4908,115.5183,100.0183
723.3441,412.0941,116.3117,100.8117
721.9194,414.6695,116.1611,100.6611
714.9597,412.7097,116.0806,100.5806
713.7510,415.0010,116.4980,100.9980
708.7660,411.5160,120.4680,104.9680
700.0037,413.2537,120.9925,105.4925
695.8858,412.6358,119.2284,103.7284
683.5455,415.7955,119.9090,104.4090
681.5338,425.7838,116.9325,101.4325
678.1821,419.4322,117.6357,102.1357
672.6483,410.3983,121.7034,106.2034
676.7635,408.0135,123.4730,107.9730
670.1252,406.3752,125.7496,110.2496
679.4325,403.6825,128.1350,112.6350
672.8579,404.1079,126.2842,110.7842
664.8218,404.5717,125.3565,109.8565
687.9716,401.7216,131.0568,115.5568
669.2130,404.4630,126.5741,111.0741
651.8862,405.1362,122.2276,106.7276
658.2917,402.5417,124.4166,108.9166
652.2731,403.0231,124.4539,108.9539
665.2789,400.0289,125.4423,109.9423
654.6096,398.8595,125.7809,110.2809
672.1722,395.9222,133.6555,118.1555
661.4643,394.2143,131.0714,115.5714
668.6158,387.8658,133.7684,118.2684
649.5267,388.2767,128.9467,113.4466
637.5930,390.3430,129.8139,114.3139
652.1252,384.8752,131.7496,116.2496
630.9700,384.2200,129.0600,113.5600
561.9171,387.6671,115.1658,99.6658
550.1281,386.8781,118.7437,103.2437
537.6951,387.4450,116.6099,101.1099
521.1501,386.9001,116.6997,101.1997
520.2769,386.0269,114.4463,98.9463
510.4795,382.7295,115.0410,99.5410
493.3607,371.6107,114.2785,98.7785
484.0277,371.7777,114.9446,99.4446
471.6026,372.3526,114.7947,99.2947
464.8338,370.5838,114.3324,98.8324
453.4688,373.7188,114.0625,98.5625
455.2093,358.9593,118.5813,103.0813
445.3102,355.5602,119.3797,103.8797
434.9177,356.6677,123.1647,107.6647
426.3385,362.0885,120.3231,104.8231
407.5042,370.2542,112.9915,97.4915
409.5424,364.7924,115.9153,100.4153
401.6458,361.8958,114.7083,99.2083
390.8344,355.0844,118.3312,102.8312
384.4758,355.7258,116.0484,100.5484
379.7238,367.9738,113.5525,98.0525
374.4182,364.1682,115.1637,99.6637
367.8932,360.6432,113.2136,97.7136
368.8893,350.1393,116.2214,100.7214
371.7758,352.0258,114.4483,98.9483
392.7717,345.5217,114.4566,98.9566
390.5591,358.3091,107.8818,92.3818
406.3622,350.6122,111.2757,95.7757
407.8294,343.5794,115.3413,99.8413
417.8953,339.6453,116.2093,100.7093
430.1932,344.4432,114.6135,99.1135
444.4222,342.1722,115.1555,99.6555
451.8294,346.5794,115.3413,99.8413
469.1504,345.9004,113.6992,98.1992
478.6892,340.9392,112.6217,97.1217
487.9813,338.2313,114.0375,98.5375
503.3076,338.0576,110.3848,94.8848
515.0108,341.2608,111.9784,96.4784
520.6691,344.4190,109.6619,94.1619
527.9584,343.2084,108.0833,92.5833
530.0108,340.2608,111.9784,96.4784
549.5964,339.8465,114.8071,99.3071
558.1860,342.9360,114.6280,99.1280
564.3099,347.0599,113.3801,97.8801
558.6129,352.8629,114.7742,99.2742
567.8452,351.0952,112.3095,96.8095
560.7772,344.0272,111.4456,95.9456
570.0299,352.2799,99.9402,84.4402
342.0000,593.5000,108.0000,77.0000
343.0000,434.5000,108.0000,77.0000
359.0000,433.5000,108.0000,77.0000
586.0000,321.5000,108.0000,77.0000
586.0000,321.5000,108.0000,77.0000
586.0000,321.5000,108.0000,77.0000
359.0000,433.5000,108.0000,77.0000
586.0000,321.5000,108.0000,77.0000
586.0000,321.5000,108.0000,77.0000
586.0000,321.5000,108.0000,77.0000
586.0000,321.5000,108.0000,77.0000
586.0000,321.5000,108.0000,77.0000
383.0000,200.5000,108.0000,77.0000
586.0000,321.5000,108.0000,77.0000
586.0000,321.5000,108.0000,77.0000
277.5495,428.2995,125.9010,110.4010
282.5397,414.7897,116.9206,101.4206
251.4944,428.7444,143.0112,127.5112
248.1949,417.9449,143.6103,128.1103
251.3767,423.1267,137.2466,121.7466
239.5301,452.7801,132.9398,117.4398
237.0388,422.2888,140.9224,125.4224
253.7097,438.9597,117.5807,102.0807
257.2702,425.5202,131.4597,115.9597
281.6736,421.4236,118.6529,103.1529
408.0000,331.5000,108.0000,77.0000
334.2685,450.0185,94.4629,78.9629
307.5270,444.2770,97.9460,82.4460
296.7083,446.9583,130.5833,115.0833
319.2126,448.4626,122.5748,107.0748
317.3069,448.5569,125.3863,109.8863
307.8515,482.6015,109.2969,93.7969
300.7083,457.4583,136.5833,121.0833
335.3406,474.0906,115.3188,99.8188
361.0782,469.3282,125.8436,110.3436
312.2038,450.4538,144.5925,129.0925
367.6390,462.3890,139.7219,124.2219
326.9019,448.1519,152.1962,136.6962
324.9485,441.6985,156.1029,140.6029
315.9554,422.7054,159.0892,143.5892
314.5214,417.7714,158.9571,143.4571
337.9115,411.6615,150.1769,134.6769
367.0521,422.8021,149.8958,134.3958
332.4516,416.2016,156.0968,140.5968
373.0853,437.3353,141.8294,126.3294
405.9787,433.7287,148.0425,132.5425
392.2507,430.5007,144.4986,128.9986
393.6924,425.9424,150.6152,135.1152
396.0426,415.2926,144.9148,129.4148
446.5081,419.2581,146.9839,131.4839
457.0381,413.7881,145.9239,130.4239
500.6817,432.4317,123.6366,108.1366
500.6163,420.8663,123.7675,108.2675
458.0485,405.2985,133.9031,118.4031
498.0885,411.8385,135.8230,120.3230
456.9808,404.2308,145.0385,129.5385
434.8612,394.1112,152.2777,136.7777
429.0097,396.2597,156.9806,141.4806
430.7929,388.0429,157.4142,141.9142
442.7329,385.4829,152.5343,137.0343
438.1690,371.4190,153.6619,138.1619
427.0786,368.8286,154.8427,139.3427
437.9869,381.7369,145.0261,129.5261
430.5679,377.8179,147.8643,132.3643
429.7437,362.4937,153.5126,138.0126
421.5037,355.7537,155.9926,140.4926
433.9768,357.2268,151.0464,135.5464
421.5583,361.8083,156.8834,141.3834
417.7340,358.9840,159.5320,144.0320
409.4009,361.1509,158.1981,142.6981
421.0983,356.8483,158.8034,143.3034
413.7937,353.0437,155.4125,139.9125
418.4587,353.2087,157.0825,141.5825
419.5025,358.2525,154.9951,139.4951
427.0712,360.8212,154.8576,139.3576
419.4167,372.6667,156.1665,140.6665
420.7709,373.5209,155.4581,139.9581
415.9485,364.1985,156.1029,140.6029
426.4124,366.6624,151.1751,135.6751
403.6948,354.4448,152.6104,137.1104
389.8265,366.0765,154.3469,138.8469
438.9827,376.2327,148.0346,132.5346
418.3839,374.6339,154.2322,138.7322
425.1572,373.4072,147.6856,132.1856
408.3704,368.1204,146.2591,130.7591
408.5646,370.3146,143.8707,128.3707
424.0435,359.7935,145.9130,130.4130
401.1523,351.4023,150.6954,135.1954
402.3901,366.6401,154.2198,138.7198
423.2716,375.0216,149.4568,133.9568
418.9118,381.6618,156.1763,140.6763
472.3029,400.5529,135.3941,119.8941
425.7657,396.0157,153.4686,137.9686
417.9180,386.1680,153.1640,137.6640
463.4624,417.7124,137.0753,121.5753
429.7685,405.5185,138.4630,122.9630
415.8752,417.6252,142.2496,126.7496
391.4677,407.2177,139.0647,123.5647
372.2704,412.5204,161.4593,145.9593
361.2917,415.5417,160.4166,144.9166
367.1470,413.3970,162.7060,147.2060
352.5832,423.3332,153.8336,138.3336
356.0840,416.8340,164.8321,149.3321
351.0345,408.7845,169.9310,154.4310
363.0565,418.3065,166.8871,151.3871
374.0295,415.7795,163.9409,148.4409
358.4375,418.6875,164.1249,148.6249
372.0000,424.7500,162.0000,146.5000
388.7944,443.5444,162.4113,146.9113
378.8638,435.6138,164.2724,148.7724
374.0733,441.8233,158.8535,143.3535
393.7556,448.5056,154.4888,138.9888
388.4607,441.7107,143.0786,127.5786
400.6194,428.8694,163.7611,148.2611
407.6485,440.3985,163.7030,148.2030
424.0929,453.8429,152.8142,137.3142
429.4500,458.7000,149.0999,133.5999
398.3134,431.5634,157.3731,141.8731
388.2104,435.4604,156.5792,141.0792
387.6678,445.4178,156.6645,141.1645
402.5070,420.7570,161.9861,146.4861
400.9975,432.2475,154.0050,138.5050
413.4976,437.7476,159.0048,143.5048
411.0973,444.8473,161.8054,146.3054
413.7934,448.5434,163.4132,147.9132
418.3342,454.0842,162.3317,146.8317
421.2500,441.0000,164.5000,149.0000
428.3291,439.5791,165.3418,149.8418
427.0250,446.2750,163.9500,148.4500
451.3440,442.0940,164.3121,148.8121
460.7083,449.4583,160.5833,145.0833
472.7050,451.4550,159.5900,144.0900
467.2366,458.9866,161.5267,146.0267
458.1252,450.3752,163.7497,148.2497
454.6884,440.4384,166.6233,151.1233
449.2632,431.5132,172.4736,156.9736
443.9725,432.2225,172.0551,156.5551
438.9956,429.2456,167.0089,151.5089
428.2631,429.5131,173.4738,157.9738
415.2326,430.4826,172.5348,157.0348
395.7149,406.4649,180.5701,165.0701
407.0930,410.8430,176.8139,161.3139
414.1038,398.3538,176.7925,161.2925
419.5424,403.7924,174.9153,159.4153
424.1033,403.8533,179.7935,164.2935
415.1572,408.9072,176.6856,161.1856
403.7941,409.0441,174.4118,158.9118
419.0861,412.8361,170.8279,155.3279
404.5275,421.2775,162.9449,147.4449
410.0577,410.3077,170.8846,155.3846
402.6806,409.9306,166.6388,151.1388
394.7944,404.0444,162.4113,146.9113
396.7997,405.0497,163.4006,147.9006
384.7895,402.0395,166.4211,150.9211
408.1252,397.3752,163.7497,148.2497
384.9321,400.6821,169.1358,153.6358
384.0637,401.8137,160.8726,145.3726
392.0234,401.2734,160.9533,145.4533
374.4404,402.1904,163.1192,147.6192
381.8573,411.6073,155.2855,139.7855
353.1665,401.4165,165.6669,150.1669
357.2572,403.5072,167.4857,151.9857
385.1815,415.4315,162.6370,147.1370
391.3793,404.1293,160.2415,144.7415
423.6252,404.8752,151.7497,136.2497
405.2723,396.0223,157.4553,141.9553
413.1803,400.9303,153.6393,138.1393
437.5813,400.8313,150.8375,135.3375
429.8002,412.0502,147.3997,131.8997
430.0425,411.2925,153.9150,138.4150
436.4092,399.1592,162.1816,146.6816
462.8739,405.1239,155.2522,139.7522
461.3789,397.6289,154.2422,138.7422
472.3275,393.5775,148.3451,132.8451
442.0834,362.3334,161.8332,146.3332
421.8865,363.6365,164.2270,148.7270
435.2869,365.0369,162.4262,146.9262
464.0798,361.3298,158.8403,143.3403
454.2750,350.5250,161.4500,145.9500
439.0159,348.7659,163.9682,148.4682
444.1012,350.3512,163.7975,148.2975
439.2014,329.4514,168.5971,153.0971
439.7323,330.9823,170.5354,155.0354
429.3751,335.6251,169.2497,153.7497
432.3768,332.1268,166.2464,150.7464
417.1483,339.8983,164.7034,149.2034
421.2073,327.9573,169.5855,154.0855
414.8487,335.0987,167.3027,151.8027
436.7859,331.5359,165.4282,149.9282
437.5642,331.8142,164.8716,149.3716
446.4277,329.6777,156.1445,140.6445
428.6556,322.9056,160.6888,145.1888
410.9183,317.6683,158.1633,142.6633
441.8153,316.5653,154.3693,138.8693
421.6107,305.3607,166.7785,151.2785
427.4844,289.7344,174.0312,158.5312
416.3622,291.1122,174.2757,158.7757
418.6030,298.3530,172.7939,157.2939
428.0183,295.2683,169.9634,154.4634
435.6307,291.3807,166.7386,151.2386
419.3168,302.0668,164.3664,148.8664
435.4358,299.1858,164.1283,148.6283
412.7306,303.9806,166.5389,151.0389
421.1046,294.8546,166.7907,151.2907
429.3243,297.0743,168.3514,152.8514
417.9009,295.1509,170.1981,154.6981
426.4853,285.7353,173.0294,157.5294
439.1660,289.9160,168.6680,153.1680
499.4083,292.6583,152.1835,136.6835
454.0823,304.3323,164.8355,149.3355
514.8036,306.0536,148.3928,132.8928
516.8530,310.6031,147.2939,131.7939
518.6545,305.9045,147.6910,132.1910
458.5407,311.2907,165.9185,150.4185
423.5589,296.8089,174.8822,159.3822
451.1540,318.4040,153.6920,138.1920
501.3276,326.5776,143.3448,127.8448
502.3587,322.6087,145.2825,129.7825
509.8531,334.6031,147.2939,131.7939
514.0829,324.3329,145.8341,130.3341
503.5265,321.7765,152.9470,137.4470
483.1110,318.8610,164.7779,149.2779
513.1175,328.3675,151.7650,136.2650
437.0952,325.8452,172.8097,157.3097
501.3443,332.5943,151.3114,135.8114
516.3640,331.6140,143.2720,127.7721
442.2095,334.9595,163.5810,148.0810
420.8429,346.5929,170.3142,154.8142
414.2437,348.9937,172.5127,157.0127
433.4443,352.1943,174.1114,158.6114
513.4376,347.6875,146.1249,130.6249
511.7212,354.9712,138.5577,123.0577
518.6437,386.3937,131.7126,116.2126
403.3542,404.6042,161.2917,145.7917
541.0403,380.2903,112.9194,97.4194
462.1002,427.3502,118.7997,103.2997
375.0000,622.5000,108.0000,77.0000
601.4099,407.6599,108.1803,92.6803
628.5279,399.2779,109.9442,94.4442
645.4918,446.7419,100.0163,84.5163
651.9096,454.6596,103.1808,87.6808
679.7245,448.4746,110.5509,95.0509
684.4788,447.7288,113.0424,97.5424
697.2135,455.4635,110.5730,95.0730
717.7364,460.9864,104.5272,89.0272
380.3947,445.1447,99.2106,83.7106
362.6007,439.3507,117.7985,102.2985
759.5683,463.3183,86.8633,71.3633
779.2621,460.5121,100.4758,84.9758
792.6002,459.8502,103.7996,88.2996
791.2282,455.4782,108.5436,93.0436
796.0312,452.2813,105.9375,90.4375
801.2792,455.0292,107.4416,91.9416
795.2776,446.5277,110.4447,94.9447
802.4387,446.1888,107.1225,91.6225
811.6331,442.3831,109.7337,94.2337
836.1323,439.3823,107.7355,92.2355
842.7245,435.4746,110.5509,95.0509
849.6361,432.8861,111.7278,96.2278
850.1932,423.4432,114.6135,99.1135
853.6129,428.8629,114.7742,99.2742
855.5365,419.2865,113.9270,98.4270
853.5040,415.7540,115.9919,100.4919
865.8953,410.6453,116.2093,100.7093
867.4808,404.2308,119.0385,103.5385
868.1932,406.4432,114.6135,99.1135
856.5964,404.8465,114.8071,99.3071
866.8900,406.1400,113.2199,97.7199
859.7143,404.4643,113.5714,98.0714
870.7230,405.9730,116.5540,101.0540
879.3000,402.0500,116.3999,100.8999
876.0164,401.2664,114.9672,99.4672
891.6732,392.9232,121.6535,106.1535
901.2480,395.9980,118.5039,103.0039
910.5511,393.8012,119.8977,104.3977
915.8344,398.0844,118.3312,102.8312
917.5948,397.3449,117.8103,102.3103
930.0156,393.2656,117.9687,102.4687
943.4590,389.2090,121.0820,105.5820
962.9455,383.6955,117.1090,101.6090
968.0065,383.7565,120.9869,105.4869
977.3139,381.0639,124.3722,108.8722
977.0880,371.8380,127.8241,112.3241
989.6606,359.9106,124.6788,109.1788
999.6422,347.8922,127.7157,112.2157
1002.9653,344.7153,126.0694,110.5694
1007.8786,348.6286,128.2428,112.7428
1013.2305,344.9804,127.5391,112.0391
1023.6464,341.8964,124.7071,109.2071
1034.1226,337.8725,122.7550,107.2550
1040.7830,339.0329,120.4342,104.9342
1045.7280,338.9781,119.5439,104.0439
1048.1499,341.4000,119.7001,104.2001
1048.4904,339.7404,119.0192,103.5192
1049.0818,338.8318,118.8363,103.3363
1051.5417,337.7917,116.9166,101.4166
1059.3607,335.6107,114.2785,98.7785
1066.8900,336.1400,113.2199,97.7199
1069.1252,337.3753,113.7495,98.2495
1067.7133,336.9633,113.5735,98.0735
1081.7185,337.9685,107.5630,92.0630
1097.4915,339.7415,98.0170,82.5170
1105.3146,338.0646,101.3709,85.8709
1108.7289,338.4789,98.5421,83.0421
1108.4287,338.1787,103.1426,87.6426
1112.0825,341.3326,97.8349,82.3349
1122.0825,339.3326,97.8349,82.3349
1138.1575,352.4075,73.6850,58.1850
1150.8348,353.5848,72.3303,56.8303
1146.8756,346.6255,82.2489,66.7489
1147.2169,349.4669,78.5662,63.0662
1140.3859,349.1359,84.2283,68.7283
1141.9716,345.7216,87.0568,71.5568
1134.7997,346.0497,90.4006,74.9006
1117.2020,342.9520,99.5961,84.0961
1065.7903,343.0403,111.4195,95.9195
1033.8436,340.0937,121.3127,105.8127
1002.4019,338.6519,124.1962,108.6962
971.6009,341.3509,120.7982,105.2982
950.5654,342.3154,119.8692,104.3692
915.5834,341.8334,119.8331,104.3331
890.2409,343.9909,122.5182,107.0182
865.1821,346.4322,117.6357,102.1357
838.3036,348.5536,113.3928,97.8928
813.6891,348.9392,112.6217,97.1217
797.3397,344.5897,117.3206,101.8206
784.5036,340.7536,122.9928,107.4928
748.3887,345.1387,114.2225,98.7225
738.6891,342.9392,112.6217,97.1217
715.9559,348.2059,105.0882,89.5882
703.1253,342.3753,106.7494,91.2494
678.6687,337.4187,108.6626,93.1626
637.0969,338.3469,106.8063,91.3063
627.0231,336.7732,107.9537,92.4537
623.2294,339.9794,99.5412,84.0412
618.9703,341.2202,96.0595,80.5595
611.9036,336.6536,98.1928,82.6928
616.6062,340.3562,89.7876,74.2876
629.4169,345.6670,78.1661,62.6661
620.7698,340.5197,82.4605,66.9605
622.4169,337.6669,84.1662,68.6662
620.2295,330.4795,87.5410,72.0410
625.6923,330.9422,74.6155,59.1155
644.8363,335.0863,63.3274,47.8274
309.0000,651.5000,108.0000,77.0000
301.0000,637.5000,108.0000,77.0000
293.0000,651.5000,108.0000,77.0000
629.9861,293.2361,90.0278,74.5278
618.6351,297.3851,92.7298,77.2298
625.0626,285.8126,97.8748,82.3748
619.7514,284.0014,99.4973,83.9973
620.0189,285.7689,96.9622,81.4622
625.7940,282.5440,99.4120,83.9120
622.6178,278.8678,103.7644,88.2644
622.3287,278.5787,102.3425,86.8425
626.5051,275.7551,102.9898,87.4898
625.7462,274.9962,103.5076,88.0076
632.8753,275.6253,106.2494,90.7494
633.9600,275.7100,104.0799,88.5799
640.6058,275.3558,98.7884,83.2884
645.1672,273.4172,101.6655,86.1655
645.6762,271.4262,100.6476,85.1476
649.7926,273.0426,99.4148,83.9148
659.2650,278.0150,91.4700,75.9700
663.2136,277.9637,93.5727,78.0727
659.6865,284.4365,81.6270,66.1270
663.7967,282.0467,87.4066,71.9066
673.0323,283.2823,84.9354,69.4354
686.4757,279.7257,90.0486,74.5486
691.5366,277.2866,94.9268,79.4268
684.6459,281.3958,87.7083,72.2083
688.1254,282.3755,88.7491,73.2491
699.6484,295.3983,70.7033,55.2033
703.7280,289.9780,79.5441,64.0441
724.9276,288.1776,85.1448,69.6448
744.2635,295.0135,72.4730,56.9730
277.0000,768.5000,108.0000,77.0000
277.0000,768.5000,108.0000,77.0000
751.3358,306.0857,74.3286,58.8286
746.3911,303.6411,78.2178,62.7178
733.2679,302.0179,85.4643,69.9643
734.0444,308.2944,84.9112,69.4112
727.0941,313.8440,85.8120,70.3120
728.9376,314.6876,83.1247,67.6247
750.9633,328.2133,71.0734,55.5734
309.0000,767.5000,108.0000,77.0000
309.0000,739.5000,108.0000,77.0000
310.0000,738.5000,108.0000,77.0000
317.0000,724.5000,108.0000,77.0000
310.0000,739.5000,108.0000,77.0000
326.0000,768.5000,108.0000,77.0000
326.0000,710.5000,108.0000,77.0000
326.0000,666.5000,108.0000,77.0000
693.1132,351.3631,73.7737,58.2737
691.3293,347.5793,78.3413,62.8413
326.0000,666.5000,108.0000,77.0000
326.0000,666.5000,108.0000,77.0000
326.0000,666.5000,108.0000,77.0000
326.0000,666.5000,108.0000,77.0000
326.0000,666.5000,108.0000,77.0000
326.0000,666.5000,108.0000,77.0000
664.6395,363.8894,63.7211,48.2211
666.8167,361.5667,62.3666,46.8666
659.8965,360.6465,69.2069,53.7069
655.6543,358.4043,73.6914,58.1914
657.9171,360.6671,72.1659,56.6659
658.4737,359.7237,73.0526,57.5526
653.6386,355.3886,82.7228,67.2228
657.8870,360.6369,76.2261,60.7261
657.7740,360.0240,77.4521,61.9521
657.2679,359.5179,78.4643,62.9643
658.2958,361.5458,74.4083,58.9083
661.4644,363.7144,68.0713,52.5712
342.0000,652.5000,108.0000,77.0000
664.5228,365.2728,64.9545,49.4545
342.0000,652.5000,108.0000,77.0000
665.5670,363.3170,68.8661,53.3661
671.5403,364.2903,67.9194,52.4194
326.0000,666.5000,108.0000,77.0000
342.0000,680.5000,108.0000,77.0000
326.0000,666.5000,108.0000,77.0000
326.0000,666.5000,108.0000,77.0000
709.1258,354.8758,73.7484,58.2484
334.0000,709.5000,108.0000,77.0000
722.2534,353.5034,72.4932,56.9932
726.2084,354.4584,70.5831,55.0831
726.0628,355.8128,66.8744,51.3744
722.3198,355.5698,67.3604,51.8604
326.0000,724.5000,108.0000,77.0000
737.8466,352.5966,73.3067,57.8067
709.1752,342.4251,91.6497,76.1497
696.0932,341.3432,92.8137,77.3137
684.2817,344.5317,87.4365,71.9365
675.6840,348.9340,79.6320,64.1320
669.4477,345.6977,85.1047,69.6047
672.1550,344.4050,83.6901,68.1901
661.1147,343.8647,82.7706,67.2706
668.5071,340.2571,88.9857,73.4857
660.0321,338.7821,90.9358,75.4358
655.9773,337.2273,87.0454,71.5454
653.5215,340.7716,82.9569,67.4569
649.2296,341.4796,81.5409,66.0409
644.2917,335.5417,85.4166,69.9166
644.5215,337.7716,82.9569,67.4569
642.6368,336.3868,81.7263,66.2263
642.9907,336.2408,81.0185,65.5185
646.4800,338.2300,79.0400,63.5400
655.8356,341.0856,66.3288,50.8288
310.0000,651.5000,108.0000,77.0000
310.0000,651.5000,108.0000,77.0000
310.0000,651.5000,108.0000,77.0000
310.0000,651.5000,108.0000,77.0000
653.8514,338.1015,69.2971,53.7971
650.5596,336.3095,73.8809,58.3809
648.0261,333.2761,77.9479,62.4479
651.0000,335.7500,74.0000,58.5000
650.8493,337.5993,75.3014,59.8014
651.0447,337.7947,74.9105,59.4105
310.0000,652.5000,108.0000,77.0000
310.0000,652.5000,108.0000,77.0000
310.0000,652.5000,108.0000,77.0000
310.0000,652.5000,108.0000,77.0000
310.0000,652.5000,108.0000,77.0000
310.0000,652.5000,108.0000,77.0000
310.0000,652.5000,108.0000,77.0000
310.0000,652.5000,108.0000,77.0000
310.0000,652.5000,108.0000,77.0000
310.0000,666.5000,108.0000,77.0000
867.1073,166.8573,70.7854,55.2854
844.6931,125.9431,138.6138,123.1138
848.8831,120.6331,148.2337,132.7337
852.0000,130.2500,141.0000,125.5000
855.1229,132.8729,134.7543,119.2543
870.1880,137.9380,117.6239,102.1239
876.5408,136.2907,119.9185,104.4185
883.9597,136.7097,116.0806,100.5806
146.0000,913.5000,108.0000,77.0000
911.5086,163.7586,82.9827,67.4827
880.9811,147.7312,117.0377,101.5377
146.0000,913.5000,108.0000,77.0000
146.0000,913.5000,108.0000,77.0000
146.0000,855.5000,108.0000,77.0000
146.0000,913.5000,108.0000,77.0000
586.0000,321.5000,108.0000,77.0000
586.0000,321.5000,108.0000,77.0000
130.0000,943.5000,108.0000,77.0000
146.0000,913.5000,108.0000,77.0000
586.0000,321.5000,108.0000,77.0000
146.0000,913.5000,108.0000,77.0000
940.9688,142.7188,102.0625,86.5625
931.0215,129.2715,117.9570,102.4570
586.0000,321.5000,108.0000,77.0000
586.0000,321.5000,108.0000,77.0000
129.0000,884.5000,108.0000,77.0000
940.5840,132.3340,97.8321,82.3321
586.0000,321.5000,108.0000,77.0000
586.0000,321.5000,108.0000,77.0000
146.0000,971.5000,108.0000,77.0000
981.7521,149.0021,83.4958,67.9958
981.8755,142.1255,85.2490,69.7490
121.0000,971.5000,108.0000,77.0000
957.6411,138.3911,97.7178,82.2178
129.0000,1015.5000,108.0000,77.0000
129.0000,1015.5000,108.0000,77.0000
138.0000,986.5000,108.0000,77.0000
586.0000,321.5000,108.0000,77.0000
586.0000,321.5000,108.0000,77.0000
130.0000,1015.5000,108.0000,77.0000
586.0000,321.5000,108.0000,77.0000
113.0000,768.5000,108.0000,77.0000
586.0000,321.5000,108.0000,77.0000
114.0000,782.5000,108.0000,77.0000
113.0000,971.5000,108.0000,77.0000
586.0000,321.5000,108.0000,77.0000
586.0000,321.5000,108.0000,77.0000
113.0000,797.5000,108.0000,77.0000
586.0000,321.5000,108.0000,77.0000
113.0000,783.5000,108.0000,77.0000
586.0000,321.5000,108.0000,77.0000
113.0000,782.5000,108.0000,77.0000
586.0000,321.5000,108.0000,77.0000
586.0000,321.5000,108.0000,77.0000
586.0000,321.5000,108.0000,77.0000
586.0000,321.5000,108.0000,77.0000
586.0000,321.5000,108.0000,77.0000
586.0000,321.5000,108.0000,77.0000
586.0000,321.5000,108.0000,77.0000
113.0000,783.5000,108.0000,77.0000
114.0000,782.5000,108.0000,77.0000
114.0000,782.5000,108.0000,77.0000
113.0000,768.5000,108.0000,77.0000
129.0000,782.5000,108.0000,77.0000
146.0000,782.5000,108.0000,77.0000
586.0000,321.5000,108.0000,77.0000
162.0000,782.5000,108.0000,77.0000
586.0000,321.5000,108.0000,77.0000
586.0000,321.5000,108.0000,77.0000
586.0000,321.5000,108.0000,77.0000
129.0000,943.5000,108.0000,77.0000
586.0000,321.5000,108.0000,77.0000
277.0000,273.5000,108.0000,77.0000
292.3804,315.6304,80.2393,64.7393
298.0627,321.8127,69.8745,54.3745
586.0000,321.5000,108.0000,77.0000
586.0000,321.5000,108.0000,77.0000
277.0000,273.5000,108.0000,77.0000
586.0000,321.5000,108.0000,77.0000
586.0000,321.5000,108.0000,77.0000
586.0000,321.5000,108.0000,77.0000
586.0000,321.5000,108.0000,77.0000
586.0000,321.5000,108.0000,77.0000
586.0000,321.5000,108.0000,77.0000
586.0000,321.5000,108.0000,77.0000
586.0000,321.5000,108.0000,77.0000
586.0000,321.5000,108.0000,77.0000
146.0000,913.5000,108.0000,77.0000
146.0000,913.5000,108.0000,77.0000
146.0000,913.5000,108.0000,77.0000
586.0000,321.5000,108.0000,77.0000
146.0000,913.5000,108.0000,77.0000
146.0000,913.5000,108.0000,77.0000
896.2130,155.9629,99.5741,84.0741
895.4362,158.1861,97.1277,81.6277
856.0744,139.3244,127.8512,112.3512
586.0000,321.5000,108.0000,77.0000
586.0000,321.5000,108.0000,77.0000
864.2617,162.5117,91.4767,75.9767
146.0000,855.5000,108.0000,77.0000
586.0000,321.5000,108.0000,77.0000
841.9681,155.2182,105.0637,89.5637
838.1671,144.4170,128.6659,113.1659
851.3149,152.0649,94.3702,78.8702
586.0000,321.5000,108.0000,77.0000
586.0000,321.5000,108.0000,77.0000
586.0000,321.5000,108.0000,77.0000
586.0000,321.5000,108.0000,77.0000
586.0000,321.5000,108.0000,77.0000
586.0000,321.5000,108.0000,77.0000
113.0000,535.5000,108.0000,77.0000
514.7750,118.5250,96.4500,80.9500
501.4445,95.1945,99.1110,83.6110
513.9907,110.2407,81.0185,65.5185
475.3823,84.6323,90.2353,74.7353
449.4468,69.1968,88.1065,72.6065
427.9206,53.1706,98.1588,82.6588
404.0238,46.7738,95.9524,80.4524
419.5595,421.3095,73.8809,58.3809
395.0192,413.2692,105.9615,90.4615
376.2461,431.9961,101.5079,86.0079
360.5827,440.8327,109.8346,94.3346
349.0148,451.7648,108.9704,93.4704
340.0156,450.2656,117.9687,102.4687
346.0215,451.7715,114.9570,99.4570
345.9563,451.2063,114.0874,98.5874
351.9540,456.2040,111.0920,95.5920
363.3442,456.5942,110.3116,94.8116
372.5939,457.3439,107.8122,92.3122
377.4688,460.7188,106.0625,90.5625
388.6055,458.3555,110.7891,95.2891
392.9225,460.1725,112.1550,96.6550
394.9901,462.7401,111.0197,95.5197
403.5439,463.2939,110.9122,95.4122
405.6612,463.9112,109.6776,94.1776
409.6047,465.3547,108.7905,93.2905
419.2592,466.0092,115.4817,99.9817
434.2587,465.5087,118.4826,102.9826
444.9485,467.1985,117.1031,101.6031
442.6587,471.4087,115.6827,100.1827
458.9604,470.2104,117.0793,101.5793
465.8508,468.1008,115.2984,99.7984
466.6982,465.9482,115.6036,100.1036
488.4904,468.7404,119.0192,103.5192
506.2820,469.5320,118.4360,102.9360
515.2655,470.0155,118.4690,102.9690
526.4182,470.1682,115.1637,99.6637
541.0626,463.3126,123.8749,108.3749
558.8860,465.1360,123.2279,107.7279
568.1974,467.9474,120.6052,105.1052
570.6619,465.9120,118.6761,103.1761
586.0039,465.2539,117.9922,102.4922
614.9279,453.1779,125.1442,109.6442
615.6100,451.8600,127.7801,112.2801
610.9991,453.7491,125.0018,109.5018
563.3544,453.6045,126.2911,110.7911
550.5864,458.3365,129.8271,114.3271
563.3464,461.5965,132.3071,116.8071
555.7629,457.5128,141.4743,125.9743
534.1583,462.4083,140.6833,125.1833
533.8689,482.6189,143.2623,127.7623
523.0680,486.8180,145.8640,130.3640
516.1252,491.3752,141.7496,126.2496
518.1384,464.8884,129.7232,114.2232
508.5034,466.7534,126.9931,111.4931
498.0009,464.7509,126.9983,111.4983
492.2372,466.9872,127.5255,112.0255
492.5326,460.2826,122.9348,107.4348
489.6529,460.9029,121.6942,106.1942
475.8577,455.1077,118.2845,102.7845
489.5322,455.7822,119.9356,104.4356
487.9279,443.1779,125.1442,109.6442
476.3908,424.6408,134.2184,118.7185
445.5127,417.2627,132.9747,117.4747
484.5840,415.8340,126.8320,111.3320
567.4668,419.2168,150.0664,134.5664
532.4290,415.1790,149.1420,133.6420
