0.415242
0.044203
0.042250
0.041801
0.043278
0.041610
0.047537
0.041920
0.049744
0.043698
0.045017
0.043934
0.049154
0.044142
0.041472
0.058168
0.044411
0.044590
0.043401
0.043375
0.050513
0.044210
0.059164
0.043034
0.037399
0.043508
0.045578
0.043510
0.041426
0.042148
0.037367
0.039430
0.041793
0.039503
0.044333
0.041182
0.046188
0.044950
0.040179
0.044787
0.044236
0.043572
0.040934
0.059349
0.043128
0.042428
0.056434
0.052505
0.045136
0.044371
0.046443
0.048153
0.044685
0.044131
0.044478
0.047585
0.052066
0.047473
0.057198
0.045523
0.045951
0.041777
0.041362
0.041104
0.038260
0.050425
0.043809
0.037517
0.038023
0.043860
0.054573
0.040156
0.041283
0.041702
0.044686
0.056161
0.049687
0.053931
0.041813
0.044569
0.038554
0.055686
0.041655
0.044724
0.047677
0.050216
0.055351
0.043728
0.042607
0.052889
0.045898
0.055272
0.046472
0.044709
0.045177
0.037934
0.039863
0.043874
0.041871
0.056003
0.042082
0.048627
0.043410
0.048616
0.050618
0.043958
0.044252
0.044409
0.044410
0.043814
0.045693
0.045325
0.060143
0.044824
0.048652
0.062729
0.054293
0.045848
0.046400
0.047701
0.048774
0.043816
0.043858
0.048754
0.044845
0.046748
0.051739
0.043044
0.058816
0.044164
0.057212
0.048725
0.047055
0.043523
0.047329
0.044081
0.063366
0.052044
0.043645
0.055511
0.043059
0.044697
0.043506
0.047753
0.043821
0.043224
0.049093
0.044011
0.050719
0.045236
0.050476
0.047410
0.051352
0.050671
0.047745
0.048867
0.046213
0.048682
0.053632
0.046970
0.056498
0.040155
0.037387
0.040884
0.038894
0.038870
0.040489
0.046756
0.040428
0.038873
0.050330
0.039649
0.042833
0.043103
0.046530
0.042777
0.041698
0.040825
0.043835
0.044598
0.045710
0.049350
0.040993
0.053926
0.062024
0.038213
0.037694
0.036533
0.056245
0.051631
0.043725
0.046711
0.055976
0.042498
0.043435
0.043659
0.055826
0.048561
0.046430
0.046196
0.043885
0.046309
0.060513
0.049523
0.044907
0.059683
0.045871
0.044041
0.050690
0.055347
0.048147
0.046170
0.047936
0.061933
0.053180
0.049055
0.062069
0.066352
0.035074
0.048634
0.057379
0.050044
0.054433
0.049423
0.044515
0.049262
0.049828
0.050883
0.057659
0.055361
0.054518
0.061947
0.052302
0.057046
0.050271
0.051880
0.068046
0.043568
0.043447
0.043021
0.046636
0.043999
0.044850
0.043739
0.043953
0.043643
0.057112
0.055705
0.045371
0.045877
0.044207
0.056127
0.049388
0.042498
0.040359
0.043962
0.041412
0.040535
0.044384
0.044247
0.042654
0.040457
0.045355
0.040995
0.042632
0.042522
0.047296
0.059384
0.041383
0.042318
0.040046
0.048563
0.045527
0.042964
0.037679
0.039625
0.042373
0.043405
0.040071
0.041085
0.041927
0.040351
0.032623
0.027099
0.027049
0.045117
0.040450
0.043275
0.045694
0.040882
0.041990
0.041315
0.049566
0.043338
0.043637
0.042722
0.042239
0.042118
0.045996
0.045244
0.037144
0.052129
0.035004
0.036447
0.044841
0.055807
0.038479
0.043744
0.046757
0.038166
0.040905
0.041253
0.042549
0.047497
0.048138
0.050899
0.049812
0.049730
0.060897
0.043756
0.038254
0.036358
0.035048
0.035776
0.045407
0.038046
0.038815
0.037411
0.044323
0.038666
0.041922
0.045292
0.060819
0.061637
0.045111
0.046878
0.061592
0.063469
0.050734
0.044638
0.035757
0.036580
0.038351
0.036679
0.035861
0.036530
0.038397
0.040886
0.037709
0.039413
0.048177
0.048875
0.046175
0.030503
0.032494
0.035199
0.035571
0.037782
0.036675
0.041863
0.038895
0.040113
0.045030
0.039743
0.037215
0.040303
0.045080
0.039556
0.034556
0.035296
0.033888
0.030716
0.041436
0.036585
0.046988
0.040985
0.040721
0.041932
0.034756
0.034014
0.042139
0.043308
0.037074
0.040890
0.037940
0.038379
0.044951
0.038519
0.044900
0.039693
0.040635
0.054425
0.042853
0.049170
0.047358
0.050079
0.043473
0.047388
0.048626
0.047768
0.043676
0.042846
0.047436
0.061177
0.055336
0.043905
0.043428
0.042081
0.047137
0.043667
0.041908
0.053844
0.054485
0.051838
0.044635
0.054604
0.059110
0.045879
0.037122
0.048249
0.043296
0.045464
0.056606
0.045797
0.044534
0.048691
0.035881
0.051256
0.043779
0.043591
0.048500
0.042317
0.041600
0.045146
0.048596
0.051025
0.063776
0.061231
0.054703
0.053729
0.041957
0.056278
0.047019
0.041771
0.046532
0.041799
0.037434
0.038864
0.037268
0.040431
0.043137
0.040151
0.041745
0.042779
0.043091
0.041093
0.043800
0.042007
0.043964
0.041510
0.043439
0.041122
0.043049
0.040836
0.041319
0.043274
0.050955
0.045694
0.042606
0.042513
0.041691
0.044773
0.041340
0.041740
0.041022
0.043052
0.043152
0.043452
0.041028
0.042723
0.043114
0.041494
0.045816
0.050338
0.041322
0.043598
0.046843
0.054475
0.045385
0.041479
0.042255
0.043329
0.047866
0.050000
0.045369
0.044301
0.043499
0.044803
0.049213
0.043319
0.047292
0.043525
0.044430
0.043137
0.043001
0.044781
0.044411
0.044155
0.051804
0.049914
0.055746
0.037740
0.041570
0.038298
0.041279
0.042529
0.037897
0.037503
0.039253
0.042492
0.041502
0.037937
0.041690
0.038414
0.038849
0.044047
0.034645
0.034732
0.037536
0.039102
0.040463
0.042402
0.043865
0.045171
0.043467
0.043097
0.043376
0.045579
0.041131
0.043191
0.041328
0.042166
0.044508
0.051707
0.050499
0.047779
0.046417
0.042329
0.050587
0.057859
0.046714
0.055493
0.052366
0.042568
0.042622
0.042461
0.049179
0.042888
0.041726
0.041949
0.043568
0.042011
0.043523
0.042070
0.044469
0.041276
0.042564
0.066842
0.050932
0.046417
0.072106
0.053165
0.053031
0.046487
0.047934
0.045446
0.053325
0.046963
0.044909
0.047732
0.046719
0.054718
0.048857
0.049398
0.050473
0.048792
0.047576
0.048008
0.052191
0.059168
0.065341
0.048328
0.049601
0.051489
0.047826
0.047831
0.048952
0.063188
0.047799
0.046797
0.052194
0.056771
0.051723
0.045698
0.045815
0.046868
0.045896
0.045770
0.039556
0.034548
0.055037
0.038249
0.039785
0.042318
0.033422
0.036922
0.042133
0.036291
0.043480
0.039353
0.038477
0.040699
0.046197
0.044309
0.043720
0.050409
0.051849
0.045837
0.054691
0.051109
0.051934
0.046088
0.052290
0.051128
0.045786
0.051645
0.056623
0.048285
0.043771
0.044637
0.058115
0.053248
0.047099
0.048535
0.050695
0.053241
0.061995
0.062037
0.049613
0.036285
0.054378
0.039271
0.048254
0.045921
0.043862
0.045402
0.042506
0.044755
0.042838
0.045896
0.057708
0.063677
0.050608
0.045512
0.047901
0.049055
0.051365
0.043888
0.045712
0.044315
0.037289
0.039026
0.043744
0.042781
0.039271
0.040191
0.039221
0.039925
0.038693
0.039498
0.042316
0.038917
0.050051
0.041796
0.041879
0.042637
0.042584
0.048212
0.054578
0.042998
0.041821
0.044257
0.042063
0.042161
0.045416
0.042049
0.042004
0.045571
0.043113
0.041906
0.045110
0.044674
0.045490
0.044536
0.043995
0.046057
0.043957
0.043751
0.046521
0.044908
0.044121
0.044655
0.048560
0.046535
0.046195
0.036627
0.043086
0.042449
0.041692
0.041978
0.041667
0.041472
0.062217
0.042852
0.040864
0.041258
0.044343
0.040574
0.040689
0.040819
0.038038
0.030649
0.037686
0.039450
0.043102
0.041171
0.043129
0.040709
0.040667
0.042484
0.042345
0.041223
0.041414
0.027298
0.031713
0.030704
0.034168
0.031899
0.031821
0.035047
0.034205
0.032721
0.031783
0.032331
0.035131
0.034135
0.032063
0.035609
0.034095
0.037022
0.038285
0.038177
0.045109
0.045267
0.051313
0.047326
0.048856
0.048111
0.046367
0.041574
0.046645
0.044815
0.044021
0.044427
0.047313
0.044080
0.044940
0.048599
0.044002
0.046764
0.044688
0.046978
0.046148
0.043898
0.047632
0.042592
0.040594
0.041764
0.054922
0.053745
0.044147
0.045020
0.048135
0.044568
0.036488
0.040668
0.039032
0.050000
0.044411
0.040374
0.047384
0.036733
0.040401
0.052227
0.040891
0.046614
0.041665
0.042071
0.046941
0.044216
0.048988
0.044637
0.063705
0.053326
0.043709
0.050222
0.044721
0.044801
0.044152
0.043749
0.044427
0.040757
0.042650
0.040576
0.042887
0.040688
0.040468
0.043715
0.045156
0.046028
0.044150
0.044650
0.043820
0.043735
0.053611
0.059328
0.052366
0.044749
0.052009
0.047625
0.047388
0.048512
0.048073
0.050926
0.043829
0.044446
0.046270
0.046218
0.039755
0.042028
0.043210
0.049428
0.045819
0.046923
0.046233
0.045909
0.050574
0.047279
0.048891
0.047111
0.048689
0.045744
0.044820
0.040360
0.048411
0.042696
0.045179
0.046267
0.048743
0.047401
0.046015
0.059405
0.045185
0.046782
0.044168
0.043237
0.043946
0.045626
0.043452
0.043378
0.043049
0.046949
0.047558
0.054892
0.045965
0.046309
0.046336
0.045823
0.047526
0.047941
0.046362
0.047012
0.047329
0.045833
0.048326
0.049099
0.047356
0.047635
0.048808
0.045765
0.053729
0.048666
0.047861
0.044689
0.045983
0.045981
0.039813
0.043211
0.042585
0.043282
0.042903
0.043401
0.049206
0.059558
0.043513
0.042804
0.042717
0.043396
0.043972
0.043619
0.045702
0.042646
0.046868
0.043355
0.043044
0.046050
0.043993
0.042666
0.044423
0.043411
0.045031
0.044641
0.042738
0.045758
0.047650
0.046693
0.045723
0.046185
0.048099
0.046285
0.046678
0.044534
0.046402
0.045967
0.047844
0.045941
0.045734
0.047213
0.033182
0.047928
0.046032
0.046741
0.047261
0.047764
0.045898
0.045960
0.047588
0.047217
0.046051
0.047286
0.046053
0.046649
0.046765
0.046300
0.046296
0.046178
0.047528
0.048366
0.046296
0.045880
0.048193
0.039558
0.054551
0.047381
0.045857
0.046803
0.047536
0.045837
0.048666
0.049865
0.036040
0.034855
0.032082
0.031933
0.034373
0.031590
0.033560
0.035748
0.034451
0.034253
0.037151
0.039200
0.042551
0.045185
0.042965
0.045203
0.046348
0.048477
0.047616
0.046578
0.046726
0.048492
0.051469
0.066202
0.050515
0.046676
0.046340
0.048769
0.047919
0.046492
0.046655
0.046475
0.047561
0.046755
0.049242
0.050114
0.047925
0.047917
0.050190
0.046904
0.046608
0.054925
0.046069
0.047340
0.044865
0.045828
0.047085
0.040923
0.037656
0.038691
0.037623
0.040138
0.038754
0.040997
0.032146
0.041727
0.047051
0.037413
0.037362
0.042487
0.038283
0.037569
0.040952
0.044640
0.046396
0.045269
0.048905
0.044132
0.046656
0.045274
0.046121
0.046068
0.043893
0.049392
0.053900
0.044293
0.045223
0.044360
0.044188
0.048522
0.046165
0.047150
0.051683
0.052172
0.048467
0.045772
0.065131
0.045744
0.049586
0.046391
0.056448
0.049873
0.045666
0.039725
0.039173
0.046678
0.042575
0.037093
0.040389
0.037631
0.039708
0.047544
0.037094
0.041752
0.041526
0.038111
0.037459
0.048890
0.040361
0.037303
0.037169
0.039531
0.037551
0.038987
0.042744
0.039527
0.039474
0.038435
0.037513
0.038728
0.039474
0.042314
0.050044
0.037482
0.037785
0.038954
0.038335
0.043950
0.052857
0.047947
0.066463
0.046440
0.046227
0.046559
0.047984
0.052489
0.062030
0.048734
0.049379
0.048752
0.045719
0.053744
0.046062
0.048079
0.049831
0.046075
0.048726
0.046373
0.047340
0.045971
0.050545
0.049971
0.046514
0.054222
0.059436
0.055391
0.049714
0.043836
0.044453
0.046056
0.029651
0.014586
0.054091
0.047711
0.036033
0.040632
0.051988
0.065556
0.043547
0.045254
0.031518
0.039883
0.042694
0.042027
0.040645
0.041363
0.043817
0.039947
0.063287
0.053195
0.055858
0.050439
0.056314
0.046196
0.044088
0.045132
0.050568
0.043744
0.046405
0.044596
0.044218
0.045089
0.044478
0.055641
0.055969
0.045256
0.047530
0.050333
0.045923
0.052086
0.046031
0.047570
0.047827
0.048004
0.047044
0.046390
0.046953
0.048746
0.046489
0.045259
0.044762
0.052688
0.048486
0.043957
0.044459
0.042052
0.043796
0.044253
0.044575
0.041116
0.041989
0.053861
0.042983
0.042928
0.043992
0.043804
0.045726
0.045100
0.042741
0.044296
0.034775
0.042776
0.040359
0.039902
0.041568
0.038636
0.042210
0.040749
0.042513
0.043733
0.042973
0.043575
0.043727
0.054653
0.042584
0.041681
0.030026
0.030415
0.041663
0.029830
0.038888
0.033315
0.052108
0.035837
0.034851
0.045142
0.035319
0.036165
0.046649
0.036933
0.039685
0.035741
0.045912
0.041686
0.036191
0.036204
0.036055
0.037606
0.041661
0.038523
0.035882
0.035624
0.042308
0.040745
0.040498
0.047241
0.044854
0.045513
0.044344
0.044998
0.047732
0.048684
0.043689
0.043552
0.061814
0.059428
0.043152
0.043376
0.053252
0.041287
0.041329
0.037034
0.044765
0.024800
0.043727
0.032250
0.047154
0.033680
0.035248
0.040280
0.042351
0.028061
0.046168
0.049851
0.043653
0.059093
0.037723
0.036191
0.023969
0.029094
0.026203
0.034789
0.035145
0.034726
0.038846
0.037011
0.033213
0.035355
0.022286
0.027102
0.032297
0.037699
0.037046
0.036648
0.037027
0.050682
0.043024
0.039878
0.033342
0.029516
0.025214
0.021097
0.060362
0.033097
0.029978
0.030820
0.040719
0.030179
0.037085
0.055092
0.030090
0.031427
0.033788
0.030031
0.031099
0.041235
0.035503
0.042058
0.053894
0.042439
0.045120
0.052594
0.044269
0.045564
0.044217
0.051726
0.036419
0.027666
0.022447
0.030362
0.024543
0.024141
0.027571
0.026085
0.026285
0.032743
0.025920
0.030737
0.025902
0.030702
0.031500
0.029034
0.027506
0.034664
0.029439
0.028209
0.027161
0.035944
0.027709
0.029439
0.031230
0.033293
0.029554
0.030160
0.030030
0.033928
0.032083
0.030290
0.034959
0.034336
0.030278
0.029428
0.032791
0.030516
0.031544
0.037487
0.030487
0.029163
0.031863
0.034137
0.037094
0.033432
0.035490
0.033427
0.035784
0.033443
0.033977
0.039123
0.038870
0.034841
0.047203
0.034955
0.036933
0.034254
0.034719
0.033523
0.035708
0.033389
0.037378
0.033649
0.033407
0.034330
0.049736
0.033553
0.034984
0.034098
0.036989
0.036958
0.036095
0.037337
0.036047
0.037364
0.037743
0.039280
0.042836
0.040686
0.038319
0.038221
0.037645
0.039217
0.038518
0.040518
0.041312
0.041440
0.037415
0.042882
0.037706
0.041020
0.037983
0.040760
0.038273
0.039938
0.040496
0.037664
0.039117
0.044734
0.038522
0.038880
0.038876
0.041521
0.036515
0.039935
0.035813
0.042726
0.035046
0.036932
0.035456
0.032567
0.036237
0.029148
0.042791
0.031859
0.028159
0.028180
0.028723
0.032474
0.029250
0.027827
0.030449
0.027815
0.030672
0.030400
0.037167
0.030034
0.029899
0.031916
0.031291
0.030153
0.031823
0.027960
0.031683
0.041040
0.027883
0.031560
0.028683
0.028949
0.030753
0.030561
0.030811
0.027764
0.041654
0.028345
0.029919
0.029675
0.031405
0.027844
0.027963
0.030271
0.031711
0.029168
0.033112
0.027771
0.028484
0.029752
0.026918
0.034718
0.024355
0.032805
0.025116
0.037495
0.027126
0.028018
0.025681
0.029275
0.029802
0.024688
0.034207
0.029483
0.022740
0.037836
0.025570
0.025383
0.029902
0.035424
0.030414
0.028270
0.028254
0.027694
0.033942
0.036338
0.031965
0.030816
0.028438
0.033638
0.032187
0.032996
0.034546
0.034196
0.032538
0.033417
0.025599
0.025367
0.024958
0.027836
0.027702
0.028255
0.029841
0.031589
0.032324
0.031928
0.029851
0.029860
0.032346
0.032157
0.031113
0.036923
0.031123
0.030227
0.030802
0.029780
0.032506
0.029830
0.031253
0.040606
0.031907
0.032099
0.034106
0.033222
0.033617
0.039578
0.035945
0.037446
0.037334
0.037240
0.040580
0.036597
0.035774
0.035720
0.039604
0.036286
0.044541
0.037343
0.037452
0.035839
0.036795
0.039851
0.038697
0.035331
0.040417
0.036709
0.037419
0.041156
0.040247
0.044230
0.040034
0.039887
0.040391
0.044825
0.051810
0.043901
0.039798
0.039844
0.044182
0.059550
0.052544
0.040352
0.039829
0.043270
0.040405
0.041212
0.040184
0.039943
0.043628
0.040338
0.040060
0.044034
0.040679
0.039893
0.042352
0.047709
0.049682
0.030307
0.031792
0.033043
0.030473
0.030446
0.033324
0.030814
0.031793
0.048392
0.039430
0.032403
0.035111
0.035759
0.034620
0.034825
0.034390
0.033661
0.035920
0.034530
0.037139
0.045459
0.035650
0.041943
0.036864
0.035149
0.034833
0.041366
0.034906
0.034556
0.041696
0.034760
0.034638
0.038434
0.035007
0.035164
0.037320
0.042098
0.044378
0.042914
0.042895
0.034169
0.034110
0.033835
0.037143
0.036690
0.039723
0.038134
0.039268
0.042449
0.043966
0.038056
0.040456
0.038066
0.043475
0.037868
0.040016
0.038238
0.039159
0.039806
0.041565
0.040237
0.042338
0.040376
0.041238
0.041943
0.044520
0.043633
0.042893
0.044211
0.043008
0.045824
0.048431
0.042219
0.041927
0.042262
0.042520
0.043105
0.041672
0.046213
0.042477
0.042347
0.044134
0.052517
0.042031
0.044216
0.044436
0.042991
0.044024
0.042032
0.044105
0.043363
0.042812
0.044646
0.047380
0.043005
0.042402
0.046809
0.041853
0.042266
0.042525
0.051991
