1
628.1788,498.6638,121.6424,159.6724
624.7325,504.7175,105.5350,143.5650
618.0298,495.5148,115.9403,153.9703
606.9544,497.4394,115.0912,153.1212
610.9039,503.8889,109.1922,147.2222
594.3384,510.3234,98.3232,136.3531
569.0974,513.5824,91.8052,129.8352
603.9379,510.9229,92.1242,130.1542
622.8358,504.3207,111.3285,149.3585
633.7517,499.2367,103.4966,141.5266
624.3790,485.3640,101.2419,139.2719
608.6136,468.0986,116.7728,154.8028
641.1266,306.1117,111.7467,149.7767
657.9812,314.9662,91.0376,129.0676
532.6200,608.5900,86.7600,162.8200
662.1260,321.1110,89.7481,127.7781
618.0540,509.0390,84.8920,122.9220
571.0378,386.0228,175.9243,213.9543
565.5767,392.5617,177.8465,215.8765
567.4413,443.4264,154.1173,192.1473
604.0964,369.5814,168.8073,206.8373
617.3577,355.3427,170.2845,208.3145
610.0038,362.4889,166.9923,205.0223
617.8857,446.8707,143.2286,181.2586
621.7806,444.2656,145.4388,183.4688
617.7828,444.7678,144.4344,182.4644
624.3207,441.8057,148.3586,186.3886
641.0738,452.0588,142.8524,180.8824
637.1448,445.6298,145.7103,183.7403
589.3824,446.3674,157.2352,195.2652
592.8079,435.2929,160.3843,198.4143
585.5020,436.4870,161.9960,200.0260
591.6730,418.1581,167.6539,205.6839
603.7625,401.7475,164.4750,202.5050
610.8078,434.2928,157.3844,195.4144
606.3189,439.8039,155.3621,193.3921
596.9414,441.9264,153.1172,191.1472
590.9209,438.9059,153.1582,191.1882
597.8755,447.3606,146.2489,184.2789
618.7623,469.7473,132.4754,170.5054
606.8130,466.2980,126.3740,164.4040
513.4135,482.3985,147.1731,185.2031
531.4985,484.9835,146.0031,184.0331
511.9001,434.8851,168.1999,206.2299
508.5455,452.0305,159.9090,197.9390
514.2659,466.2509,152.4683,190.4983
493.0270,489.5121,143.9459,181.9759
993.0810,516.0660,114.8380,152.8680
477.5467,482.0317,141.9066,179.9366
957.3100,540.2950,91.3800,129.4100
600.3646,471.8496,98.2708,136.3008
287.9434,554.9283,90.1133,128.1433
288.0574,560.0424,90.8853,128.9153
484.6200,608.5900,86.7600,162.8200
238.6200,608.5900,86.7600,162.8200
636.7306,451.2156,87.5388,125.5688
238.6200,608.5900,86.7600,162.8200
621.7596,459.2446,95.4809,133.5109
619.0841,483.0691,84.8318,122.8618
607.5686,462.5536,108.8628,146.8928
607.3100,459.2950,123.3800,161.4100
599.8134,451.7984,116.3732,154.4032
610.5688,468.5539,106.8623,144.8923
603.9409,470.4258,110.1183,148.1483
595.5742,466.5592,113.8516,151.8816
599.5670,466.0520,105.8660,143.8960
606.7041,460.1891,109.5918,147.6218
613.2684,410.2534,127.4633,165.4933
602.3298,444.3148,122.3404,160.3704
596.9352,449.4202,123.1296,161.1596
601.7171,455.2021,125.5658,163.5958
595.0490,438.5340,128.9019,166.9319
600.9400,443.4250,121.1199,159.1499
606.5633,465.5483,119.8735,157.9035
593.3381,452.3231,123.3237,161.3537
554.7631,447.7481,143.4737,181.5037
561.5886,454.5736,132.8227,170.8527
606.9491,448.4341,133.1018,171.1318
612.8448,447.8298,131.3104,169.3404
606.9396,456.4246,129.1209,167.1509
600.0607,453.0457,131.8786,169.9086
601.5607,455.5457,132.8786,170.9086
609.9116,432.3966,128.1768,166.2068
605.8412,428.3263,135.3175,173.3475
610.7076,450.1926,121.5849,159.6149
603.6025,401.5875,144.7950,182.8250
581.4467,416.4316,136.1068,174.1367
594.5921,420.0771,138.8158,176.8458
611.5293,426.0143,134.9415,172.9715
616.4786,445.9636,124.0429,162.0729
603.1556,427.1407,138.6887,176.7187
608.3127,451.2977,135.3746,173.4046
612.4626,454.9476,139.0748,177.1048
618.6852,443.1702,137.6297,175.6597
625.0863,456.0713,128.8273,166.8573
614.4474,416.9324,135.1051,173.1351
610.7462,430.2312,135.5076,173.5376
620.3815,393.3665,141.2370,179.2670
622.5566,418.0416,135.8867,173.9168
618.7178,401.7029,146.5643,184.5943
623.2053,443.6903,136.5894,174.6194
615.9366,454.4216,132.1268,170.1568
585.4326,448.9175,139.1349,177.1649
539.1682,446.6532,146.6636,184.6936
513.0839,422.5688,150.8323,188.8623
500.8672,442.8522,149.2655,187.2955
602.8458,478.8307,106.3085,144.3385
601.2611,476.7461,89.4777,127.5077
594.9729,443.4579,113.0542,151.0842
592.6901,445.1750,120.6199,158.6499
571.8385,437.8235,122.3230,160.3530
575.0048,463.4898,107.9904,146.0204
556.7895,476.7745,104.4210,142.4510
544.7458,452.2309,117.5083,155.5383
536.0721,493.0571,89.8558,127.8858
500.6200,507.5900,86.7600,162.8200
558.1882,408.1732,125.6235,163.6535
564.6966,419.6816,98.6068,136.6368
565.6161,424.1011,115.7678,153.7979
554.3444,428.3294,132.3112,170.3412
562.3453,487.3303,98.3095,136.3395
565.1934,494.6784,89.6131,127.6431
516.0381,481.5231,108.9239,146.9539
597.9629,476.4479,111.0742,149.1042
597.3243,473.3093,113.3514,151.3814
570.4561,437.9411,133.0879,171.1179
578.1038,439.0887,134.7925,172.8225
585.7296,432.7146,137.5408,175.5708
588.1475,408.6325,139.7050,177.7350
593.2314,450.7165,140.5371,178.5671
574.1552,485.6402,122.6895,160.7195
569.1068,475.5918,132.7864,170.8164
586.8752,460.3603,135.2495,173.2795
600.4352,458.9202,123.1296,161.1596
611.3451,436.3301,116.3098,154.3398
602.8941,439.8791,133.2118,171.2418
604.0449,413.5299,138.9101,176.9401
584.0723,419.5573,139.8554,177.8854
598.9427,436.4277,143.1147,181.1447
591.5713,464.5563,131.8574,169.8874
608.0746,480.5596,124.8509,162.8809
606.0867,468.5717,129.8265,167.8565
605.6387,468.1237,126.7227,164.7527
608.8600,444.8450,118.2799,156.3099
615.7506,438.7356,105.4988,143.5288
605.5520,434.0370,113.8960,151.9259
617.1125,434.0976,102.7749,140.8049
601.0781,441.0631,129.8439,167.8739
600.8109,471.7959,113.3782,151.4082
607.0609,482.0459,111.8782,149.9082
610.6083,464.5933,106.7835,144.8135
614.2040,481.6890,83.5919,121.6219
600.9980,411.4830,115.0040,153.0340
586.8648,391.8498,116.2703,154.3003
581.1853,427.6703,97.6294,135.6594
584.8110,417.7960,105.3780,143.4080
560.5858,440.5708,142.8285,180.8585
551.8811,480.3661,131.2378,169.2678
548.6450,490.6300,108.7099,146.7399
547.9558,471.9408,110.0883,148.1183
515.4548,471.9398,107.0903,145.1203
554.4941,444.9791,88.0118,126.0418
533.0072,218.4922,91.9856,130.0155
536.4648,494.4498,69.0705,107.1005
523.4039,477.8889,99.1922,137.2222
527.5643,477.5493,101.8715,139.9015
533.9065,478.3914,104.1871,142.2171
563.2164,495.7014,99.5672,137.5972
575.7226,487.2076,113.5548,151.5848
510.2699,469.7549,96.4601,134.4901
667.4611,76.9461,87.0778,125.1078
663.6449,64.6299,114.7102,152.7402
664.8656,80.8506,88.2688,126.2988
91.6200,637.5900,86.7600,162.8200
91.6200,637.5900,86.7600,162.8200
668.3984,72.3835,77.2031,115.2331
544.7009,474.1859,99.5983,137.6283
664.8137,52.7987,110.3725,148.4025
679.8524,54.8373,108.2953,146.3253
666.7267,47.2118,121.5465,159.5765
669.5981,72.5832,131.8037,169.8337
683.7319,71.7170,119.5361,157.5661
706.9574,96.9424,97.0852,135.1152
735.5774,58.0624,118.8452,156.8752
769.4143,51.8993,121.1714,159.2014
784.4608,44.9457,141.0785,179.1085
769.8882,47.8732,127.2236,165.2536
758.4817,60.4667,128.0367,166.0667
763.7693,78.2543,89.4614,127.4914
761.8569,53.8419,111.2862,149.3162
775.2231,48.2082,130.5537,168.5837
786.1437,51.6287,130.7127,168.7427
795.7520,51.2370,127.4960,165.5260
789.3844,57.8694,117.2312,155.2612
786.2476,58.7326,117.5049,155.5349
803.6154,59.6004,134.7693,172.7993
808.6468,82.1318,75.7065,113.7365
817.4931,58.4781,121.0138,159.0438
799.0974,63.0824,116.8051,154.8351
827.5694,58.0544,129.8612,167.8912
832.8828,59.3677,129.2345,167.2645
841.8184,61.3034,132.3631,170.3931
838.1797,54.1647,135.6405,173.6705
849.5925,55.5775,131.8150,169.8450
836.0347,57.0197,139.9305,177.9605
845.8738,61.3588,141.2524,179.2824
847.5482,66.0331,132.9037,170.9337
567.8234,395.8083,118.3533,156.3833
863.8934,73.8784,112.2131,150.2431
869.1852,81.6703,104.6295,142.6595
601.5671,446.5521,122.8658,160.8958
610.9963,441.4813,117.0074,155.0374
877.7994,88.2844,114.4011,152.4311
635.0685,422.0535,109.8631,147.8931
625.5839,409.5689,108.8323,146.8623
624.1943,405.1793,125.6114,163.6414
604.5392,366.5243,148.9215,186.9515
586.7657,352.7508,156.4685,194.4985
572.4272,271.9122,105.1457,143.1757
913.0003,129.4853,77.9994,116.0294
887.8524,113.8374,102.2952,140.3252
882.0297,113.0146,96.9407,134.9707
622.9824,465.4674,99.0352,137.0652
560.1184,228.1034,126.7632,164.7932
554.4516,228.9366,127.0968,165.1268
591.2426,224.2276,118.5149,156.5449
544.8640,241.8489,123.2721,161.3021
535.6486,240.6335,128.7029,166.7329
531.6802,243.6652,118.6395,156.6696
622.7754,476.7604,108.4492,146.4792
621.4980,459.9830,115.0040,153.0340
609.4255,456.4106,121.1489,159.1789
610.7922,458.2772,120.4157,158.4457
618.7959,466.2809,105.4082,143.4382
616.3014,469.2864,101.3972,139.4272
620.0453,463.0303,102.9094,140.9394
622.7091,458.6941,103.5817,141.6117
625.2729,454.7579,107.4542,145.4842
632.0613,458.0464,89.8773,127.9073
636.3447,457.3297,88.3105,126.3405
611.8552,390.8401,133.2897,171.3197
625.4409,439.9259,109.1181,147.1481
625.4507,412.9357,124.0986,162.1286
627.5600,415.5450,129.8800,167.9100
618.8129,414.7979,130.3743,168.4043
621.4482,418.9332,139.1036,177.1336
612.6979,422.1829,141.6042,179.6342
604.3592,411.3442,146.2816,184.3116
605.6730,407.6580,151.6540,189.6840
608.1612,415.1462,147.6777,185.7077
613.5089,423.4939,144.9822,183.0122
615.4476,431.9326,144.1049,182.1349
620.1865,442.6715,136.6270,174.6570
620.3589,424.3439,135.2821,173.3121
622.8206,434.8055,138.3589,176.3889
627.2035,433.1885,128.5930,166.6230
630.9822,437.4673,123.0355,161.0655
620.9045,420.8896,131.1909,169.2209
615.1178,415.6028,141.7645,179.7944
626.9987,475.9836,128.0027,166.0327
638.0325,485.5175,113.9349,151.9650
671.0600,287.0450,66.8800,104.9100
646.6887,496.1737,81.6227,119.6526
673.1977,277.6827,103.6046,141.6346
595.3525,370.3375,143.2950,181.3250
628.1048,506.0898,90.7904,128.8204
665.2847,257.2697,90.4305,128.4605
624.2520,503.2370,99.4959,137.5260
629.5070,491.4920,112.9860,151.0160
640.5663,508.0513,92.8674,130.8974
279.6200,623.5900,86.7600,162.8200
279.6200,623.5900,86.7600,162.8200
596.6200,278.5900,86.7600,162.8200
596.6200,278.5900,86.7600,162.8200
524.6200,506.5900,86.7600,162.8200
699.6642,256.1492,90.6716,128.7016
704.6125,255.5975,83.7749,121.8049
705.6991,245.1841,97.6018,135.6318
705.6323,263.6173,78.7353,116.7653
765.5170,273.5020,57.9660,95.9959
540.6200,608.5900,86.7600,162.8200
596.6200,278.5900,86.7600,162.8200
596.6200,278.5900,86.7600,162.8200
596.6200,278.5900,86.7600,162.8200
595.9885,500.4735,95.0230,133.0530
880.0679,236.0529,74.8641,112.8941
619.1650,494.6500,92.6700,130.7000
156.6200,870.5900,86.7600,162.8200
616.6893,488.1743,105.6215,143.6515
623.7040,481.6890,116.5920,154.6220
623.5976,458.5826,124.8048,162.8348
625.3508,465.3358,118.2983,156.3283
635.4959,472.9809,101.0081,139.0381
625.2794,396.7644,145.4413,183.4713
698.6713,314.6563,101.6574,139.6873
694.7230,323.7080,127.5539,165.5839
702.7769,311.7619,126.4462,164.4762
726.1172,304.1022,131.7655,169.7955
803.3756,273.3606,165.2488,203.2788
660.6372,390.1222,160.7256,198.7556
754.8040,316.7889,239.3921,277.4221
773.6880,293.6730,172.6240,210.6540
989.7299,263.2149,110.5403,148.5703
629.7368,501.7218,107.5263,145.5563
943.9335,242.4185,117.1330,155.1630
939.8915,236.3765,129.2171,167.2471
1001.1318,246.1167,114.7365,152.7665
905.5264,239.0114,141.9472,179.9772
635.2650,498.7500,118.4699,156.4999
882.6368,238.1218,141.7263,179.7563
889.6393,232.1243,138.7215,176.7515
890.8726,239.3575,137.2549,175.2849
844.8022,231.7872,163.3956,201.4256
622.2306,495.2156,87.5388,125.5688
630.6617,387.6468,163.6765,201.7065
648.2216,360.7066,197.5568,235.5869
619.0703,438.0553,140.8595,178.8895
620.8412,471.3263,131.3175,169.3475
604.8066,483.7917,118.3867,156.4167
568.1436,473.1286,133.7127,171.7427
563.6898,482.6748,137.6204,175.6504
553.6686,484.1536,133.6629,171.6929
626.7669,475.7519,130.4662,168.4962
619.1228,405.6078,151.7543,189.7843
589.0041,407.9891,152.9918,191.0218
601.4188,467.4038,135.1624,173.1924
568.1295,462.6145,137.7410,175.7710
552.4639,405.9489,165.0722,203.1022
578.8373,388.8224,155.3253,193.3553
574.4362,397.9212,158.1275,196.1575
599.4858,397.4708,158.0284,196.0584
593.0642,369.0492,177.8716,215.9016
560.4838,391.9688,159.0325,197.0625
541.2332,391.7181,160.5338,198.5638
534.9917,456.4767,134.0166,172.0466
522.6017,401.5867,164.7966,202.8266
569.8635,391.8484,160.2731,198.3031
575.0783,399.0633,155.8433,193.8733
573.5171,434.0021,143.9658,181.9958
601.7537,363.2387,185.4926,223.5226
576.6851,393.1701,166.6297,204.6597
568.7812,419.2662,160.4377,198.4677
631.7656,435.2505,147.4689,185.4989
609.1432,444.6282,138.7136,176.7436
611.9380,447.4231,130.1239,168.1539
605.5958,431.0808,149.8084,187.8384
567.0911,437.5761,153.8178,191.8478
552.2169,442.7019,153.5662,191.5962
538.6642,442.6492,156.6717,194.7017
568.7897,437.7747,154.4205,192.4505
564.6548,442.1398,154.6904,192.7204
569.7237,451.2087,153.5526,191.5826
563.5720,450.5570,152.8560,190.8860
567.3009,449.2859,153.3982,191.4282
558.4978,459.4828,151.0043,189.0343
572.8126,461.2976,140.3748,178.4048
601.8836,464.3686,145.2328,183.2628
620.7326,467.2176,135.5348,173.5648
621.6655,474.6505,135.6689,173.6989
630.6373,479.1223,134.7255,172.7555
624.3060,474.7910,136.3881,174.4181
616.9225,480.9075,132.1550,170.1850
634.1893,477.6743,134.6214,172.6514
635.3167,470.8016,137.3667,175.3967
614.4124,466.8974,142.1752,180.2052
610.6732,469.1582,137.6535,175.6835
619.1655,468.6505,138.6690,176.6990
606.1876,462.6726,144.6248,182.6548
611.7098,465.1949,139.5803,177.6103
635.2975,463.2825,143.4050,181.4350
628.7769,463.7619,143.4462,181.4762
635.3688,461.8539,145.2623,183.2923
640.3479,465.8329,142.3042,180.3342
633.2392,468.7242,140.5217,178.5517
626.1104,471.0954,143.7792,181.8092
624.8619,473.3469,137.2762,175.3062
587.9458,470.9308,143.1084,181.1384
610.6898,471.6748,137.6204,175.6504
591.7493,461.2343,150.5014,188.5314
577.7688,465.2538,140.4624,178.4924
581.6255,462.1105,139.7491,177.7791
550.9793,462.9643,141.0414,179.0714
557.2288,468.2137,136.5425,174.5725
564.4425,466.4275,145.1149,183.1449
588.3952,475.3802,137.2096,175.2396
601.3600,471.8450,138.2800,176.3100
590.4072,470.8922,146.1856,184.2156
582.3063,467.7913,144.3874,182.4174
552.5917,465.0767,143.8165,181.8465
530.2102,466.1952,140.5795,178.6095
532.8262,464.3112,143.3475,181.3775
536.4882,462.4732,147.0236,185.0536
537.7348,461.7198,146.5304,184.5604
537.0428,458.5278,148.9144,186.9444
528.9351,458.4201,148.1297,186.1597
533.0240,459.5090,145.9519,183.9819
540.5453,462.5303,140.9095,178.9395
545.5120,465.4969,140.9761,179.0061
553.3569,469.3419,139.2862,177.3162
545.3350,469.8200,138.3300,176.3600
546.0760,467.0610,136.8479,174.8779
568.8217,465.3066,129.3567,167.3867
575.6760,480.1609,124.6481,162.6781
601.6192,476.1042,126.7617,164.7917
575.7751,470.7601,136.4499,174.4799
559.9897,468.9747,143.0206,181.0506
594.9645,464.4495,137.0710,175.1010
583.4055,464.3905,138.1890,176.2190
590.1602,464.6452,138.6795,176.7095
593.6163,462.6013,147.7675,185.7975
594.9531,459.9380,148.0939,186.1239
593.7086,462.6935,147.5829,185.6129
598.2079,460.6929,147.5841,185.6141
597.5961,461.0811,148.8077,186.8377
596.9053,462.3903,148.1893,186.2193
602.9629,462.4479,147.0743,185.1043
597.6982,461.1832,148.6036,186.6336
591.8719,465.3569,144.2562,182.2862
590.8024,466.7874,142.3952,180.4252
585.9656,464.4506,142.0689,180.0989
589.5109,461.9959,143.9782,182.0082
590.1503,468.1353,143.6995,181.7295
573.5393,479.0243,130.9214,168.9514
565.3526,467.8376,137.2949,175.3249
571.4464,467.4314,138.1072,176.1372
574.1727,464.1577,138.6546,176.6846
581.5486,454.0336,136.9027,174.9327
580.0437,455.0287,142.9127,180.9427
606.6236,451.6086,134.7529,172.7829
572.6138,458.0988,132.7724,170.8024
579.2064,450.1914,137.5872,175.6172
572.8049,459.7899,129.3902,167.4202
566.1852,471.6702,120.6296,158.6596
538.6013,468.0862,138.7975,176.8275
534.4792,466.9642,137.0416,175.0716
539.7415,466.7264,135.5171,173.5471
541.6104,466.0954,133.7791,171.8091
541.2415,472.7265,125.5171,163.5471
547.1917,466.1766,130.6167,168.6467
557.8394,462.8244,128.3212,166.3512
549.3100,470.7950,133.3800,171.4100
569.3835,468.3686,134.2329,172.2629
563.8311,480.3161,132.3379,170.3679
591.9160,490.4010,95.1680,133.1980
594.0537,469.0387,122.8926,160.9226
602.0701,465.5551,123.8598,161.8898
601.8904,461.3754,127.2191,165.2491
629.0687,472.0537,107.8626,145.8926
613.0630,462.0480,126.8740,164.9040
592.1039,465.0889,128.7922,166.8222
606.3726,461.8575,131.2549,169.2849
601.6704,458.6554,136.6591,174.6891
589.6039,468.0889,138.7923,176.8223
583.0065,472.4915,137.9871,176.0171
585.6328,471.6178,137.7344,175.7644
592.9645,470.4495,137.0710,175.1010
607.3517,462.8367,133.2966,171.3266
598.8746,461.8596,136.2509,174.2809
595.3013,448.7863,143.3975,181.4275
592.4817,456.4667,144.0366,182.0666
596.1478,459.6328,143.7045,181.7345
599.1266,460.1117,141.7467,179.7767
616.0104,460.4954,137.9792,176.0092
607.2267,462.7117,136.5465,174.5765
589.5966,466.0816,133.8068,171.8368
583.8669,459.8519,143.2662,181.2962
578.6918,474.6768,109.6163,147.6463
555.6586,454.1436,132.6829,170.7129
565.7600,463.7450,118.4799,156.5099
553.4221,457.9071,129.1559,167.1859
550.3636,461.3486,127.2728,165.3028
537.4872,464.4722,125.0256,163.0556
564.0789,446.0639,125.8421,163.8721
531.6614,463.6465,135.6771,173.7071
522.0139,465.9989,140.9723,179.0023
516.4778,465.4628,143.0444,181.0744
519.2684,466.7534,142.4633,180.4933
524.2208,466.7058,141.5584,179.5884
525.6479,461.6329,140.7042,178.7342
547.8183,455.8033,141.3634,179.3934
551.9597,450.4447,150.0805,188.1105
563.5843,451.5693,148.8314,186.8614
547.4450,452.4300,145.1100,183.1400
530.3100,459.2950,143.3800,181.4100
529.8860,457.3710,145.2279,183.2579
543.7419,458.7269,142.5163,180.5463
548.2997,459.2847,146.4006,184.4306
543.4130,460.8980,145.1739,183.2039
558.4147,461.8997,147.1707,185.2007
552.1755,466.6605,146.6491,184.6791
535.1395,471.1245,140.7209,178.7509
539.5340,467.0190,141.9320,179.9620
538.6889,466.1739,143.6222,181.6522
540.0021,464.9871,145.9958,184.0258
553.4425,460.4275,145.1149,183.1449
556.8636,464.3486,141.2728,179.3028
572.6328,467.6178,137.7344,175.7644
574.2048,467.6898,138.5903,176.6203
569.3898,465.3748,137.2203,175.2503
567.1893,468.6743,134.6214,172.6514
558.3358,463.8208,140.3284,178.3584
559.2913,465.2763,140.4174,178.4474
562.1163,463.6013,137.7675,175.7975
570.3024,465.2874,134.3951,172.4251
542.6975,464.6825,134.6050,172.6350
538.8540,475.3390,134.2920,172.3221
538.3100,485.2950,123.3800,161.4100
546.5728,483.5577,121.8545,159.8845
563.9279,476.9128,137.1443,175.1743
580.8387,467.3237,139.3227,177.3527
580.0701,462.0551,142.8599,180.8899
557.2817,464.2667,149.4366,187.4666
541.8658,463.8508,145.2684,183.2984
557.2299,459.7149,149.5403,187.5703
548.5104,457.4954,152.9793,191.0093
559.1158,453.1008,150.7683,188.7983
565.4053,452.3903,150.1894,188.2194
565.9727,445.4577,153.0545,191.0845
572.2703,440.7553,150.4594,188.4894
557.6357,437.1207,154.7285,192.7585
564.4540,458.4391,149.0919,187.1219
568.1133,447.5983,154.7735,192.8035
567.8796,448.3646,158.2408,196.2708
577.3346,433.3196,165.3308,203.3608
560.4754,444.4604,155.0491,193.0791
584.8159,431.8008,161.3683,199.3983
575.9437,448.9287,153.1126,191.1426
578.6269,463.1119,150.7462,188.7762
577.4703,468.4553,143.0595,181.0895
575.5295,463.5145,145.9410,183.9710
584.1357,460.1208,149.7285,187.7585
593.9597,459.4447,150.0805,188.1105
593.0247,456.0097,147.9505,185.9805
598.8166,453.8016,147.3668,185.3968
585.7495,451.7344,142.5011,180.5311
610.0634,462.5484,135.8732,173.9032
604.3921,455.8771,139.2158,177.2458
597.3406,454.8256,137.3188,175.3488
576.4338,461.9188,135.1324,173.1624
588.0334,457.5185,139.9331,177.9631
602.4926,457.9775,137.0149,175.0449
600.0200,454.0050,141.9599,179.9899
615.6790,448.1640,145.6419,183.6719
620.2699,438.2549,149.4602,187.4902
584.5477,446.0327,149.9046,187.9346
580.1115,429.5965,153.7770,191.8070
571.3517,443.8367,148.2966,186.3266
582.1036,440.5886,153.7929,191.8229
577.4933,440.4783,154.0134,192.0434
595.5109,448.9958,148.9783,187.0083
610.8585,453.3435,141.2830,179.3130
606.8988,455.3838,143.2023,181.2323
625.2565,459.7415,141.4871,179.5171
624.1858,454.1708,140.6284,178.6584
627.4706,451.9556,142.0588,180.0888
631.1352,456.1202,144.7296,182.7596
636.4160,456.4009,144.1681,182.1982
628.8483,458.3333,141.3034,179.3334
622.9048,452.8898,138.1903,176.2203
595.1505,458.6355,140.6991,178.7291
587.1677,469.6527,136.6645,174.6945
558.4496,449.9346,147.1008,185.1308
600.2123,454.1973,135.5754,173.6054
600.7933,453.2784,133.4133,171.4433
602.8550,453.8400,132.2901,170.3201
591.8489,433.8339,146.3023,184.3323
578.5872,444.5722,146.8256,184.8556
585.9454,434.9304,147.1092,185.1392
579.0403,445.0253,144.9194,182.9494
584.9426,455.4276,144.1148,182.1448
604.1445,463.6295,135.7109,173.7409
611.3589,459.3439,135.2821,173.3121
612.4615,455.4464,136.0771,174.1071
609.5410,462.0259,131.9181,169.9481
601.8457,465.8307,134.3085,172.3385
606.1381,467.1231,133.7238,171.7538
616.6318,469.6168,134.7365,172.7664
623.1151,463.6001,139.7698,177.7998
619.0126,465.4976,136.9749,175.0049
601.0489,463.5339,138.9023,176.9323
612.7715,467.7566,134.4569,172.4869
598.7178,456.2029,146.5643,184.5943
601.2687,451.7538,146.4625,184.4925
598.2178,450.2028,148.5644,186.5944
611.2139,446.1989,147.5721,185.6021
590.8188,445.8038,149.3623,187.3923
595.7493,452.7343,147.5013,185.5313
596.0753,448.5602,145.8495,183.8795
609.5549,459.5399,141.8902,179.9202
623.5226,464.0076,141.9548,179.9848
603.7476,459.2325,149.5049,187.5349
601.4166,459.4016,148.1667,186.1967
612.2079,459.6929,147.5841,185.6141
602.2393,457.2243,149.5214,187.5514
595.7313,463.7163,147.5373,185.5673
603.0354,461.0204,144.9292,182.9592
616.6788,463.1638,142.6423,180.6723
607.9571,464.9421,143.0858,181.1158
602.3151,468.8000,142.3699,180.3999
621.9561,470.4411,139.0879,177.1179
621.2600,466.7450,143.4799,181.5099
622.4481,470.9331,140.1038,178.1338
621.0334,470.5185,139.9331,177.9631
623.0005,471.4855,138.9990,177.0290
614.4058,473.3908,137.1883,175.2183
609.7915,469.7765,141.4170,179.4470
615.0213,466.5063,141.9574,179.9874
616.1151,470.6001,139.7698,177.7998
620.3493,469.3343,140.3014,178.3314
623.3616,469.8466,140.2769,178.3069
621.4850,470.9701,141.0299,179.0599
621.5976,470.5826,139.8048,177.8348
624.8979,471.8830,139.2041,177.2341
626.5374,470.0223,139.9253,177.9553
630.9603,469.9453,138.0795,176.1095
627.1058,472.0908,138.7883,176.8183
627.4885,472.4735,137.0229,175.0529
623.3001,475.2851,138.3997,176.4297
617.8774,482.3625,132.2451,170.2751
617.5350,484.5200,130.9300,168.9600
622.5519,485.5370,128.8961,166.9261
624.5170,481.0020,131.9661,169.9961
633.1663,483.1513,132.6674,170.6975
633.6370,477.6220,127.7260,165.7560
637.3350,478.3200,123.3300,161.3600
638.2859,484.7709,126.4282,164.4582
647.5201,472.0051,138.9598,176.9898
643.3611,466.3462,142.2777,180.3077
643.6731,480.1581,136.6538,174.6838
639.9101,468.3951,143.1798,181.2098
642.1470,473.1320,136.7060,174.7360
632.3981,481.8831,124.2039,162.2339
633.4937,469.4787,133.0126,171.0426
631.7203,483.7053,123.5595,161.5895
618.2155,487.2005,117.5689,155.5990
625.9457,477.9307,121.1087,159.1387
624.3934,489.3784,115.2131,153.2431
625.6998,479.6848,120.6005,158.6305
622.1448,484.1298,117.7103,155.7403
618.4246,488.9096,114.1508,152.1808
621.0255,490.0104,113.9491,151.9791
618.3100,496.7950,106.3800,144.4100
630.2547,487.7397,113.4906,151.5206
632.3417,495.3268,108.3165,146.3465
742.3202,483.3052,141.3596,179.3896
639.8412,491.8263,109.3175,147.3475
635.4354,507.9204,81.1292,119.1592
635.7806,497.2656,94.4388,132.4688
654.4892,478.9742,122.0216,160.0516
641.5729,489.0579,115.8541,153.8841
641.6473,489.6324,112.7053,150.7353
628.0981,489.0831,118.8038,156.8338
625.1508,499.6358,108.6984,146.7285
173.2568,336.2418,124.4864,162.5164
181.9398,348.4248,124.1203,162.1503
208.7668,314.2518,150.4664,188.4964
206.2101,294.1951,153.5798,191.6098
209.2543,272.7393,153.4913,191.5213
241.6017,259.0867,158.7966,196.8266
246.2475,268.2325,154.5049,192.5349
287.2619,262.2469,147.4761,185.5061
556.1078,428.0928,142.7845,180.8145
503.6633,388.1483,169.6733,207.7033
438.1187,326.6037,216.7625,254.7925
400.5761,262.0612,147.8477,185.8777
536.9429,433.9279,156.1142,194.1442
610.6124,441.0974,144.7753,182.8053
424.8533,253.8383,131.2933,169.3233
423.2118,257.6968,132.5764,170.6064
450.8046,237.2896,135.3909,173.4209
470.4464,233.9314,132.1071,170.1371
513.9538,469.9388,144.0925,182.1225
492.4246,226.4096,132.1508,170.1808
496.0677,243.0527,124.8647,162.8947
506.8369,246.8219,115.3262,153.3562
584.9034,472.3885,122.1931,160.2231
634.1266,458.1117,141.7467,179.7767
587.1962,466.1812,128.6076,166.6376
597.5063,452.9913,132.9875,171.0175
624.3815,415.3665,155.2370,193.2670
556.9943,352.4793,168.0115,206.0415
579.0817,456.5667,126.8366,164.8666
613.2253,450.7104,133.5493,171.5793
626.7098,458.1948,129.5804,167.6104
626.8283,375.8133,166.3434,204.3734
622.1042,408.0892,157.7915,195.8215
604.4351,338.4201,171.1298,209.1598
643.1138,331.0988,183.7723,221.8023
680.9141,348.3991,198.1718,236.2018
627.0856,351.5706,167.8288,205.8588
636.6422,357.6272,162.7157,200.7457
634.2029,351.6880,162.5941,200.6241
620.6761,377.1611,153.6479,191.6779
619.7101,333.6951,168.5798,206.6098
630.1547,333.1397,164.6906,202.7206
648.6631,353.6481,162.6738,200.7038
645.5920,391.0770,150.8160,188.8460
643.9238,361.9088,164.1525,202.1825
639.6575,378.6425,156.6849,194.7149
630.7640,352.7490,168.4720,206.5020
621.6867,355.6717,161.6266,199.6566
618.0291,354.0141,164.9417,202.9717
628.8275,347.8124,172.3451,210.3751
638.6492,354.1342,168.7016,206.7316
649.0317,363.0167,166.9367,204.9667
637.2153,353.7003,171.5693,209.5993
636.8927,356.8777,164.2146,202.2446
641.7088,368.6938,167.5825,205.6125
645.5785,395.0635,161.8431,199.8731
624.4191,375.9041,168.1618,206.1918
630.0648,393.0497,161.8705,199.9005
628.7829,384.2679,163.4342,201.4642
630.5605,382.5455,162.8790,200.9090
631.9558,402.9408,158.0883,196.1183
620.8035,409.7885,149.3930,187.4230
623.3797,410.3647,148.2406,186.2706
637.5825,457.5675,134.8349,172.8649
647.1890,426.6740,142.6221,180.6521
649.9874,439.9724,145.0252,183.0552
653.3171,446.3021,140.3658,178.3958
636.8176,423.3026,142.3649,180.3949
646.3178,452.3028,139.3644,177.3944
644.8256,457.3106,131.3487,169.3787
647.9797,453.9647,136.0407,174.0707
645.6375,452.1224,137.7251,175.7551
646.9567,447.9417,139.0866,177.1166
648.9910,444.9760,143.0181,181.0481
640.7037,439.1887,144.5927,182.6227
644.8106,430.7956,145.3788,183.4088
660.0920,443.0771,140.8159,178.8459
656.0684,446.5533,140.8633,178.8933
648.4735,443.4585,141.0529,179.0829
640.7271,417.2121,150.5458,188.5758
651.5048,442.9898,141.9903,180.0203
650.3164,447.8014,141.3672,179.3972
651.7631,434.7481,143.4737,181.5037
661.0347,449.0197,139.9305,177.9605
656.6351,450.6201,140.7299,178.7599
651.3060,459.7910,136.3881,174.4181
650.9933,453.4783,140.0133,178.0433
644.6586,471.1436,132.6829,170.7129
647.7292,466.7142,135.5415,173.5715
649.2003,463.1853,138.5995,176.6295
654.3995,474.3845,136.2011,174.2311
643.9267,473.4117,132.1465,170.1765
650.8478,477.3328,139.3044,177.3344
647.3925,477.8775,134.2150,172.2450
648.4927,472.9778,141.0145,179.0445
653.1163,482.1013,138.7674,176.7974
651.9477,476.4327,143.1046,181.1346
660.0809,486.0659,141.8381,179.8681
655.8547,482.3397,141.2907,179.3207
654.1163,481.1013,138.7674,176.7974
660.3984,480.8835,142.2031,180.2331
671.4903,487.4753,143.0193,181.0493
661.4238,490.9088,142.1525,180.1825
652.9958,489.9809,136.0083,174.0383
649.8046,489.2896,135.3909,173.4209
644.3752,487.3602,138.2496,176.2796
654.5295,483.0146,139.9409,177.9709
654.5882,494.0732,129.8236,167.8536
638.5062,502.9912,118.9875,157.0175
635.5362,478.5212,137.9276,175.9576
635.7118,491.6968,125.5764,163.6064
630.1941,469.6791,127.6118,165.6418
611.5363,462.0212,124.9275,162.9575
601.9742,475.4592,117.0516,155.0816
618.0607,474.0457,127.8785,165.9085
641.6303,465.6153,135.7393,173.7693
639.0760,463.0610,136.8479,174.8779
638.9794,459.4644,145.0412,183.0712
629.9333,455.9183,145.1334,183.1634
624.7698,460.7549,141.4603,179.4903
627.9224,461.4074,141.1553,179.1853
632.1070,465.5920,137.7860,175.8160
633.8226,465.8076,137.3547,175.3847
640.7397,468.2247,139.5205,177.5505
642.0773,460.0623,144.8455,182.8755
630.5786,464.0636,140.8428,178.8728
634.0312,456.5162,140.9377,178.9677
636.2212,459.2062,133.5576,171.5876
638.8913,460.8763,133.2173,171.2474
611.8542,461.3392,125.2915,163.3215
655.8517,476.3367,133.2966,171.3266
652.7817,467.2667,140.4367,178.4667
651.0184,469.0034,125.9633,163.9933
439.5834,284.0684,104.8332,142.8632
651.8400,484.8250,118.3200,156.3500
652.3438,481.8288,128.3123,166.3423
652.5096,484.9946,123.9809,162.0109
637.1316,479.6166,122.7368,160.7668
661.5600,473.5450,137.8800,175.9100
670.2406,484.2256,133.5188,171.5488
637.5978,485.0828,117.8045,155.8345
666.6690,481.6540,112.6620,150.6920
663.2624,479.2474,127.4752,165.5052
652.4275,466.4125,141.1450,179.1750
635.5375,478.0225,123.9250,161.9550
629.8100,485.2950,121.3800,159.4100
626.7476,486.2325,115.5049,153.5349
625.7197,484.2047,119.5607,157.5907
631.5837,488.0687,119.8326,157.8626
623.6137,487.5987,117.7725,155.8025
627.0915,485.0765,114.8170,152.8470
629.7226,488.2076,113.5548,151.5848
630.8100,477.7950,114.3800,152.4100
630.1870,474.6720,113.6260,151.6560
631.9885,493.4735,109.0230,147.0530
638.3348,494.3198,106.3304,144.3604
641.4509,493.9359,115.0982,153.1282
639.8799,486.3649,120.2403,158.2703
639.8964,494.3814,114.2073,152.2373
641.5433,495.0283,106.9135,144.9435
635.7261,493.2111,107.5478,145.5777
632.9840,483.4690,115.0319,153.0619
641.8111,487.7961,101.3778,139.4079
638.8197,480.8047,101.3606,139.3906
647.5839,485.0689,108.8323,146.8623
636.5339,489.0189,112.9321,150.9621
635.8648,488.8498,116.2703,154.3003
635.5282,483.5132,125.9436,163.9736
650.9353,474.4203,98.1294,136.1594
634.1160,472.1010,114.7680,152.7980
632.7690,475.2540,110.4620,148.4920
632.7318,471.2167,118.5365,156.5665
631.7822,495.7672,106.4355,144.4655
653.6961,501.1811,78.6078,116.6378
656.8445,494.8295,72.3110,110.3410
634.0567,492.5417,99.8866,137.9166
449.6142,289.5992,61.7716,99.8016
648.1082,507.0931,75.7837,113.8137
654.4907,503.4756,93.0187,131.0487
653.0964,520.0814,70.8072,108.8372
646.5847,514.5697,83.8306,121.8606
644.8472,505.8322,85.3055,123.3355
631.8438,512.8288,80.3124,118.3424
613.4083,485.3933,120.1833,158.2133
617.4102,488.3951,113.1797,151.2097
624.4466,496.4316,104.1068,142.1368
626.1282,505.6132,93.7437,131.7737
646.9851,514.9701,96.0298,134.0598
653.9681,514.9531,91.0639,129.0939
654.6173,506.1023,96.7654,134.7954
652.7320,505.7170,95.5360,133.5660
644.0921,515.5771,99.8158,137.8458
643.1852,504.1703,103.6295,141.6595
662.8857,524.8707,86.2286,124.2586
664.0755,507.5605,103.8490,141.8790
671.7450,521.2300,91.5100,129.5400
657.1282,520.6132,93.7437,131.7737
549.6200,608.5900,86.7600,162.8200
549.6200,608.5900,86.7600,162.8200
668.9668,513.9518,89.0664,127.0964
673.5080,490.4930,117.9840,156.0140
673.7723,492.7574,116.4553,154.4853
657.5178,471.5028,124.9643,162.9943
633.6920,491.1769,99.6161,137.6461
661.5695,523.5544,69.8611,107.8911
657.9473,514.4323,75.1054,113.1354
636.9509,494.4359,107.0981,145.1281
631.1886,488.6736,82.6228,120.6528
656.0435,516.0285,69.9130,107.9430
642.5609,498.0459,112.8782,150.9082
652.4577,495.9427,99.0846,137.1146
641.0693,481.0543,103.8614,141.8914
658.5591,491.0441,109.8819,147.9119
647.6600,501.1450,117.6801,155.7101
660.0743,501.0593,117.8515,155.8815
658.0411,495.5261,125.9179,163.9479
643.6229,492.1079,121.7541,159.7841
639.9039,504.8889,109.1922,147.2222
652.9479,514.4329,93.1042,131.1342
637.2740,497.7591,116.4519,154.4819
647.5321,491.5171,112.9357,150.9657
657.8038,500.2888,103.3925,141.4225
624.2832,489.2682,120.4336,158.4635
630.8328,485.8178,117.3344,155.3644
650.9685,505.4535,96.0630,134.0930
655.2355,503.7205,105.5290,143.5590
636.4558,478.9408,122.0883,160.1183
624.4060,497.3910,103.1880,141.2180
610.3286,504.8135,97.3429,135.3730
634.5350,492.0200,110.9300,148.9600
640.2117,488.1967,102.5767,140.6067
635.6011,476.0861,111.7978,149.8278
635.9654,460.9504,122.0693,160.0993
624.4590,460.9440,122.0820,160.1120
621.6987,424.6837,144.6025,182.6325
620.5339,482.0189,112.9321,150.9621
626.7226,483.2076,113.5548,151.5848
644.6920,476.1769,99.6161,137.6461
630.9395,448.4244,131.1211,169.1511
624.8220,463.3070,126.3559,164.3859
627.0007,476.4857,111.9985,150.0285
619.6618,464.6468,131.6764,169.7064
602.6686,470.1536,133.6629,171.6929
615.7544,471.7394,125.4912,163.5212
606.2667,480.2516,128.4667,166.4967
611.5452,476.0302,131.9097,169.9397
623.2267,476.7118,124.5465,162.5765
618.7528,466.2378,126.4944,164.5244
626.0209,477.5059,108.9582,146.9882
633.9432,476.4282,91.1136,129.1436
624.5271,480.5121,107.9459,145.9759
560.0045,474.9895,110.9910,149.0210
567.7357,485.7206,90.5287,128.5587
499.6200,507.5900,86.7600,162.8200
574.0062,504.9912,68.9876,107.0176
606.0651,460.0500,92.8699,130.8999
637.4797,364.9647,122.0407,160.0707
598.9545,386.4395,140.0909,178.1209
604.6891,376.1741,137.6217,175.6517
629.2119,390.1969,148.5762,186.6062
611.2988,393.2838,155.4023,193.4323
593.2896,399.7745,159.4209,197.4509
600.7072,398.6921,162.5857,200.6157
600.4813,396.9663,165.0373,203.0673
622.2053,385.6902,167.5895,205.6195
598.6985,400.6835,169.6030,207.6330
603.9185,399.9035,156.1630,194.1930
603.3354,391.8204,156.3291,194.3591
580.3290,390.3141,161.3419,199.3719
586.5264,384.0114,167.9473,205.9772
576.9235,388.9085,167.1530,205.1830
597.5983,377.0833,165.8035,203.8335
587.9038,381.3888,163.1924,201.2224
599.8515,382.8365,165.2970,203.3270
610.7962,379.2812,161.4075,199.4375
600.3867,386.8717,149.2266,187.2566
567.0113,503.9963,113.9774,152.0074
566.1383,493.1233,124.7234,162.7534
578.2546,499.2396,114.4908,152.5208
568.6512,495.6362,120.6975,158.7275
589.1185,509.6035,97.7629,135.7929
571.5795,501.0645,110.8411,148.8711
580.1955,525.6805,80.6090,118.6390
619.6910,503.1760,87.6180,125.6480
621.8135,518.7985,61.3731,99.4031
633.6009,520.5859,67.7982,105.8282
623.0486,493.5336,103.9027,141.9327
636.0670,512.0521,78.8659,116.8959
618.1031,511.0881,73.7938,111.8238
598.6384,488.6234,104.7233,142.7533
610.8245,454.8095,112.3510,150.3810
618.3192,464.3042,104.3616,142.3916
508.6200,580.5900,86.7600,162.8200
491.6200,608.5900,86.7600,162.8200
596.6200,278.5900,86.7600,162.8200
394.6200,623.5900,86.7600,162.8200
668.2643,393.7494,147.4713,185.5013
653.1075,405.0926,149.7849,187.8149
644.9597,404.4447,150.0805,188.1105
620.1808,411.1658,144.6383,182.6683
630.0964,459.5814,113.8073,151.8373
616.7296,427.7146,130.5408,168.5708
617.2743,472.7593,120.4514,158.4814
628.2520,468.7370,127.4960,165.5260
618.0566,466.5416,135.8867,173.9168
624.0293,463.5143,134.9415,172.9715
615.2568,458.2419,137.4863,175.5163
613.0295,458.0146,139.9409,177.9709
629.1006,435.5856,158.7988,196.8288
621.6720,484.6570,128.6560,166.6860
627.0070,501.4919,119.9861,158.0161
632.2476,484.7325,111.5049,149.5349
625.3702,471.8552,122.2597,160.2897
605.9391,449.9241,138.1217,176.1517
600.5724,450.0574,138.8551,176.8851
616.1362,463.6212,127.7275,165.7575
605.1019,476.0869,120.7961,158.8261
593.5779,460.0629,130.8443,168.8743
576.0268,457.0118,131.9464,169.9764
587.8934,453.3784,130.2132,168.2432
653.9352,416.4202,145.1297,183.1597
627.1968,422.6818,150.6064,188.6364
616.5779,451.5629,130.8443,168.8743
629.3375,461.3224,125.3251,163.3551
623.1941,465.1791,134.6118,172.6418
606.6852,438.1702,136.6297,174.6597
591.4856,472.4706,114.0288,152.0588
607.6931,462.6781,122.6138,160.6438
627.4232,423.4081,142.1537,180.1837
606.5016,426.9866,142.9968,181.0268
619.9507,469.4357,124.0986,162.1286
624.2476,462.7325,133.5049,171.5349
595.4843,450.9692,135.0315,173.0615
618.4105,410.3955,165.1790,203.2090
638.6965,402.1815,153.6070,191.6370
621.0156,400.5006,165.9688,203.9987
667.0734,396.0584,159.8532,197.8832
635.9136,429.8987,145.1727,183.2027
631.1564,445.1414,136.6873,174.7173
618.9609,433.4460,145.0781,183.1081
598.3679,424.3529,151.2642,189.2942
586.8041,460.7891,128.3918,166.4218
568.2038,440.6888,150.5924,188.6224
547.8503,452.8353,147.2994,185.3294
589.6210,435.6060,145.7580,183.7880
587.2888,430.2738,152.4224,190.4524
589.0588,457.0438,144.8825,182.9125
593.9984,421.4834,152.0032,190.0332
576.4441,415.4291,148.1118,186.1418
576.2944,414.7794,147.4112,185.4412
566.2888,422.2738,152.4224,190.4524
553.8256,419.8106,159.3487,197.3787
613.2073,429.1924,133.5853,171.6153
599.4071,447.3921,130.1858,168.2158
616.7737,459.2587,136.4525,174.4826
609.7018,456.6869,129.5963,167.6263
606.3461,427.3311,128.3079,166.3379
598.0911,416.0761,141.8178,179.8478
592.0560,408.5410,151.8881,189.9181
585.9364,420.4214,144.1272,182.1572
564.9432,439.4282,137.1137,175.1437
570.8620,461.3470,132.2760,170.3060
586.3860,497.3711,108.2279,146.2579
606.5243,509.5093,95.9514,133.9814
632.6425,492.6274,104.7151,142.7451
686.4787,419.4637,88.0426,126.0726
549.6200,521.5900,86.7600,162.8200
549.6200,507.5900,86.7600,162.8200
605.3412,517.8263,83.3175,121.3475
627.8358,496.3207,111.3285,149.3585
628.7021,482.6871,124.5958,162.6258
630.9739,453.9589,145.0523,183.0823
623.3907,480.8757,136.2186,174.2486
623.5104,476.4954,142.9792,181.0092
618.1021,478.0871,139.7958,177.8258
625.2776,460.7626,147.4449,185.4749
629.4865,464.4715,142.0271,180.0571
630.2102,464.1952,140.5795,178.6095
635.6976,471.1826,133.6047,171.6347
632.9521,477.4371,132.0958,170.1258
634.9509,474.9359,135.0983,173.1283
637.0648,486.5498,133.8703,171.9003
937.5660,139.0510,136.8680,174.8980
631.4366,475.9217,128.1267,166.1567
942.3378,165.8228,124.3244,162.3544
643.2031,471.6880,106.5939,144.6239
936.6355,211.1205,108.7291,146.7591
634.5048,429.9898,141.9903,180.0203
639.3306,414.8156,146.3387,184.3687
629.5892,423.5742,141.8216,179.8516
632.6566,415.1416,139.6868,177.7168
627.4536,411.9386,145.0928,183.1228
619.7194,407.2044,145.5612,183.5912
612.2059,406.1909,139.5881,177.6181
627.3762,422.3612,111.2475,149.2775
613.3726,392.3575,131.2549,169.2849
597.8042,369.2892,129.3916,167.4216
596.2267,357.7117,136.5465,174.5765
586.2904,381.2754,145.4192,183.4492
602.5798,324.5648,93.8404,131.8704
567.5727,350.5577,146.8546,184.8846
583.2958,330.7808,131.4084,169.4384
564.7692,332.2542,141.4616,179.4916
558.9202,319.9052,139.1597,177.1897
564.3225,334.3075,138.3550,176.3850
576.6697,348.1547,156.6606,194.6906
590.5681,337.5531,151.8639,189.8939
592.7424,370.2274,152.5152,190.5452
603.7283,374.2133,147.5433,185.5733
597.3046,384.2896,148.3907,186.4207
586.6059,384.5909,142.7883,180.8183
606.7206,399.2056,145.5588,183.5888
605.1731,392.6581,136.6538,174.6838
605.8238,379.8088,129.3524,167.3824
587.3100,389.2950,143.3800,181.4100
592.7701,452.2551,140.4599,178.4899
591.2028,466.6878,114.5945,152.6245
635.1979,490.6829,73.6042,111.6342
504.3139,325.2989,107.3722,145.4022
506.3585,301.8435,123.2831,161.3131
621.0139,486.9989,94.9722,133.0022
507.3528,318.8378,119.2944,157.3244
627.7493,479.2343,113.5013,151.5313
623.6507,467.6357,126.6987,164.7287
628.5964,481.0814,113.8073,151.8373
631.7047,482.1897,107.5906,145.6206
641.3602,489.3452,104.2795,142.3095
634.6107,501.0957,98.7786,136.8086
622.7869,472.2719,124.4263,162.4563
629.2856,474.7706,125.4288,163.4588
636.0726,473.0576,122.8548,160.8848
624.9124,487.8973,117.1753,155.2053
637.4353,509.9203,91.1293,129.1593
640.4648,539.4498,69.0705,107.1005
618.2105,500.6955,112.5790,150.6090
610.4143,496.3993,118.1714,156.2014
618.2056,512.6907,98.5887,136.6187
631.6886,514.1736,82.6228,120.6528
625.9389,514.4240,79.1221,117.1521
627.1645,509.1495,106.6710,144.7010
625.7043,500.6893,105.5913,143.6213
628.6287,512.6136,99.7427,137.7727
628.8555,494.8405,120.2890,158.3190
625.4352,499.9202,120.1296,158.1596
616.5608,488.5458,120.8784,158.9084
599.4279,498.4128,111.1443,149.1743
615.2290,490.7140,117.5420,155.5720
623.7118,491.6968,111.5764,149.6064
623.2441,490.7291,115.5118,153.5418
610.4796,499.9645,111.0409,149.0709
618.7520,494.2369,114.4961,152.5261
617.5250,487.0099,112.9501,150.9801
611.2060,493.1910,112.5880,150.6180
614.6752,498.1602,105.6496,143.6796
608.9269,493.9119,111.1461,149.1761
619.7522,488.2372,110.4956,148.5256
620.6869,491.1719,117.6262,155.6562
627.7004,490.6854,113.5993,151.6293
628.0477,488.0327,119.9045,157.9345
625.2301,472.7151,129.5397,167.5697
618.2510,468.7360,134.4981,172.5281
607.7424,473.2274,128.5152,166.5452
613.3597,474.8448,131.2805,169.3105
629.9908,483.4758,113.0183,151.0484
630.7895,483.7745,104.4210,142.4510
639.2892,482.7742,103.4217,141.4516
639.9408,489.4258,111.1185,149.1485
657.3120,516.2970,74.3760,112.4060
649.9434,511.9283,90.1133,128.1433
655.6628,517.1478,87.6745,125.7045
500.6200,608.5900,86.7600,162.8200
532.6200,609.5900,86.7600,162.8200
657.7900,499.2750,68.4200,106.4500
639.9555,465.4405,105.0890,143.1190
640.7275,474.2125,105.5451,143.5751
635.1983,466.1833,119.6034,157.6334
623.4551,465.9401,131.0898,169.1198
640.8369,482.8219,108.3261,146.3561
621.0405,477.5255,116.9191,154.9491
615.3100,471.2950,127.3800,165.4100
630.4368,468.9218,119.1263,157.1563
632.1573,469.6423,119.6853,157.7153
646.0609,477.5459,112.8782,150.9082
638.2258,470.2108,129.5484,167.5784
627.7004,469.1854,133.5992,171.6292
633.3939,469.8789,131.2122,169.2422
634.9750,469.9600,128.0499,166.0799
648.0328,471.0178,123.9343,161.9643
648.6614,467.1465,127.6771,165.7071
643.5521,471.5371,130.8957,168.9257
641.9677,475.9527,124.0646,162.0946
614.1954,480.6805,128.6091,166.6391
604.6028,492.5879,114.7943,152.8243
633.7774,491.7624,112.4452,150.4752
638.0997,497.0847,107.8005,145.8305
588.7805,489.7654,117.4391,155.4691
625.1892,516.6743,76.6215,114.6515
601.7958,83.7809,96.4083,134.4383
567.4798,73.9648,119.0404,157.0704
529.6142,75.0992,129.7715,167.8015
523.7749,73.2599,132.4502,170.4802
537.8608,80.8458,112.2785,150.3085
497.8285,72.3135,124.3430,162.3730
481.0283,75.0133,135.9435,173.9735
457.1329,91.6179,136.7342,174.7642
472.1316,90.6166,122.7368,160.7668
472.3326,111.8176,115.3348,153.3649
451.1259,101.1108,128.7483,166.7783
420.0922,114.5772,126.8156,164.8456
423.7163,106.7013,133.5673,171.5973
427.7282,103.7132,143.5436,181.5736
409.0773,108.0623,133.8455,171.8755
383.0040,108.4890,144.9920,183.0220
369.6047,124.0897,111.7905,149.8205
376.3891,141.3741,96.2217,134.2517
535.7787,471.7638,101.4425,139.4725
531.1771,472.1621,96.6458,134.6758
273.0402,463.5251,96.9197,134.9497
277.4980,459.9830,115.0040,153.0340
274.8394,437.3244,128.3212,166.3512
281.6237,446.6087,122.7525,160.7825
296.0724,417.5574,138.8551,176.8851
321.0600,423.0450,138.8800,176.9100
404.2191,425.7041,168.5619,206.5919
414.0480,406.5330,183.9040,221.9340
362.6182,384.6031,164.7637,202.7937
436.8639,451.3489,152.2722,190.3022
428.3976,451.3826,148.2048,186.2348
441.2475,443.7325,139.5049,177.5349
483.2208,450.2058,141.5584,179.5884
494.7305,455.2155,142.5390,180.5690
501.4262,451.4112,134.1476,172.1776
487.1353,391.1203,153.7294,191.7594
516.8361,405.3211,134.3278,172.3578
507.7183,373.7033,152.5633,190.5933
519.2178,364.2028,152.5645,190.5945
525.0250,362.0100,155.9500,193.9800
537.0342,383.0192,154.9316,192.9616
530.6666,366.1516,157.6669,195.6969
532.3571,366.8420,160.2859,198.3159
535.0917,363.5767,159.8167,197.8467
541.0173,353.5023,158.9655,196.9955
544.8774,339.8624,185.2453,223.2753
585.6317,466.6167,135.7366,173.7666
597.2476,463.7325,139.5049,177.5349
579.4614,332.9464,186.0772,224.1072
606.6593,459.6443,137.6814,175.7114
590.0572,464.0422,132.8856,170.9156
611.8828,443.8678,147.2345,185.2645
627.7037,448.1887,144.5927,182.6227
626.7296,418.7146,151.5408,189.5708
622.9432,382.4283,151.1135,189.1435
618.9187,396.9037,142.1626,180.1926
622.1935,401.1785,133.6130,171.6430
603.9529,439.4379,114.0942,152.1242
542.9407,453.9257,112.1186,150.1486
551.7234,461.2084,92.5532,130.5832
554.3768,454.3618,103.2465,141.2765
531.0058,461.4908,122.9884,161.0184
480.9153,278.4003,106.1693,144.1993
479.8994,279.3844,113.2012,151.2312
524.6798,274.1648,112.6404,150.6704
558.9365,330.4214,54.1271,92.1571
536.0065,346.4915,116.9871,155.0171
516.8237,262.8087,116.3526,154.3826
514.8787,244.3637,114.2425,152.2725
530.5811,246.0660,99.8380,137.8680
525.4729,228.4579,108.0542,146.0842
262.6200,507.5900,86.7600,162.8200
508.6200,550.5900,86.7600,162.8200
270.6200,492.5900,86.7600,162.8200
262.6200,492.5900,86.7600,162.8200
596.6200,278.5900,86.7600,162.8200
596.6200,278.5900,86.7600,162.8200
312.6200,478.5900,86.7600,162.8200
596.6200,278.5900,86.7600,162.8200
532.6200,551.5900,86.7600,162.8200
508.6200,579.5900,86.7600,162.8200
627.6763,496.6613,77.6473,115.6773
499.6200,608.5900,86.7600,162.8200
632.4686,498.9536,81.0629,119.0929
633.8168,501.8018,80.3665,118.3965
648.6142,502.5992,61.7716,99.8016
649.8413,498.8263,61.3174,99.3474
491.6200,608.5900,86.7600,162.8200
609.0084,490.4934,80.9832,119.0132
567.1553,486.6403,118.6894,156.7194
599.1024,496.0874,103.7952,141.8252
605.4231,489.4081,105.1538,143.1838
585.1820,488.1670,100.6360,138.6660
540.4719,474.4569,120.0563,158.0863
540.1111,472.5961,122.7777,160.8077
535.8533,479.8383,118.2933,156.3233
534.0255,483.0104,113.9491,151.9791
540.9063,477.8913,119.1873,157.2173
543.1913,471.6764,124.6173,162.6473
551.6700,471.6550,121.6599,159.6899
554.4057,480.8907,111.1886,149.2186
548.2101,472.1951,113.5797,151.6097
547.4180,471.9030,116.1639,154.1939
553.5668,473.0518,125.8664,163.8964
547.1885,477.6735,118.6229,156.6529
548.8647,468.3497,123.2706,161.3006
546.8494,467.8344,127.3011,165.3311
565.0434,469.0284,129.9132,167.9432
592.3632,462.3482,137.2736,175.3036
627.7894,477.7744,140.4212,178.4512
625.0792,475.0642,140.8415,178.8715
611.1140,487.5990,134.7720,172.8020
588.8412,488.3263,127.3175,165.3475
542.4055,509.3904,85.1891,123.2191
542.9341,497.9191,97.1317,135.1617
532.6200,507.5900,86.7600,162.8200
549.6200,521.5900,86.7600,162.8200
590.4247,521.9097,78.1507,116.1807
600.1625,512.6475,92.6750,130.7050
609.1975,527.6825,64.6050,102.6350
587.0494,524.5344,72.9012,110.9312
320.6200,230.5900,86.7600,162.8200
596.6200,278.5900,86.7600,162.8200
549.6200,507.5900,86.7600,162.8200
596.6200,278.5900,86.7600,162.8200
621.6867,547.1717,52.6266,90.6566
549.6200,579.5900,86.7600,162.8200
601.0922,512.5772,91.8155,129.8455
601.2733,510.7583,94.4535,132.4835
596.2227,525.2077,78.5546,116.5846
603.4548,523.9398,82.0905,120.1205
549.6200,579.5900,86.7600,162.8200
549.6200,521.5900,86.7600,162.8200
549.6200,550.5900,86.7600,162.8200
320.6200,346.5900,86.7600,162.8200
549.6200,521.5900,86.7600,162.8200
597.2710,532.2560,75.4580,113.4880
596.6200,278.5900,86.7600,162.8200
596.6200,278.5900,86.7600,162.8200
596.6200,278.5900,86.7600,162.8200
533.6200,507.5900,86.7600,162.8200
566.9399,511.9249,85.1203,123.1503
524.6200,521.5900,86.7600,162.8200
577.7358,511.7208,80.5284,118.5583
532.6200,550.5900,86.7600,162.8200
564.5636,534.5486,60.8729,98.9029
568.4511,527.9361,52.0978,90.1278
596.6200,278.5900,86.7600,162.8200
596.6200,278.5900,86.7600,162.8200
598.5669,497.5519,97.8662,135.8962
593.7476,500.2326,89.5048,127.5348
581.6722,476.6572,110.6556,148.6855
593.4370,459.9220,115.1261,153.1561
582.9031,472.3881,121.1939,159.2239
584.8718,473.8568,123.2565,161.2865
589.8641,471.8492,125.2717,163.3017
595.2226,473.2076,118.5548,156.5848
587.5140,469.4990,128.9721,167.0021
580.9272,476.9123,122.1455,160.1755
577.5663,491.0513,112.8674,150.8974
590.0999,488.0849,113.8002,151.8302
586.5895,475.0746,125.8209,163.8509
577.5242,473.0092,128.9516,166.9816
568.6384,458.1234,139.7231,177.7531
582.1295,463.1145,137.7410,175.7710
579.3713,446.3563,145.2574,183.2874
585.8077,413.7928,154.3845,192.4145
603.9078,453.3928,139.1845,177.2145
590.1512,459.1362,131.6976,169.7276
563.6318,461.6168,134.7365,172.7664
563.7579,442.7430,145.4841,183.5141
569.9390,435.4240,141.1220,179.1520
550.6915,413.1765,160.6169,198.6469
586.8153,417.8003,149.3694,187.3994
570.4214,391.4065,153.1570,191.1870
539.4363,411.9213,153.1274,191.1574
526.8137,439.2987,145.3727,183.4026
511.7417,475.2267,129.5165,167.5465
511.1674,474.6524,120.6652,158.6952
532.1761,475.1611,104.6479,142.6779
563.9368,411.4218,122.1264,160.1564
545.6440,449.6290,117.7120,155.7420
557.8030,445.2880,114.3941,152.4241
541.9755,460.9605,107.0491,145.0791
539.0080,450.9930,123.9840,162.0140
563.8998,452.3848,96.2004,134.2305
554.4509,447.9359,115.0982,153.1282
542.1642,452.6492,126.6717,164.7017
541.3839,476.3689,120.2321,158.2621
532.1525,471.6375,123.6950,161.7250
532.2429,465.2279,124.5141,162.5441
538.5197,473.0047,106.9607,144.9907
563.0850,493.0700,65.8299,103.8599
541.1026,430.5876,132.7948,170.8248
561.4399,423.9249,123.1202,161.1502
555.8689,417.8539,129.2622,167.2922
547.9393,419.4243,134.1214,172.1514
536.6688,472.6538,123.6623,161.6923
563.8311,474.3161,120.3378,158.3678
591.1981,486.6830,111.6039,149.6339
591.5838,496.5688,95.8324,133.8624
601.1470,493.1320,95.7059,133.7359
580.7543,442.2393,117.4914,155.5214
562.3156,428.3005,122.3689,160.3989
535.3738,418.3588,141.2524,179.2824
541.4434,440.9283,135.1133,173.1433
548.0899,404.0749,145.8202,183.8502
528.5763,454.0613,123.8474,161.8774
534.6136,472.0986,116.7728,154.8028
526.0434,462.0284,129.9132,167.9432
559.9473,457.4323,116.1055,154.1355
561.6767,468.6617,116.6466,154.6766
560.6918,482.6768,109.6163,147.6463
554.9424,472.4274,96.1152,134.1452
548.8245,452.8095,112.3510,150.3810
556.9750,420.4600,125.0501,163.0801
555.7511,420.7361,131.4978,169.5278
551.2267,428.2118,115.5465,153.5765
563.2124,478.6974,89.5752,127.6052
532.3412,459.3263,123.3175,161.3475
516.1744,456.1594,118.6512,156.6812
511.7365,458.2215,128.5269,166.5569
547.4102,467.3951,113.1797,151.2097
591.4648,505.4498,69.0705,107.1005
573.2390,491.7239,57.5221,95.5521
581.1636,489.1486,77.6729,115.7029
542.9761,475.9611,103.0478,141.0778
556.4948,492.4798,77.0103,115.0403
530.4357,342.9207,64.1285,102.1585
519.7089,312.6939,67.5823,105.6123
320.6200,463.5900,86.7600,162.8200
515.6200,550.5900,86.7600,162.8200
516.6200,521.5900,86.7600,162.8200
368.6200,492.5900,86.7600,162.8200
361.6200,492.5900,86.7600,162.8200
554.6736,485.6586,96.6529,134.6829
559.3796,487.8646,88.2409,126.2709
537.4673,505.9523,67.0654,105.0954
311.6200,478.5900,86.7600,162.8200
776.7011,83.1861,67.5978,105.6278
746.8185,71.3035,102.3630,140.3931
727.5610,71.0460,103.8779,141.9079
548.0612,463.0462,93.8775,131.9075
566.3517,491.3367,67.2965,105.3265
779.4619,96.4469,81.0762,119.1062
764.1984,82.6834,100.6032,138.6332
773.0456,71.0306,125.9088,163.9388
805.0687,74.5537,107.8626,145.8926
755.6829,72.6679,125.6342,163.6642
767.2278,60.2128,138.5443,176.5743
802.2353,54.7203,140.5294,178.5594
807.1720,68.6570,128.6560,166.6860
858.0043,64.9892,131.9915,170.0215
849.1436,60.1286,133.7127,171.7427
841.3682,62.3532,130.2635,168.2935
860.2676,62.2526,124.4648,162.4948
856.8495,58.8345,138.3010,176.3310
844.2405,59.7255,140.5191,178.5491
868.6169,59.6019,136.7663,174.7963
871.5886,63.5736,132.8227,170.8527
879.8557,60.8407,136.2886,174.3186
609.3465,452.3315,139.3071,177.3371
868.9228,76.4078,134.1544,172.1844
612.8266,442.8116,137.3468,175.3768
613.3100,441.2950,137.3800,175.4100
612.7719,442.2569,138.4563,176.4863
609.5606,428.5456,144.8788,182.9088
617.3381,417.3231,152.3238,190.3538
619.3124,424.2974,147.3752,185.4052
616.4984,410.9834,152.0032,190.0332
612.9996,411.9846,150.0008,188.0308
611.2913,415.7763,150.4174,188.4474
612.3424,414.8274,151.3152,189.3452
617.1612,418.1462,147.6777,185.7077
612.0257,419.5107,150.9486,188.9786
610.4113,417.8963,148.1774,186.2074
609.1833,434.1683,142.6335,180.6635
614.3672,428.8522,148.2657,186.2957
615.1969,412.1819,149.6062,187.6362
608.2787,411.2638,147.4425,185.4725
622.9807,403.9657,149.0387,187.0686
615.3439,404.8289,150.3122,188.3422
609.8409,400.3260,152.3181,190.3481
613.3582,403.3432,148.2835,186.3135
617.3484,401.8335,147.3031,185.3331
615.8207,396.3057,148.3586,186.3886
620.5589,396.5439,153.8823,191.9123
618.1438,402.1288,150.7124,188.7424
621.4368,407.4218,154.1263,192.1563
622.4462,416.9312,156.1075,194.1375
630.6917,419.1766,158.6167,196.6467
620.4421,428.9271,151.1158,189.1458
619.7728,417.2578,154.4543,192.4843
630.1969,418.6819,149.6062,187.6362
647.1067,405.0917,151.7866,189.8166
627.3557,407.3406,154.2887,192.3187
637.9351,408.4201,151.1297,189.1597
630.4235,414.4085,151.1529,189.1829
602.1592,403.1443,149.6815,187.7115
592.0249,397.5099,151.9503,189.9803
579.0671,402.5522,156.8657,194.8957
578.9543,411.9393,154.0913,192.1213
590.5187,407.5037,162.9626,200.9926
588.1891,405.6742,167.6217,205.6517
589.6351,441.6201,140.7299,178.7599
626.9901,431.9751,131.0199,169.0499
631.0382,424.5232,137.9236,175.9536
648.2310,418.7160,141.5380,179.5680
644.3990,405.8840,154.2019,192.2319
640.9493,397.9343,158.1014,196.1314
642.2610,397.7460,150.4781,188.5081
626.1788,410.6638,142.6423,180.6723
636.9742,394.9593,136.0515,174.0815
623.5674,407.0524,136.8653,174.8953
617.4796,414.4646,132.0409,170.0709
609.5327,466.0176,127.9347,165.9647
610.9241,472.9091,122.1518,160.1818
605.5407,468.5257,130.9186,168.9486
611.1463,467.6313,123.7075,161.7375
595.2787,485.2638,107.4425,145.4725
560.1420,495.6270,115.7160,153.7460
566.3168,491.8018,117.3665,155.3965
563.2892,477.2742,124.4217,162.4517
561.2158,503.2008,98.5683,136.5983
553.5825,463.5675,134.8349,172.8649
546.2816,446.7665,144.4369,182.4669
553.4422,427.9272,150.1157,188.1457
560.4423,428.9273,148.1154,186.1454
560.0963,473.0813,127.8075,165.8375
565.0674,480.0524,119.8653,157.8953
574.6039,511.0890,98.7921,136.8221
959.9637,131.4487,83.0726,121.1026
935.2164,121.7014,103.5672,141.5972
582.4403,484.9253,117.1194,155.1494
587.4902,484.9753,116.0195,154.0495
600.3994,482.8844,113.2012,151.2312
598.7342,478.7192,113.5316,151.5616
614.0837,481.5687,98.8327,136.8627
483.6200,608.5900,86.7600,162.8200
658.2892,485.7742,55.4216,93.4516
500.6200,608.5900,86.7600,162.8200
628.4411,478.9261,107.1177,145.1478
645.9725,511.4576,77.0549,115.0849
655.8794,492.8644,71.2413,109.2713
629.0748,466.0598,110.8504,148.8804
635.1960,470.6811,112.6079,150.6379
639.4463,474.9313,111.1074,149.1374
659.0122,479.4972,83.9756,122.0056
660.9595,481.9445,77.0809,115.1109
859.5717,336.0567,80.8567,118.8867
877.5634,347.0484,61.8732,99.9032
805.2103,337.1953,110.5793,148.6093
777.1758,355.1608,116.6483,154.6783
671.8776,404.8625,155.2449,193.2749
657.9718,465.4568,115.0564,153.0863
644.9468,480.4318,108.1063,146.1364
640.3177,476.3027,116.3646,154.3946
639.9758,481.4608,108.0484,146.0784
635.6879,480.6729,113.6242,151.6542
637.8035,487.2885,101.3929,139.4229
629.5340,486.5190,105.9320,143.9620
631.0354,480.5204,111.9293,149.9593
627.8633,481.8484,118.2733,156.3033
633.2678,492.7527,111.4645,149.4945
631.5738,486.5588,115.8524,153.8824
631.4550,489.4400,116.0900,154.1200
633.2590,486.7440,119.4819,157.5119
632.3600,481.3450,123.2799,161.3099
630.9446,480.4296,123.1108,161.1408
626.9000,475.3850,132.2000,170.2300
626.3114,471.7964,133.3772,171.4072
631.6637,472.1487,136.6725,174.7025
632.0395,469.0245,137.9210,175.9510
638.6512,473.1362,131.6976,169.7276
635.7160,466.2010,136.5680,174.5980
636.5586,469.5436,133.8828,171.9128
638.4614,477.9464,129.0771,167.1071
643.4614,478.9464,129.0771,167.1071
641.6976,473.1826,133.6047,171.6347
633.1838,463.6689,138.6323,176.6623
630.8822,461.3672,140.2356,178.2656
630.6451,462.6301,141.7098,179.7398
633.9345,465.9195,139.1310,177.1610
628.5256,468.0106,135.9489,173.9789
636.1255,458.1105,138.7490,176.7790
623.7719,450.2569,138.4563,176.4863
596.6204,449.1053,143.7593,181.7893
618.5652,445.5502,139.8696,177.8996
616.6888,435.1739,144.6223,182.6523
622.1928,445.6778,141.6144,179.6444
618.1188,460.6038,135.7624,173.7924
612.8557,461.8407,136.2886,174.3186
624.6990,460.1840,133.6019,171.6319
629.3214,460.3064,131.3573,169.3873
625.1079,468.0929,126.7841,164.8141
626.2175,466.7025,124.5650,162.5950
627.3308,459.3158,118.3383,156.3683
624.7052,462.6902,127.5896,165.6196
628.7350,457.2201,133.5299,171.5599
622.0769,455.5619,135.8462,173.8762
621.4615,458.4464,136.0771,174.1071
614.4024,454.8874,131.1951,169.2251
614.8569,465.8419,127.2862,165.3162
624.0941,464.5791,125.8118,163.8418
617.2432,463.2282,130.5135,168.5435
622.0452,458.5302,131.9097,169.9397
629.1896,458.6746,128.6208,166.6508
626.2476,458.7325,133.5049,171.5349
625.7339,458.2190,135.5320,173.5620
628.4638,465.9488,135.0724,173.1024
639.7984,461.2834,129.4033,167.4333
637.2659,461.7509,128.4682,166.4982
634.5784,461.0634,134.8431,172.8731
629.7219,450.2069,138.5562,176.5862
632.4769,458.4619,139.0461,177.0761
630.1384,460.1234,139.7231,177.7531
631.3381,459.8231,141.3239,179.3539
634.4019,462.3869,141.1962,179.2262
631.4735,462.4585,141.0529,179.0829
631.5529,464.0379,139.8942,177.9242
633.6731,462.6581,136.6538,174.6838
629.2557,462.2407,135.4886,173.5186
625.3402,457.3252,132.3196,170.3496
623.8621,451.3471,139.2758,177.3058
633.5892,457.5742,141.8216,179.8516
632.6499,455.1349,142.7002,180.7302
631.9508,460.9358,143.0984,181.1284
627.4703,456.4553,143.0595,181.0895
627.1674,456.1523,141.6653,179.6953
628.4479,454.9330,141.1041,179.1341
630.5607,457.5457,136.8787,174.9087
628.5420,425.5270,150.9160,188.9460
623.5082,409.9932,157.9837,196.0137
622.6324,417.6174,154.7353,192.7653
624.8868,458.8718,144.2264,182.2564
625.3281,471.3131,136.3437,174.3737
630.5658,458.5508,140.8685,178.8985
614.0566,466.5416,135.8867,173.9168
608.5858,461.5708,142.8285,180.8585
609.7648,470.2498,137.4704,175.5004
620.6446,473.6296,132.7108,170.7408
628.0026,464.9875,136.9949,175.0249
615.9723,392.4573,161.0554,199.0854
613.9735,391.9585,159.0530,197.0830
631.7650,479.2500,129.4701,167.5001
632.0504,481.5354,127.8992,165.9292
633.9101,484.3951,128.1798,166.2098
632.0018,493.9868,123.9964,162.0264
639.7239,488.2089,130.5522,168.5822
637.8752,480.3603,135.2495,173.2795
635.9797,477.9647,136.0407,174.0707
631.5662,482.0511,134.8677,172.8977
635.5759,476.5609,137.8483,175.8783
631.9255,481.9105,134.1489,172.1789
633.8578,481.8428,132.2844,170.3144
633.1122,485.5972,130.7757,168.8056
637.0450,485.5300,130.9100,168.9400
632.7971,486.2821,130.4059,168.4359
629.6280,484.6130,129.7440,167.7740
631.5663,483.5513,132.8674,170.8974
630.2059,481.6909,133.5881,171.6181
626.9465,478.9315,137.1070,175.1370
629.0607,478.0457,133.8786,171.9086
634.5241,479.5091,133.9518,171.9818
628.0534,481.5384,128.8932,166.9232
633.5466,485.0316,122.9067,160.9367
631.8062,482.7912,125.3876,163.4176
638.5705,479.5555,120.8590,158.8890
634.1262,472.1112,119.7475,157.7775
627.7111,486.1961,120.5778,158.6078
612.1941,458.6791,127.6118,165.6418
623.8228,485.8078,87.3544,125.3844
619.5600,485.5450,99.8800,137.9100
617.7197,474.2047,119.5607,157.5907
621.8323,485.8173,113.3353,151.3653
624.5213,482.0063,128.9574,166.9875
620.5870,489.0721,128.8259,166.8559
631.2990,492.7839,122.4021,160.4321
595.8133,481.2983,119.3734,157.4034
556.8423,485.3273,101.3153,139.3453
582.5122,478.9972,83.9756,122.0056
578.9559,475.9409,86.0883,124.1183
587.2288,490.2138,76.5425,114.5725
606.8874,481.8724,98.2252,136.2552
597.6300,476.6150,122.7399,160.7699
602.4274,481.9124,107.1452,145.1752
598.8050,477.2900,118.3900,156.4200
610.1383,472.1233,124.7234,162.7534
610.3279,482.8129,99.3443,137.3743
967.3843,548.3693,86.2315,124.2615
615.4430,490.9280,92.1140,130.1440
610.6381,492.6231,89.7238,127.7538
616.5800,499.0649,77.8401,115.8701
628.2585,500.2435,66.4830,104.5130
628.8873,481.3723,90.2255,128.2555
633.6234,488.1084,81.7532,119.7832
621.0430,480.5280,105.9140,143.9440
611.5999,478.0849,113.8002,151.8302
606.5250,480.5099,112.9501,150.9801
604.9782,473.9632,116.0436,154.0736
607.3641,475.3491,117.2718,155.3018
624.0045,472.9895,110.9910,149.0210
625.9551,480.9401,100.0898,138.1198
625.1509,478.6360,112.6981,150.7281
620.1324,477.6175,109.7351,147.7651
610.5900,484.0750,107.8199,145.8499
621.8882,483.3733,91.2235,129.2535
617.8369,468.8219,108.3261,146.3561
609.9626,470.9476,105.0748,143.1048
607.9126,481.3976,115.1748,153.2048
622.6948,489.1798,108.6104,146.6404
617.2570,480.7420,109.4860,147.5160
616.5728,480.5578,111.8544,149.8844
623.7342,475.7192,113.5316,151.5616
618.6364,474.1214,117.7272,155.7572
613.6545,473.1395,120.6911,158.7211
621.6271,468.6121,118.7458,156.7758
627.0884,469.0735,115.8231,153.8531
628.0987,480.5837,112.8026,150.8326
624.8726,478.3575,113.2549,151.2849
626.4246,475.9096,114.1508,152.1808
626.3523,479.8373,111.2954,149.3254
624.5461,478.5311,110.9078,148.9378
633.4567,469.9417,113.0865,151.1165
653.3968,452.8818,141.2064,179.2364
627.4045,464.3896,133.1909,171.2209
626.0824,465.5674,129.8352,167.8652
634.5249,465.5099,135.9502,173.9802
609.8953,470.8802,134.2095,172.2395
608.4770,476.4620,127.0460,165.0760
615.5784,465.0634,134.8431,172.8731
603.7497,475.7347,130.5006,168.5306
612.6058,475.0908,123.7883,161.8183
612.6389,472.1238,129.7223,167.7523
633.4836,475.4687,104.0327,142.0627
631.0278,483.5128,91.9444,129.9744
607.0350,477.5200,115.9300,153.9600
635.8615,467.3465,128.2770,166.3070
634.3641,484.3491,117.2718,155.3018
641.0043,472.4893,131.9915,170.0215
621.9143,462.3993,133.1714,171.2014
640.4352,472.4202,131.1296,169.1596
638.3862,469.3712,135.2277,173.2577
605.4629,473.9479,120.0742,158.1042
617.5847,468.5697,116.8307,154.8607
619.1794,466.1644,118.6412,156.6712
622.4561,463.4411,127.0878,165.1178
635.1853,477.6703,97.6294,135.6594
632.3746,477.3596,105.2508,143.2808
625.3298,472.3148,122.3404,160.3704
624.2192,457.7042,120.5616,158.5916
636.6953,443.1803,117.6094,155.6394
621.3204,454.8054,127.3592,165.3892
622.0472,479.5323,116.9055,154.9355
632.7832,472.2682,113.4335,151.4635
629.7476,471.2325,115.5049,153.5349
632.9521,487.4371,88.0958,126.1258
634.8109,474.7959,113.3782,151.4082
628.7283,461.2133,124.5434,162.5734
614.1198,466.1048,123.7603,161.7903
636.0635,480.5485,96.8730,134.9030
