0.390705
0.031350
0.030535
0.033867
0.035439
0.030772
0.033881
0.030760
0.031678
0.034882
0.032327
0.035754
0.039574
0.036759
0.035072
0.031855
0.033670
0.029124
0.035060
0.038166
0.047396
0.038014
0.032108
0.035475
0.028807
0.028888
0.033707
0.034154
0.040787
0.031021
0.022399
0.021866
0.045284
0.045120
0.035178
0.034882
0.035867
0.026053
0.027110
0.027087
0.030389
0.026743
0.031317
0.029729
0.035592
0.030497
0.029854
0.033584
0.042194
0.047267
0.047992
0.043814
0.041363
0.045100
0.042345
0.052289
0.042791
0.050913
0.038016
0.046551
0.039705
0.044062
0.032827
0.034008
0.032240
0.032246
0.031624
0.034772
0.040808
0.033544
0.033803
0.034889
0.036196
0.034431
0.036850
0.034110
0.034147
0.033780
0.047385
0.035456
0.040071
0.036406
0.021424
0.031503
0.033866
0.022699
0.023822
0.023650
0.033037
0.033126
0.035575
0.032949
0.033654
0.035853
0.034153
0.032785
0.036204
0.035244
0.033363
0.036877
0.033118
0.038026
0.033193
0.033879
0.037142
0.034940
0.035887
0.035824
0.045006
0.054963
0.041563
0.037730
0.033149
0.033076
0.029668
0.032191
0.032265
0.030598
0.030860
0.033216
0.030408
0.031202
0.037693
0.032419
0.031664
0.033662
0.032815
0.031772
0.036798
0.032418
0.048729
0.039509
0.035834
0.037276
0.038198
0.046228
0.049427
0.039262
0.038154
0.040965
0.038259
0.044940
0.042477
0.037988
0.043191
0.041114
0.040666
0.038657
0.038015
0.040414
0.038102
0.042594
0.038955
0.040165
0.043930
0.039645
0.043978
0.038226
0.039183
0.044352
0.039089
0.040632
0.044974
0.048811
0.031801
0.032290
0.031528
0.035741
0.037202
0.031770
0.038538
0.037132
0.032604
0.036915
0.037666
0.035731
0.035302
0.037927
0.037431
0.034576
0.036456
0.035380
0.035589
0.039170
0.047987
0.033740
0.034020
0.038441
0.034421
0.035429
0.035531
0.033368
0.032093
0.037579
0.030985
0.026755
0.031246
0.035574
0.041212
0.038058
0.032861
0.033410
0.030733
0.040120
0.034273
0.031026
0.030030
0.030127
0.034599
0.033425
0.032855
0.033903
0.031434
0.039779
0.031584
0.033282
0.034094
0.040223
0.033047
0.036489
0.041037
0.037093
0.035160
0.034040
0.042270
0.036648
0.037176
0.039748
0.039401
0.040980
0.041142
0.039252
0.040956
0.040263
0.045152
0.040352
0.040881
0.043851
0.043962
0.040332
0.043719
0.042953
0.041284
0.043968
0.045957
0.052718
0.041578
0.040336
0.042894
0.028747
0.024998
0.028906
0.026571
0.024992
0.026716
0.028579
0.030870
0.030861
0.029313
0.030313
0.030731
0.031303
0.033264
0.035827
0.035113
0.033049
0.033787
0.033866
0.039510
0.035357
0.036935
0.038981
0.036766
0.039061
0.035608
0.038247
0.035091
0.036527
0.038218
0.035815
0.034971
0.037201
0.033460
0.038662
0.043475
0.038365
0.045946
0.038663
0.040318
0.039404
0.038915
0.055252
0.038752
0.042901
0.038781
0.042608
0.051547
0.041414
0.042401
0.040017
0.031507
0.033671
0.036214
0.037908
0.035732
0.036512
0.036069
0.035963
0.038223
0.042950
0.034927
0.036547
0.040583
0.037701
0.036005
0.041491
0.046932
0.044604
0.044024
0.049565
0.044956
0.044200
0.049179
0.046252
0.045753
0.044583
0.045548
0.045305
0.049392
0.044354
0.047960
0.045240
0.043890
0.052210
0.045042
0.047314
0.046896
0.046530
0.047523
0.048637
0.045293
0.056771
0.047744
0.059364
0.050829
0.050102
0.056407
0.046448
0.037395
0.048832
0.046700
0.043059
0.040518
0.045229
0.042704
0.037732
0.046846
0.039790
0.040416
0.041258
0.044680
0.044259
0.046132
0.052817
0.048483
0.044170
0.047729
0.046082
0.037874
0.038134
0.041993
0.044110
0.045390
0.056895
0.046600
0.050795
0.046376
0.046757
0.047811
0.047107
0.045858
0.046362
0.048150
0.030723
0.036983
0.041844
0.039718
0.041797
0.063459
0.043049
0.052070
0.041949
0.068183
0.044999
0.044173
0.045897
0.039887
0.040744
0.052533
0.044600
0.048738
0.046387
0.051374
0.052783
0.056748
0.056042
0.047444
0.048322
0.049356
0.050868
0.047029
0.062677
0.046972
0.046508
0.046014
0.033626
0.035826
0.041346
0.058200
0.051021
0.046175
0.046378
0.046850
0.045562
0.048707
0.043423
0.041173
0.055030
0.055940
0.048402
0.047834
0.054756
0.045311
0.047011
0.045126
0.047723
0.047821
0.049743
0.047752
0.046148
0.048311
0.046820
0.047607
0.047758
0.048643
0.047593
0.049438
0.047559
0.047039
0.048321
0.049509
0.049885
0.047020
0.053220
0.047178
0.048949
0.047594
0.053156
0.049212
0.046681
0.056118
0.063954
0.046683
0.046458
0.048369
0.050067
0.046112
0.050543
0.053564
0.038558
0.040347
0.040689
0.044509
0.041933
0.048398
0.043838
0.034375
0.044145
0.040780
0.038081
0.038117
0.047759
0.039169
0.032647
0.043910
0.039909
0.051718
0.037709
0.036872
0.039112
0.042391
0.042177
0.040046
0.039464
0.041352
0.051143
0.042331
0.043438
0.043064
0.045660
0.044498
0.042266
0.042899
0.051669
0.033488
0.056699
0.033154
0.053417
0.047868
0.055569
0.042208
0.057732
0.037692
0.042177
0.044794
0.053440
0.042723
0.042867
0.043781
0.043912
0.043599
0.042416
0.040829
0.055772
0.045339
0.041725
0.040934
0.040964
0.044491
0.036841
0.046483
0.044180
0.059152
0.044780
0.046224
0.047500
0.032583
0.036049
0.035386
0.032918
0.039894
0.034897
0.035899
0.033456
0.032992
0.032737
0.035346
0.033520
0.033238
0.036305
0.033230
0.034918
0.037477
0.033633
0.035058
0.036974
0.037557
0.041198
0.037245
0.037458
0.045048
0.041976
0.043739
0.041120
0.043093
0.040432
0.025827
0.028849
0.025993
0.029148
0.027538
0.030770
0.032817
0.033946
0.030950
0.029077
0.031393
0.034868
0.032346
0.032327
0.039293
0.033860
0.035017
0.034802
0.040256
0.035155
0.036221
0.045282
0.032900
0.032312
0.028562
0.027266
0.029523
0.026666
0.028409
0.030666
0.026104
0.031697
0.034197
0.032927
0.033737
0.033944
0.037380
0.033699
0.049417
0.033088
0.037334
0.043594
0.038393
0.033073
0.037822
0.035312
0.033080
0.034116
0.033943
0.032955
0.040916
0.035997
0.038198
0.041489
0.040053
0.040671
0.038127
0.038312
0.040730
0.041329
0.040176
0.040022
0.039929
0.039626
0.038641
0.038877
0.038841
0.039743
0.039475
0.060021
0.037862
0.039827
0.043846
0.046733
0.041826
0.056751
0.043880
0.032553
0.031901
0.053411
0.034953
0.037487
0.033997
0.036587
0.037847
0.034328
0.037995
0.033912
0.042016
0.036235
0.036306
0.038537
0.041141
0.048348
0.053532
0.043212
0.038235
0.049363
0.040317
0.039965
0.042000
0.044386
0.041226
0.043435
0.046314
0.047524
0.042551
0.044176
0.044849
0.047574
0.047908
0.045875
0.042825
0.045051
0.045731
0.044821
0.043484
0.044781
0.044456
0.044875
0.045484
0.046855
0.049069
0.047630
0.048531
0.046644
0.052823
0.046649
0.048213
0.046347
0.046589
0.047530
0.049158
0.048859
0.046977
0.052810
0.046558
0.047217
0.046644
0.050873
0.047267
0.048171
0.047236
0.049759
0.049516
0.046782
0.048414
0.049783
0.046685
0.051559
0.048568
0.051532
0.046821
0.047394
0.047118
0.046895
0.046601
0.046894
0.047515
0.053797
0.054915
0.057559
0.049556
0.047427
0.046119
0.051712
0.046086
0.051708
0.038959
0.040277
0.041497
0.039259
0.040306
0.044336
0.041765
0.041712
0.038682
0.043489
0.040843
0.042302
0.041382
0.037184
0.040642
0.036386
0.038336
0.040184
0.039916
0.042924
0.039872
0.038477
0.039097
0.048187
0.042414
0.054085
0.040344
0.040697
0.045968
0.046269
0.048445
0.031299
0.047464
0.040752
0.039924
0.056803
0.060590
0.045219
0.041309
0.047104
0.046861
0.042493
0.044493
0.048404
0.047290
0.047437
0.043586
0.051399
0.067096
0.049045
0.049881
0.056498
0.056237
0.053427
0.053479
0.047418
0.048360
0.048473
0.051073
0.048241
0.048784
0.046037
0.046725
0.051440
0.039788
0.040004
0.040813
0.042511
0.043110
0.045517
0.045102
0.045294
0.044865
0.044835
0.047666
0.051605
0.049854
0.046201
0.044113
0.047323
0.048321
0.046625
0.044216
0.052400
0.044178
0.050629
0.044092
0.049038
0.044308
0.052589
0.044067
0.049865
0.044266
0.049244
0.044119
0.047949
0.044707
0.050344
0.043946
0.047521
0.049324
0.046854
0.046921
0.046049
0.046990
0.034633
0.034706
0.036422
0.035725
0.035997
0.037967
0.040760
0.038592
0.038955
0.041207
0.038190
0.045313
0.038920
0.039720
0.038207
0.041539
0.043737
0.051268
0.042402
0.044489
0.044071
0.046497
0.045639
0.044141
0.047369
0.045243
0.047859
0.045782
0.048168
0.044021
0.046416
0.046407
0.049179
0.044291
0.050242
0.047072
0.046314
0.044131
0.044390
0.045554
0.049807
0.047209
0.046018
0.049784
0.046656
0.048236
0.049259
0.048762
0.046260
0.049623
0.045305
0.049660
0.052810
0.046824
0.046377
0.056448
0.053974
0.063662
0.046432
0.047160
0.054386
0.047884
0.046729
0.046541
0.046440
0.046466
0.051552
0.046365
0.046252
0.049111
0.052755
0.051856
0.052453
0.056568
0.046995
0.047208
0.052612
0.047614
0.048529
0.045842
0.050571
0.048192
0.046402
0.049112
0.046402
0.048391
0.051069
0.043138
0.046880
0.046484
0.049118
0.047672
0.046711
0.050635
0.038045
0.047655
0.047370
0.050886
0.059532
0.051410
0.050155
0.050405
0.046987
0.043411
0.042204
0.052262
0.042089
0.045065
0.062070
0.052281
0.043792
0.046800
0.047039
0.044251
0.045252
0.043947
0.051008
0.046437
0.050542
0.042562
0.047311
0.047078
0.046227
0.046876
0.045898
0.048990
0.046059
0.044634
0.047366
0.042408
0.049671
0.046796
0.046606
0.046134
0.047631
0.046021
0.046532
0.050856
0.047152
0.048964
0.052158
0.050388
0.047854
0.046724
0.031729
0.034004
0.057871
0.049106
0.046465
0.046982
0.051654
0.066567
0.065409
0.050427
0.055097
0.052406
0.059459
0.053248
0.056165
0.049888
0.073940
0.052041
0.044009
0.049349
0.053278
0.053950
0.053838
0.047322
0.049784
0.045280
0.044034
0.038769
0.040255
0.038797
0.035892
0.040718
0.042856
0.044373
0.046147
0.029204
0.047504
0.029239
0.029319
0.032835
0.047158
0.049878
0.038321
0.032223
0.032951
0.043003
0.034206
0.032143
0.032742
0.031856
0.032067
0.034281
0.031950
0.032048
0.033612
0.033418
0.031978
0.036356
0.033424
0.034348
0.034044
0.032112
0.032884
0.036753
0.039715
0.031845
0.031540
0.035850
0.031747
0.032528
0.033039
0.033196
0.032606
0.031569
0.036156
0.030317
0.033158
0.032853
0.035144
0.035684
0.033246
0.031965
0.036987
0.047851
0.044881
0.033176
0.033575
0.032948
0.036641
0.034156
0.031610
0.031647
0.031492
0.034022
0.044946
0.047044
0.032263
0.031285
0.031894
0.033685
0.032464
0.033184
0.037256
0.033300
0.033458
0.033680
0.031631
0.032442
0.033903
0.034802
0.035914
0.032135
0.032757
0.031663
0.031754
0.032089
0.031715
0.035661
0.031646
0.031461
0.029843
0.030641
0.030016
0.031127
0.030218
0.029239
0.030386
0.031413
0.047305
0.030964
0.043327
0.042986
0.030830
0.030192
0.033365
0.032844
0.029675
0.034609
0.030095
0.029616
0.029639
0.030619
0.044087
0.029785
0.043059
0.034169
0.029765
0.029505
0.032248
0.031796
0.045034
0.043701
0.043207
0.049253
0.044736
0.044781
0.054953
0.029539
0.044822
0.042213
0.044523
0.030863
0.043005
0.043974
0.032607
0.030092
0.029552
0.031121
0.032211
0.030206
0.029479
0.033384
0.029771
0.029575
0.035486
0.030633
0.029549
0.032002
0.029727
0.030469
0.046282
0.043173
0.044319
0.044374
0.043752
0.029695
0.045794
0.030683
0.054094
0.045369
0.043038
0.029426
0.047702
0.043517
0.042883
0.044803
0.031341
0.029731
0.029352
0.030820
0.031801
0.031917
0.032398
0.031844
0.029392
0.034201
0.031654
0.031517
0.047076
0.046247
0.046253
0.045687
0.047310
0.046377
0.035301
0.044000
0.056845
0.057339
0.046438
0.046401
0.062061
0.047744
0.049526
0.046124
0.050754
0.046636
0.049670
0.047640
0.047627
0.046595
0.046493
0.049987
0.047381
0.048815
0.052492
0.047700
0.045942
0.048612
0.046875
0.052754
0.049372
0.046033
0.053071
0.053327
0.046808
0.051880
0.048491
0.045990
0.048448
0.046193
0.046720
0.048077
0.045979
0.046467
0.048936
0.046601
0.045950
0.046230
0.049075
0.046085
0.048265
0.043881
0.023935
0.027777
0.034273
0.037611
0.046951
0.044585
0.045886
0.046040
0.056427
0.047503
0.048681
0.057380
0.057397
0.051124
0.045990
0.049202
0.046012
0.050805
0.046443
0.049287
0.046510
0.046469
0.033354
0.046596
0.046887
0.048227
0.046529
0.043473
0.039810
0.047439
0.046356
0.046787
0.046392
0.046594
0.047790
0.049741
0.048434
0.046724
0.046458
0.054802
0.047051
0.046554
0.047890
0.046826
0.048357
0.046850
0.044658
0.022446
0.035892
0.042748
0.047479
0.047674
0.049432
0.047646
0.061552
0.067597
0.043814
0.061327
0.045968
0.066570
0.047459
0.046990
0.049102
0.064566
0.052958
0.063944
0.049311
0.047610
0.080967
0.047879
0.048922
0.047638
0.065407
0.046438
0.049197
0.066041
0.049393
0.046516
0.048135
0.049130
0.050747
0.047947
0.049460
0.052717
0.049954
0.048715
0.048093
0.046345
0.032925
0.059011
0.057651
0.047013
0.042419
0.045861
0.047621
0.049942
0.041600
0.068252
0.059668
0.031372
0.042680
0.037579
0.040389
0.046696
0.040656
0.043183
0.040109
0.041003
0.043004
0.043028
0.047674
0.050215
0.046069
0.046405
0.042242
0.036839
0.033648
0.051901
0.035202
0.040460
0.036034
0.036684
0.041835
0.037541
0.044706
0.038888
0.039919
0.021872
0.022089
0.020649
0.023990
0.019838
0.018811
0.019870
0.037140
0.039625
0.031942
0.037070
0.032324
0.033787
0.033352
0.047314
0.034475
0.041192
0.033368
0.035245
0.032520
0.033532
0.033823
0.031909
0.034643
0.032033
0.044961
0.033786
0.024329
0.022443
0.030909
0.039732
0.033272
0.034158
0.031784
0.037896
0.034415
0.031950
0.039339
0.040802
0.041109
0.035625
0.040347
0.035106
0.033633
0.035113
0.038603
0.043558
0.033801
0.044479
0.034904
0.035141
0.036523
0.034585
0.034532
0.038722
0.037030
0.034868
0.039158
0.035978
0.041453
0.036431
0.034737
0.034931
0.034825
0.038962
0.034217
0.034564
0.039327
0.033892
0.034442
0.035667
0.035019
0.039783
0.034029
0.036675
0.036686
0.037350
0.034546
0.034062
0.037537
0.034772
0.034865
0.035353
0.034476
0.039413
0.034313
0.034686
0.037493
0.039672
0.036508
0.037579
0.045502
0.043194
0.036702
0.036472
0.039250
0.032161
0.034857
0.025275
0.027864
0.028497
0.043805
0.038990
0.033674
0.035156
0.034655
0.029927
0.027348
0.017454
0.018094
0.017363
0.018799
0.043646
0.039263
0.017551
0.017487
0.020094
0.020456
0.018089
0.019395
0.021798
0.022380
0.025841
0.022120
0.023643
0.026271
0.021934
0.022664
0.024658
0.042241
0.046484
0.028333
0.028378
0.030700
0.033731
0.031673
0.034157
0.033415
0.035795
0.031799
0.031770
0.038562
0.031713
0.028428
0.032582
0.030751
0.028865
0.028657
0.033528
0.030987
0.032556
0.029384
0.051129
0.036007
0.030899
0.038534
0.036629
0.036101
0.036685
0.037047
0.035797
0.039507
0.039414
0.036442
0.038250
0.056774
0.042468
0.043429
0.035470
0.031070
0.049528
0.043411
0.032964
0.033514
0.056316
0.042568
0.037895
0.042554
0.042980
0.057965
0.041784
0.041795
0.062225
0.057554
0.024542
0.022853
0.025914
0.027838
0.025540
0.025895
0.029234
0.035957
0.030796
0.029653
0.031656
0.028903
0.050779
0.028691
0.029322
0.033764
0.029241
0.028866
0.034558
0.029011
0.028520
0.035886
0.032428
0.045814
0.035537
0.030911
0.030468
0.038505
0.031379
0.053345
0.047795
0.032251
0.035597
0.038690
0.036807
0.035466
0.052165
0.035110
0.042150
0.036343
0.049645
0.051829
0.037494
0.038159
0.038453
0.041218
0.040264
0.030347
0.028771
0.030579
0.030143
0.028636
0.038821
0.032745
0.046884
0.033326
0.030874
0.030882
0.033546
0.036119
0.036376
0.062740
0.033357
0.045137
0.040838
0.037404
0.048721
0.036556
0.048510
0.036573
0.039304
0.043269
0.044964
0.031706
0.037911
0.033562
0.033642
0.034118
0.038503
0.036582
0.032996
0.047469
0.039204
0.045192
0.034930
0.046094
0.045529
0.039449
0.052146
0.033369
0.032871
0.040184
0.043172
0.018401
0.018551
0.032264
0.026245
0.038874
0.018440
0.022116
0.020289
0.022120
0.018453
0.018604
0.021963
0.019744
0.022404
0.021138
0.025388
0.023149
0.029647
0.024508
0.026135
0.030449
0.032823
0.036652
0.038319
0.029130
0.026905
0.031004
0.035529
0.028909
0.026703
0.026629
0.030040
0.026952
0.036156
0.027976
0.026726
0.026582
0.031737
0.046855
0.030241
0.029414
0.033326
0.027364
0.031336
0.027237
0.031561
0.027359
0.053952
0.038655
0.028849
0.028499
0.038458
0.028796
0.035515
0.028290
0.021421
0.021004
0.020380
0.038604
0.033285
0.033555
0.054036
0.033675
0.032686
0.042132
0.033929
0.033378
0.035954
0.036429
0.036053
0.060164
0.037672
0.036788
0.034544
0.034571
0.040316
0.034674
0.035017
0.042286
0.034317
0.034673
0.050282
0.053184
0.041470
0.041070
0.035140
0.037676
0.037575
0.039688
0.040083
0.042932
0.041544
0.053064
0.041907
0.046248
0.048554
0.050837
0.050858
0.043609
0.046661
0.044317
0.046060
0.046743
0.046814
0.046450
0.045584
0.045926
0.045370
0.049016
0.044221
0.047017
0.046554
0.050913
0.044339
0.047230
0.044098
0.043907
0.045499
0.044160
0.047260
0.044015
0.049756
0.045089
0.051769
0.046120
0.049957
0.046085
0.046287
0.049682
0.045938
0.049476
0.032760
0.034654
0.032105
