1
456.4067,357.9067,92.1867,137.1867
458.2924,357.2924,93.4152,138.4152
453.1274,356.6274,93.7453,138.7453
446.3693,350.3693,97.2615,142.2615
446.2129,352.2129,98.5742,143.5742
433.3598,348.3598,99.2804,144.2804
444.8145,352.3145,97.3709,142.3709
441.2054,356.2054,90.5892,135.5892
448.5105,354.5105,87.9790,132.9790
978.0781,134.0781,84.8438,129.8438
970.7623,124.7623,95.4754,140.4754
970.7705,120.7705,101.4589,146.4589
960.1151,113.1151,108.7698,153.7698
958.5573,112.5573,111.8854,156.8854
963.0190,117.0190,96.9620,141.9620
430.0329,366.0329,81.9342,126.9342
432.1074,366.6074,86.7853,131.7853
423.0824,360.0824,95.8351,140.8351
424.9956,350.9956,105.0089,150.0089
426.6134,364.6134,97.7732,142.7732
429.8625,369.8625,93.2750,138.2750
424.8105,371.8105,94.3790,139.3790
420.6819,363.1819,100.6362,145.6362
433.9083,366.4083,93.1835,138.1835
430.4806,370.9806,86.0388,131.0388
417.1906,360.6906,96.6188,141.6188
406.6445,369.1445,89.7110,134.7110
402.0601,362.0601,97.8798,142.8798
399.5250,357.0250,96.9500,141.9500
393.3723,370.3723,74.2555,119.2555
412.5000,387.0000,52.0000,97.0000
402.6474,378.1474,68.7053,113.7053
402.2299,380.2299,65.5403,110.5403
391.8126,377.3126,78.3748,123.3748
373.4946,368.4946,92.0109,137.0109
358.6848,364.6848,103.6303,148.6303
354.9198,368.4198,103.1604,148.1604
343.8953,365.8953,109.2094,154.2094
342.1000,366.1000,108.8001,153.8001
343.5085,368.0085,100.9831,145.9831
341.2541,370.2541,95.4918,140.4918
335.9380,364.4380,106.1240,151.1240
343.3553,370.3553,97.2893,142.2893
343.8940,374.3940,91.2120,136.2120
331.4178,366.4178,96.1644,141.1644
319.4308,357.4308,104.1384,149.1384
327.7773,360.2773,98.4453,143.4453
322.0155,354.5155,98.9690,143.9690
315.4940,341.4940,108.0119,153.0119
322.2458,345.7458,108.5084,153.5084
331.5319,358.0319,106.9362,151.9362
325.2822,363.2822,100.4356,145.4356
320.4303,359.9303,108.1393,153.1393
323.8549,361.3549,108.2902,153.2902
323.6074,366.1074,104.7851,149.7851
318.5323,358.0323,111.9355,156.9355
327.5457,362.5457,106.9086,151.9086
320.4695,367.4695,102.0611,147.0611
325.7603,367.2603,101.4795,146.4795
326.5630,370.5630,100.8739,145.8739
319.9503,375.9503,91.0995,136.0995
340.0417,400.0417,53.9165,98.9165
348.9177,393.9177,61.1646,106.1646
335.5929,381.0929,80.8141,125.8141
324.5328,372.5328,85.9344,130.9344
403.5000,276.5000,69.0000,159.0000
322.9107,384.4107,61.1786,106.1786
410.5000,276.5000,69.0000,159.0000
410.5000,276.5000,69.0000,159.0000
328.4865,384.9865,67.0269,112.0269
327.3589,378.3589,80.2821,125.2821
321.7143,379.2143,76.5714,121.5714
323.9486,378.9486,77.1028,122.1028
410.5000,276.5000,69.0000,159.0000
410.5000,276.5000,69.0000,159.0000
410.5000,275.5000,69.0000,159.0000
326.9520,392.4520,54.0959,99.0959
332.5064,391.0064,53.9872,98.9872
410.5000,276.5000,69.0000,159.0000
332.7422,391.7422,50.5156,95.5156
402.5000,276.5000,69.0000,159.0000
605.5000,280.5000,69.0000,159.0000
605.5000,280.5000,69.0000,159.0000
394.5000,261.5000,69.0000,159.0000
605.5000,280.5000,69.0000,159.0000
605.5000,280.5000,69.0000,159.0000
605.5000,280.5000,69.0000,159.0000
394.5000,262.5000,69.0000,159.0000
394.5000,262.5000,69.0000,159.0000
323.8647,361.8647,81.2707,126.2707
317.2193,354.7193,91.5614,136.5614
319.1060,357.1060,92.7881,137.7881
325.4830,365.9830,75.0339,120.0339
315.7044,355.7044,86.5913,131.5913
311.5441,355.0441,86.9118,131.9118
296.5507,346.0507,94.8987,139.8987
303.5608,347.0608,87.8784,132.8784
311.7366,348.2366,90.5268,135.5268
308.8126,353.3126,73.3748,118.3748
312.8574,338.8574,83.2852,128.2852
322.3313,342.3313,71.3375,116.3375
316.6787,347.1787,62.6425,107.6425
316.9808,344.4808,67.0384,112.0384
315.2675,339.2675,77.4651,122.4651
330.6510,356.1510,44.6980,89.6980
313.0857,339.5857,81.8286,126.8286
313.2052,335.7052,94.5895,139.5895
308.9651,333.4651,99.0697,144.0697
315.3502,340.3502,89.2996,134.2996
323.5129,345.5129,77.9741,122.9741
315.3335,336.3335,91.3331,136.3331
326.3001,349.8001,69.3999,114.3999
319.0403,336.0403,94.9194,139.9194
316.0128,337.5128,92.9743,137.9743
327.4104,345.4104,63.1793,108.1793
320.5823,329.5823,86.8355,131.8354
333.7898,337.2898,67.4204,112.4204
333.9897,325.4897,83.0206,128.0206
335.0524,322.0524,92.8952,137.8952
330.9155,328.9155,81.1690,126.1690
339.7188,326.2188,82.5625,127.5625
323.3321,324.3321,98.3357,143.3357
316.3190,330.8190,102.3620,147.3620
320.1508,331.6508,107.6984,152.6984
312.7027,334.2027,108.5945,153.5945
317.5856,337.0856,111.8288,156.8288
320.3551,339.8551,115.2898,160.2899
321.3768,346.3768,113.2464,158.2464
336.2800,356.7800,109.4400,154.4400
320.8620,358.3620,110.2760,155.2760
324.4921,364.4921,106.0157,151.0157
332.6612,364.1612,105.6776,150.6776
327.3045,372.3045,96.3910,141.3910
326.7500,366.7500,100.5000,145.5000
326.9381,375.9381,88.1237,133.1237
341.5019,389.0019,66.9962,111.9962
341.8326,397.3326,53.3348,98.3348
328.4946,382.4946,92.0109,137.0109
328.8075,388.3075,83.3851,128.3851
338.3257,399.8257,77.3486,122.3486
334.2188,396.7188,92.5625,137.5625
326.2836,405.7836,101.4328,146.4328
322.7260,396.7260,112.5481,157.5481
323.4589,401.4589,109.0822,154.0822
319.7885,398.2885,112.4230,157.4230
319.2955,399.7955,111.4090,156.4090
326.8953,402.8953,109.2094,154.2094
341.5711,410.5711,96.8578,141.8578
383.6255,427.6255,68.7491,113.7491
381.5139,417.5139,74.9722,119.9722
382.4825,413.4825,81.0349,126.0349
392.1423,417.1423,78.7154,123.7154
395.7147,409.7147,87.5707,132.5707
403.3887,400.3887,90.2225,135.2225
414.0688,414.0688,69.8624,114.8624
408.4348,413.4348,68.1303,113.1303
412.6564,401.6564,98.6872,143.6872
420.1725,405.6725,96.6550,141.6550
433.8918,421.3918,80.2165,125.2165
424.3382,411.8382,100.3236,145.3236
419.3165,405.8165,114.3671,159.3671
420.1310,397.1310,120.7380,165.7380
416.9013,406.9013,111.1975,156.1975
415.3482,408.3482,113.3036,158.3036
417.7895,408.7895,110.4210,155.4210
421.3975,412.8975,110.2050,155.2050
427.5154,405.0154,115.9693,160.9693
421.9235,405.4235,112.1531,157.1531
426.8543,404.8543,112.2914,157.2914
437.0221,414.0221,93.9559,138.9559
447.8818,432.8818,55.2364,100.2364
449.7639,439.2639,52.4722,97.4722
460.5000,393.5000,69.0000,159.0000
460.5000,392.5000,69.0000,159.0000
460.5000,392.5000,69.0000,159.0000
476.5000,392.5000,69.0000,159.0000
439.8080,449.3080,61.3840,106.3840
434.0221,441.0221,76.9559,121.9559
426.1978,426.6978,101.6044,146.6044
434.6668,437.6668,85.6664,130.6664
438.5657,437.0657,84.8686,129.8686
441.2650,442.7650,80.4701,125.4701
468.5000,392.5000,69.0000,159.0000
435.4085,434.4085,87.1830,132.1830
439.0302,442.5302,77.9396,122.9396
431.6421,425.1421,97.7159,142.7159
431.0498,416.5498,95.9003,140.9003
441.3203,417.8203,91.3595,136.3595
442.1819,425.1819,89.6362,134.6362
438.3156,412.8156,95.3687,140.3687
427.9355,382.9355,109.1291,154.1291
429.6261,384.1261,105.7478,150.7478
425.8149,371.8149,113.3701,158.3701
427.3126,373.3126,114.3749,159.3749
422.8859,368.8859,116.2282,161.2282
419.4343,369.9343,121.1314,166.1314
420.1920,377.1920,118.6160,163.6160
417.7955,380.2955,122.4090,167.4090
411.3257,360.8257,134.3486,179.3486
409.2737,367.7737,129.4526,174.4526
409.3829,368.3829,131.2342,176.2342
407.9227,368.9227,129.1546,174.1546
399.0056,364.5056,133.9887,178.9887
398.0160,361.5160,131.9679,176.9679
387.1382,354.1382,130.7237,175.7237
375.3947,354.3947,130.2105,175.2105
370.8945,349.8945,131.2109,176.2109
378.4151,356.4151,122.1698,167.1698
362.0691,356.5691,124.8618,169.8618
357.0254,362.5254,122.9491,167.9491
350.6862,367.6862,126.6276,171.6276
345.6631,372.6631,126.6738,171.6738
334.9222,370.9222,130.1556,175.1556
340.1750,382.1750,124.6499,169.6499
325.4217,382.4217,131.1566,176.1566
330.5536,385.0536,128.8928,173.8928
331.9138,388.9138,125.1725,170.1725
323.1382,384.1382,130.7237,175.7237
326.6451,382.6451,128.7099,173.7099
324.8954,385.8954,127.2092,172.2092
320.6455,385.6455,126.7090,171.7090
337.9416,401.9416,119.1168,164.1168
325.0554,390.5554,125.8893,170.8893
330.2557,399.2557,121.4885,166.4885
318.9534,391.4534,123.0932,168.0932
310.6371,386.1371,123.7258,168.7258
310.9682,386.9682,123.0635,168.0635
311.8000,398.3000,114.3999,159.3999
303.5000,390.0000,118.0000,163.0000
300.2527,384.7527,125.4945,170.4945
301.0608,391.0608,125.8783,170.8783
299.7486,395.7486,126.5027,171.5027
298.7846,392.7846,128.4308,173.4308
288.4782,391.4782,129.0436,174.0436
284.0350,397.5350,130.9300,175.9300
284.5504,394.0504,134.8992,179.8992
276.7600,400.2600,134.4800,179.4800
249.2906,407.7906,134.4187,179.4187
235.7400,419.2400,134.5200,179.5200
283.0951,412.5951,121.8098,166.8098
295.7692,418.2692,109.4617,154.4617
304.9793,422.4793,104.0414,149.0414
306.8753,434.3753,84.2494,129.2494
323.1580,453.1580,57.6840,102.6840
460.5000,276.5000,69.0000,159.0000
342.1064,452.1064,53.7873,98.7873
335.6217,440.6217,67.7566,112.7566
321.6945,424.1945,88.6110,133.6110
324.7299,424.2299,87.5401,132.5401
328.0085,425.0085,85.9830,130.9830
321.8079,420.3079,87.3843,132.3843
315.1317,415.6317,102.7367,147.7367
309.4904,411.4904,106.0192,151.0192
312.3199,411.3199,111.3603,156.3603
315.3102,407.3102,115.3795,160.3795
321.2621,408.2621,117.4759,162.4759
324.4307,408.9307,112.1386,157.1386
323.2097,408.7097,110.5806,155.5806
312.3224,406.8224,104.3552,149.3552
317.8567,401.3567,105.2867,150.2867
323.3846,404.8846,101.2308,146.2308
324.7341,395.7341,97.5317,142.5317
325.8101,402.3101,85.3798,130.3798
326.1318,395.6318,91.7364,136.7364
324.7830,385.7830,106.4340,151.4340
323.4015,381.9015,115.1970,160.1970
317.7454,383.7454,115.5093,160.5093
318.5146,385.5146,115.9709,160.9709
313.3702,381.8702,122.2596,167.2596
309.7167,383.7167,124.5666,169.5666
310.1574,386.6574,123.6852,168.6852
310.6169,382.1169,124.7663,169.7663
311.6007,379.1007,123.7987,168.7987
312.0995,377.5995,124.8009,169.8009
313.6768,373.6768,121.6464,166.6464
311.5185,370.0185,118.9630,163.9630
309.2574,367.7574,110.4852,155.4852
308.7720,367.2720,105.4560,150.4560
306.0671,361.5671,109.8658,154.8658
309.7727,363.2727,100.4545,145.4545
307.1090,361.6090,103.7820,148.7820
297.3083,354.8083,107.3835,152.3835
299.3488,358.3488,110.3024,155.3024
303.4531,357.9531,113.0939,158.0939
304.9299,360.9299,112.1402,157.1402
296.9380,361.9380,110.1241,155.1241
294.3102,354.3102,115.3795,160.3795
288.6876,348.1876,119.6249,164.6249
291.5547,350.5547,117.8906,162.8906
291.8126,354.8126,114.3749,159.3749
285.3423,345.8423,116.3153,161.3153
288.1365,351.6365,111.7269,156.7269
288.0199,346.0199,112.9602,157.9602
284.9115,346.4115,110.1769,155.1769
286.6460,343.1460,103.7080,148.7080
292.6271,346.6271,102.7459,147.7459
293.8460,354.3460,94.3080,139.3080
306.1963,354.6963,84.6074,129.6074
304.4869,352.4869,87.0262,132.0262
296.9956,338.9956,105.0089,150.0089
291.7961,333.2961,110.4078,155.4078
289.5008,329.0008,114.9984,159.9984
285.7195,327.2195,116.5610,161.5610
284.3595,329.8595,118.2810,163.2810
289.4456,328.4456,116.1088,161.1088
282.7500,328.7500,118.5000,163.5000
283.3797,325.3797,118.2407,163.2407
289.4456,328.4456,116.1088,161.1088
284.8729,327.3729,115.2543,160.2543
285.2344,321.2344,114.5312,159.5312
287.4181,321.9181,113.1638,158.1638
287.8460,320.8460,107.3080,152.3080
282.1611,321.6611,107.6779,152.6779
275.2325,315.7325,102.5349,147.5349
276.6876,311.1876,97.6249,142.6249
279.0734,312.0734,94.8531,139.8531
266.6720,306.1720,98.6561,143.6561
266.8159,312.8159,91.3683,136.3683
274.6231,313.6231,91.7538,136.7538
279.3763,313.8763,96.2475,141.2475
278.1523,305.6523,103.6954,148.6954
280.3566,312.8566,98.2868,143.2868
277.9004,308.9004,99.1993,144.1993
260.8087,313.3087,98.3827,143.3827
260.4938,306.4938,105.0124,150.0124
257.2500,307.2500,104.5000,149.5000
271.9198,308.4198,103.1604,148.1604
254.5060,305.5060,106.9879,151.9879
263.6082,304.6082,100.7835,145.7835
264.9271,301.4271,103.1458,148.1458
247.2787,294.7787,106.4427,151.4427
257.6377,297.1377,99.7246,144.7246
260.3772,295.3772,98.2456,143.2456
261.8260,291.3260,99.3479,144.3479
249.8861,286.8861,103.2277,148.2277
243.7032,286.7032,106.5937,151.5937
246.5132,286.0132,109.9735,154.9735
242.6798,282.1798,115.6403,160.6403
244.6947,275.1947,121.6106,166.6106
245.9222,275.9222,122.1556,167.1556
243.4217,273.4217,123.1566,168.1566
259.4934,275.4934,120.0132,165.0132
257.0318,281.5318,116.9363,161.9363
252.7477,277.2477,117.5045,162.5045
251.3038,274.3038,120.3924,165.3924
227.8752,269.8752,120.2496,165.2496
221.8783,274.8783,115.2434,160.2434
213.5707,272.5707,114.8586,159.8586
213.4482,278.9482,102.1036,147.1036
209.3556,285.3556,85.2888,130.2888
213.8313,277.3313,81.3375,126.3375
212.5397,268.0398,98.9205,143.9205
217.0430,267.0430,96.9139,141.9139
214.3693,267.3693,97.2615,142.2615
218.8501,264.3501,104.2997,149.2997
212.4438,262.9438,110.1125,155.1125
213.2377,262.7377,115.5247,160.5247
214.0629,262.0630,112.8741,157.8741
211.4057,264.4057,108.1885,153.1885
212.2224,265.2224,111.5552,156.5552
213.5143,270.0143,108.9715,153.9715
212.7628,265.2628,107.4743,152.4743
218.8041,259.3041,108.3918,153.3918
217.0903,257.5903,109.8193,154.8193
223.9834,254.9834,106.0332,151.0332
222.3976,246.8976,104.2047,149.2047
223.8807,244.8807,103.2386,148.2386
227.3812,247.8812,97.2375,142.2375
223.5341,246.0341,94.9318,139.9318
221.5956,245.5956,97.8088,142.8088
219.8550,244.3550,96.2900,141.2900
220.6981,243.6981,99.6038,144.6038
223.4695,244.4695,102.0611,147.0611
218.1832,242.6832,105.6337,150.6337
218.5596,241.0596,107.8809,152.8809
212.1728,241.6728,106.6544,151.6543
213.9165,240.9165,107.1670,152.1671
215.7027,243.2027,108.5945,153.5945
209.3796,245.8796,106.2409,151.2409
205.4227,250.4227,108.1546,153.1546
205.2267,254.7267,109.5467,154.5466
205.0894,251.0894,114.8212,159.8212
199.9750,257.9750,102.0500,147.0500
204.6962,253.6962,99.6076,144.6076
199.4921,246.9921,98.0157,143.0157
196.4426,241.4426,103.1149,148.1149
202.4098,240.9098,103.1804,148.1804
205.2188,243.2188,98.5625,143.5625
205.6981,241.6981,99.6038,144.6038
191.3190,243.8190,102.3620,147.3620
197.2362,244.7362,102.5276,147.5276
199.9816,241.9816,106.0367,151.0367
195.9275,239.4275,106.1450,151.1450
192.2430,240.2430,105.5141,150.5141
192.5090,245.0090,103.9820,148.9820
187.3930,245.8930,108.2140,153.2140
187.7365,246.7365,108.5270,153.5270
194.3802,247.3802,109.2395,154.2395
194.9665,246.9665,111.0670,156.0670
184.9074,241.4074,112.1853,157.1853
180.3892,243.8892,110.2215,155.2215
185.5139,245.0139,110.9722,155.9722
188.7389,242.7389,113.5221,158.5222
187.9093,244.9093,104.1814,149.1814
197.7947,234.7947,104.4107,149.4107
201.1133,234.6133,102.7733,147.7733
190.7743,234.7743,101.4515,146.4515
194.2339,237.7339,100.5322,145.5322
197.6480,232.6480,105.7039,150.7039
191.3083,231.8083,107.3835,152.3835
188.5737,228.5737,109.8525,154.8525
185.7167,230.7167,109.5666,154.5666
177.4077,224.4077,115.1846,160.1846
180.4069,229.4069,117.1862,162.1862
181.2686,226.7686,118.4628,163.4628
178.2691,227.7691,116.4619,161.4619
179.6474,228.6474,118.7051,163.7051
178.1472,228.1472,119.7056,164.7056
182.9065,232.9065,118.1869,163.1869
182.6835,239.6835,111.6330,156.6330
178.1828,239.1828,112.6345,157.6345
178.2481,238.2481,101.5037,146.5037
182.0784,238.5784,95.8433,140.8433
179.8839,233.3839,99.2321,144.2321
186.6019,234.1019,98.7962,143.7962
190.5447,238.0447,102.9105,147.9105
192.8106,237.3106,99.3787,144.3787
187.7875,234.7875,104.4250,149.4250
190.9074,223.4074,112.1853,157.1853
188.1477,219.1477,117.7046,162.7046
184.3797,221.3797,117.2406,162.2406
177.3767,226.3767,116.2466,161.2466
177.5123,226.0123,115.9755,160.9755
178.0187,230.5187,117.9626,162.9626
179.2691,229.7691,116.4619,161.4619
178.1252,227.1252,120.7496,165.7496
177.0067,222.5067,117.9865,162.9865
184.5270,220.0270,117.9461,162.9461
184.2132,224.2132,112.5737,157.5737
197.3102,219.3102,115.3795,160.3795
194.3673,219.3673,113.2655,158.2655
201.8803,224.8803,108.2394,153.2394
191.2536,224.2536,103.4928,148.4928
188.6234,218.6234,102.7532,147.7532
194.6900,219.6900,109.6199,154.6199
190.5181,218.5181,113.9638,158.9638
187.1799,219.1799,116.6401,161.6401
181.5189,217.0189,116.9621,161.9621
182.3839,215.3839,120.2321,165.2321
185.8891,214.8891,124.2218,169.2218
186.3961,212.3961,124.2079,169.2079
186.8834,214.8834,125.2331,170.2331
180.6266,217.6266,124.7469,169.7469
172.5007,216.0007,124.9986,169.9986
175.6252,217.6252,125.7497,170.7497
174.5007,214.0007,126.9986,171.9986
172.6294,214.6294,123.7412,168.7412
174.2960,210.7960,121.4080,166.4080
173.6768,208.6768,121.6464,166.6464
175.1912,204.1912,119.6176,164.6176
172.8245,205.3245,118.3511,163.3511
175.8412,203.3412,117.3176,162.3176
176.4564,203.4564,119.0872,164.0872
178.1418,202.6418,120.7163,165.7163
175.6402,200.1402,121.7196,166.7195
176.6195,199.1195,122.7610,167.7610
171.9155,200.9155,121.1689,166.1689
169.5177,204.0177,122.9647,167.9647
171.6295,205.6295,121.7410,166.7410
169.3893,202.3893,123.2215,168.2215
168.7750,199.2750,124.4500,169.4500
171.3051,199.8051,126.3899,171.3899
176.5818,201.0818,126.8363,171.8363
177.5985,199.0985,125.8031,170.8031
177.1936,198.6936,127.6128,172.6128
174.4031,199.9031,126.1938,171.1938
176.7692,196.7692,125.4615,170.4615
173.7209,194.7209,120.5581,165.5581
171.0484,195.0484,120.9031,165.9031
175.5303,194.5303,118.9393,163.9393
172.5267,196.5267,120.9465,165.9465
172.5716,194.5716,120.8568,165.8568
175.3182,191.3182,122.3635,167.3635
177.2243,192.7243,124.5514,169.5514
178.2957,192.7957,127.4086,172.4086
173.6957,194.1957,126.6086,171.6086
170.0408,197.0408,124.9185,169.9185
172.8778,196.8778,128.2443,173.2443
172.7926,200.2926,128.4149,173.4149
164.6714,202.1714,127.6571,172.6571
162.3998,199.8998,128.2003,173.2003
160.2899,198.2899,125.4203,170.4203
165.5841,199.5841,125.8318,170.8318
165.2137,196.2137,127.5726,172.5726
167.0445,192.0445,122.9110,167.9110
160.0526,186.0526,118.8949,163.8949
159.4604,181.4604,115.0792,160.0791
160.8806,182.3806,115.2388,160.2388
164.5276,179.0276,115.9448,160.9448
175.3613,175.8613,115.2775,160.2775
181.9726,175.9726,119.0547,164.0547
182.7604,178.7604,118.4792,163.4792
189.0484,179.0484,120.9031,165.9031
195.3431,185.8431,122.3137,167.3137
204.6467,181.6467,121.7066,166.7066
208.3683,186.8683,116.2634,161.2634
210.8198,184.3198,120.3604,165.3604
240.7177,182.7177,119.5647,164.5647
271.6981,168.6981,123.6039,168.6039
289.3878,171.8878,123.2243,168.2243
302.1688,176.6687,117.6625,162.6625
306.7016,175.7016,114.5968,159.5968
328.8752,174.8752,115.2496,160.2496
341.6765,180.1765,102.6469,147.6469
401.4017,170.9017,105.1965,150.1965
421.9804,172.4805,108.0391,153.0391
428.6430,178.1430,104.7140,149.7140
425.6039,182.1039,104.7922,149.7923
425.8457,189.8457,102.3086,147.3085
424.3523,189.8523,108.2953,153.2953
431.0614,194.0614,114.8772,159.8772
435.8584,193.8584,116.2832,161.2832
433.0285,200.0285,119.9430,164.9430
453.6920,201.1921,117.6159,162.6159
463.1375,207.1375,115.7250,160.7250
473.8669,209.8670,110.2661,155.2661
491.8669,211.8670,110.2661,155.2661
515.9222,204.9222,114.1555,159.1555
517.2808,209.2808,107.4383,152.4383
549.0686,213.0686,111.8628,156.8628
554.8423,216.8423,114.3154,159.3154
556.8237,228.3236,113.3527,158.3527
560.1754,231.6754,111.6492,156.6492
567.3768,235.8768,111.2463,156.2463
567.7313,246.2313,111.5373,156.5373
568.8439,252.3439,114.3123,159.3123
562.5217,260.5217,117.9566,162.9566
558.3375,267.8374,117.3251,162.3251
554.4574,272.4574,121.0852,166.0852
549.8169,286.3169,120.3662,165.3662
559.6636,307.1635,112.6729,157.6729
553.9116,315.4116,115.1768,160.1768
547.4257,328.4257,116.1486,161.1486
548.5912,331.0912,122.8176,167.8176
548.6967,351.6967,116.6066,161.6066
558.0488,358.5489,118.9023,163.9023
560.2689,375.2688,107.4623,152.4623
560.1631,383.6631,103.6737,148.6737
565.1227,392.1227,81.7546,126.7546
570.8979,397.8979,84.2041,129.2041
561.2687,402.2688,94.4625,139.4625
549.6876,406.6876,102.6249,147.6249
542.9129,412.4129,99.1742,144.1742
542.2205,411.2205,106.5590,151.5590
533.8056,413.3056,106.3888,151.3888
532.4158,420.4158,99.1684,144.1684
526.5344,422.0344,99.9313,144.9313
533.7726,418.2726,103.4547,148.4547
538.1928,412.1928,117.6144,162.6144
533.3423,413.8423,116.3153,161.3153
530.4324,415.4324,113.1352,158.1352
533.4310,414.4310,115.1381,160.1381
529.4077,413.4077,115.1846,160.1846
530.7059,408.7059,119.5882,164.5882
534.1812,405.6812,122.6377,167.6377
547.0361,404.0361,115.9279,160.9279
553.8961,404.3961,118.2078,163.2078
550.7454,400.7454,115.5093,160.5093
558.3431,395.3430,112.3139,157.3139
555.3770,399.8770,105.2460,150.2460
561.6096,393.6096,106.7807,151.7807
555.6157,392.6157,113.7685,158.7685
561.4142,392.4142,108.1716,153.1716
562.1403,392.6404,104.7193,149.7193
558.3359,395.8359,101.3281,146.3281
556.8085,396.8085,96.3830,141.3829
566.2483,406.7483,70.5035,115.5035
554.2188,399.7188,92.5625,137.5625
532.7000,401.7000,99.5999,144.5999
546.5000,411.0000,84.0000,129.0000
547.5409,411.0409,84.9183,129.9182
532.1434,409.1434,89.7132,134.7132
530.6618,407.1618,97.6763,142.6763
519.9814,413.4814,95.0372,140.0372
516.1090,407.6090,103.7820,148.7820
519.2748,411.7748,92.4504,137.4504
507.0804,413.5804,88.8392,133.8392
504.2238,414.2238,96.5524,141.5524
492.5795,417.5795,91.8411,136.8411
482.1025,427.1025,83.7950,128.7950
487.9238,408.9238,91.1525,136.1525
481.2767,402.2767,109.4466,154.4467
478.7454,403.7454,115.5093,160.5093
465.0865,401.5865,121.8270,166.8270
461.6793,406.6793,117.6414,162.6414
455.9432,413.9432,117.1136,162.1136
453.1928,414.1928,117.6144,162.6144
452.2177,417.2177,123.5646,168.5646
442.8180,417.3180,126.3640,171.3640
445.9372,421.9372,125.1256,170.1256
444.6862,419.6862,126.6276,171.6276
444.9980,418.9980,127.0041,172.0041
444.6143,416.1143,126.7713,171.7713
442.4493,414.4493,127.1013,172.1013
442.2287,414.2287,128.5425,173.5425
443.2448,412.2448,129.5105,174.5105
443.3490,413.8490,125.3020,170.3020
444.4065,413.9065,124.1870,169.1870
445.3400,415.3400,123.3200,168.3200
441.6957,412.1957,126.6086,171.6086
440.9083,417.4083,123.1834,168.1834
443.6402,415.1402,121.7196,166.7195
448.3910,412.8910,121.2179,166.2179
443.6223,418.1223,120.7554,165.7554
435.7006,419.7006,125.5988,170.5988
430.9243,418.9243,126.1515,171.1515
434.8637,421.3637,127.2726,172.2726
435.7514,420.7514,124.4972,169.4972
431.0007,423.0007,124.9986,169.9986
431.8057,422.3057,125.3887,170.3887
433.1869,427.1869,125.6263,170.6263
437.9662,423.9662,125.0677,170.0677
436.0865,428.5865,121.8270,166.8270
435.0035,426.0035,122.9929,167.9929
434.6435,433.1435,119.7130,164.7130
430.9704,427.9704,121.0592,166.0592
429.4510,428.4510,125.0980,170.0980
432.0846,434.5846,123.8308,168.8308
432.9243,432.9243,126.1515,171.1515
427.3039,440.8039,128.3922,173.3922
421.4340,444.4340,130.1321,175.1321
422.8297,443.3297,129.3407,174.3407
425.2423,448.2423,131.5155,176.5155
423.6284,448.1284,129.7431,174.7431
417.9623,445.9623,129.0754,174.0754
411.5547,449.0547,126.8905,171.8905
410.6756,452.6756,123.6488,168.6488
413.7668,444.2668,127.4664,172.4664
417.1530,443.1530,128.6940,173.6940
420.6875,440.6875,124.6249,169.6249
423.6658,439.6658,120.6684,165.6684
429.3401,430.8401,118.3197,163.3197
428.7725,425.7725,123.4550,168.4550
427.8082,418.3082,121.3835,166.3835
428.5504,417.0504,113.8993,158.8993
426.4324,420.4324,113.1352,158.1352
424.5545,429.0545,107.8911,152.8911
439.8278,425.8278,108.3444,153.3444
440.1793,435.6793,102.6414,147.6414
427.9459,444.9459,98.1082,143.1082
420.7463,442.7463,102.5074,147.5074
422.9955,440.9955,103.0091,148.0091
400.6751,426.1751,114.6499,159.6499
413.4317,416.4317,125.1366,170.1366
394.3204,428.8204,106.3592,151.3592
386.4203,420.4203,112.1595,157.1595
399.0484,409.0484,120.9031,165.9031
385.4101,399.9101,122.1798,167.1798
393.0300,398.5300,119.9400,164.9400
392.1518,415.6518,102.6964,147.6964
380.5848,401.0848,108.8303,153.8303
369.5303,391.5303,118.9393,163.9393
352.4531,395.9531,113.0939,158.0939
350.9380,397.4380,109.1241,154.1241
333.5505,390.5505,119.8991,164.8991
335.8548,392.3548,120.2904,165.2904
329.0974,392.5974,126.8052,171.8052
329.0254,397.5254,122.9491,167.9491
322.1453,400.1453,127.7094,172.7094
318.7560,404.2560,127.4879,172.4879
313.6292,406.6292,127.7416,172.7416
309.2663,396.7663,130.4674,175.4674
308.7908,394.2908,132.4183,177.4183
304.8831,395.8831,129.2338,174.2338
295.5107,391.0107,127.9786,172.9786
293.7527,392.2527,126.4946,171.4946
291.6252,389.6252,120.7496,165.7496
288.0067,379.5067,117.9865,162.9865
290.0030,372.5030,118.9941,163.9941
291.6252,376.6252,116.7496,161.7496
292.3752,381.3752,117.2496,162.2496
299.3768,380.3768,112.2464,157.2464
293.5117,378.0117,119.9766,164.9766
309.3775,385.3775,91.2450,136.2450
311.9536,390.9536,122.0928,167.0928
314.7878,400.2878,115.4243,160.4243
319.2776,396.2776,120.4447,165.4447
312.7829,401.2829,127.4341,172.4341
310.1694,424.1694,113.6612,158.6612
322.3921,404.3921,123.2158,168.2158
304.5258,413.0258,94.9483,139.9483
293.5030,406.0030,117.9940,162.9940
296.7740,394.2740,128.4521,173.4521
299.6268,415.6268,111.7464,156.7464
302.1579,417.1579,114.6842,159.6842
293.8811,422.8811,98.2377,143.2377
311.2143,435.2143,90.5714,135.5714
295.6589,423.1589,73.6823,118.6823
286.6106,400.1106,102.7788,147.7788
245.2633,355.7633,109.4733,154.4733
236.5614,365.0614,116.8772,161.8772
224.6729,352.6729,128.6541,173.6541
223.5177,377.0177,122.9647,167.9647
222.9142,390.9142,124.1716,169.1716
216.0610,408.5610,136.8780,181.8780
209.5097,405.0097,137.9807,182.9807
201.5823,389.0822,143.8355,188.8355
204.1426,409.1426,141.7147,186.7147
196.3823,410.3823,139.2354,184.2354
190.7796,396.7795,144.4409,189.4409
197.3784,395.3784,148.2431,193.2431
187.2656,389.7656,150.4688,195.4688
181.3191,384.3191,148.3618,193.3618
179.2795,405.7795,142.4409,187.4409
179.7684,397.7684,129.4632,174.4632
186.2169,392.2169,102.5661,147.5661
183.0133,408.0133,104.9734,149.9734
187.7333,411.2333,94.5333,139.5333
183.5041,416.5042,109.9917,154.9917
182.9427,431.4427,89.1146,134.1146
201.7625,446.2625,49.4750,94.4750
492.5000,145.5000,69.0000,159.0000
493.5000,145.5000,69.0000,159.0000
175.3526,452.8526,95.2947,140.2947
167.7684,455.7684,102.4632,147.4632
169.1193,463.6193,97.7614,142.7614
165.9056,467.9056,96.1887,141.1887
170.3228,458.8228,89.3544,134.3544
182.2255,457.2255,90.5491,135.5491
864.6678,393.1678,129.6643,174.6643
866.3815,404.3815,114.2371,159.2371
196.9026,435.9026,130.1948,175.1948
197.4967,423.4966,128.0067,173.0067
206.5921,420.5921,132.8158,177.8158
212.6987,413.1987,135.6027,180.6027
205.5054,372.0054,138.9892,183.9892
213.4341,361.4341,151.1319,196.1319
217.2795,363.7795,142.4409,187.4409
237.6777,373.6777,129.6446,174.6446
262.0530,397.0530,129.8939,174.8939
279.0899,405.0899,133.8202,178.8202
294.0052,387.5052,141.9895,186.9895
291.8221,399.3221,139.3559,184.3559
330.4103,404.4103,155.1793,200.1793
322.3869,401.8869,151.2262,196.2262
352.0755,404.0755,152.8491,197.8491
341.3152,385.8152,150.3695,195.3695
397.2537,422.2537,136.4926,181.4926
410.2506,406.7506,136.4988,181.4988
408.5604,371.0604,137.8792,182.8792
446.1042,417.6042,135.7917,180.7917
456.2258,435.2258,132.5485,177.5485
464.3666,421.3666,137.2667,182.2667
493.4347,425.9347,133.1306,178.1306
482.0713,370.0713,152.8575,197.8575
534.8698,421.8698,128.2603,173.2603
430.5029,358.0029,119.9941,164.9942
444.2527,360.7527,127.4946,172.4946
527.4015,393.9015,115.1970,160.1970
516.5839,382.0839,117.8322,162.8322
522.8745,371.3745,119.2511,164.2511
551.8863,394.3863,124.2274,169.2274
568.0804,390.5804,130.8392,175.8392
570.3254,397.3254,117.3493,162.3493
573.2090,413.7090,101.5820,146.5820
576.0463,374.5463,143.9075,188.9075
595.1881,375.1881,147.6238,192.6238
586.4933,363.9933,137.0134,182.0134
596.3691,379.8691,137.2619,182.2619
617.8126,379.3125,133.3749,178.3749
648.3700,385.3700,131.2600,176.2600
647.3392,377.8392,135.3216,180.3216
650.6838,379.6839,136.6323,181.6323
655.1808,375.1809,137.6383,182.6383
665.5964,380.0963,127.8073,172.8073
677.3987,384.3987,130.2027,175.2027
670.1663,375.1663,119.6675,164.6675
662.0062,372.5061,125.9877,170.9877
662.1453,386.1453,127.7094,172.7094
663.7692,390.7692,138.4615,183.4615
667.6216,396.6216,140.7568,185.7568
662.3828,388.8828,140.2343,185.2343
661.6501,388.6501,139.6998,184.6998
658.7712,380.2712,140.4575,185.4575
661.7524,384.7524,137.4951,182.4951
662.2874,378.7874,141.4252,186.4252
661.8823,369.8822,140.2355,185.2355
669.1252,373.1252,134.7497,179.7497
688.5561,385.5561,135.8879,180.8879
685.6463,378.1463,140.7074,185.7074
686.6887,371.1887,141.6226,186.6226
680.2589,354.2589,132.4821,177.4821
672.3159,355.8158,129.3683,174.3683
672.1729,355.1729,128.6541,173.6541
659.7565,345.2565,121.4871,166.4871
676.7059,359.7059,119.5882,164.5882
668.2615,348.7615,121.4770,166.4770
658.9604,356.9604,115.0792,160.0791
666.9339,364.9339,111.1322,156.1322
667.7566,378.2566,119.4868,164.4868
662.7955,364.2955,122.4090,167.4090
664.8767,363.8767,118.2466,163.2466
654.9564,355.9564,119.0872,164.0872
655.6774,352.6774,120.6452,165.6452
661.7507,344.2507,121.4986,166.4986
662.1539,358.1540,125.6921,170.6921
662.4222,346.4222,130.1556,175.1556
641.5784,323.0784,130.8431,175.8431
649.2222,325.2222,133.5555,178.5555
659.2589,312.2589,146.4821,191.4821
656.8657,321.3657,140.2686,185.2686
660.3392,315.8392,149.3216,194.3216
652.2619,311.7619,139.4762,184.4762
657.8038,313.8038,141.3925,186.3925
658.2523,317.7523,143.4954,188.4954
655.7708,331.2708,142.4583,187.4583
657.8820,339.8820,144.2361,189.2361
657.2778,344.7779,144.4443,189.4443
649.5458,342.0458,144.9083,189.9083
646.0369,340.5369,142.9262,187.9262
641.4482,333.9483,148.1035,193.1035
644.6580,340.1580,148.6841,193.6841
645.4333,341.4333,146.1333,191.1333
641.6667,333.1667,148.6665,193.6665
644.3716,348.8716,139.2569,184.2569
645.4108,338.9108,129.1784,174.1784
649.0050,340.0050,121.9900,166.9900
651.2661,353.2661,127.4677,172.4677
645.8907,333.8907,115.2187,160.2186
648.6075,351.1075,90.7850,135.7850
659.0192,394.5192,92.9615,137.9615
665.5203,391.0202,86.9595,131.9595
644.2681,364.7681,103.4638,148.4638
678.7500,432.2500,54.5000,99.5000
656.0918,398.0918,101.8164,146.8164
658.2588,442.7588,98.4824,143.4824
653.6416,433.6416,110.7168,155.7168
659.5331,465.5331,77.9339,122.9339
654.3855,442.3855,107.2290,152.2289
649.7250,418.2250,114.5500,159.5500
635.0463,411.5463,120.9075,165.9075
631.9932,416.9932,117.0136,162.0136
605.2530,405.7530,117.4940,162.4940
605.7500,409.2500,100.5000,145.5000
591.6252,377.6252,125.7497,170.7497
601.5962,387.5962,120.8076,165.8076
595.3942,377.3941,133.2117,178.2117
594.3752,370.3752,129.2497,174.2497
587.3765,374.3765,131.2471,176.2471
594.8952,399.3952,131.2096,176.2096
582.0878,387.0878,134.8245,179.8245
579.9117,380.9117,130.1765,175.1765
574.7170,384.7170,140.5660,185.5660
570.1286,384.1286,143.7428,188.7428
563.3828,394.8828,140.2343,185.2343
558.5854,399.0854,139.8292,184.8292
553.2029,403.2029,140.5943,185.5943
547.1688,408.1688,137.6625,182.6625
547.3646,399.8646,141.2708,186.2708
543.8901,393.8901,143.2198,188.2198
562.0131,401.5131,153.9738,198.9738
546.5458,396.0458,144.9083,189.9083
545.0200,398.5200,146.9600,191.9600
538.7679,387.7679,139.4643,184.4643
537.6440,377.6440,133.7119,178.7119
536.6326,364.6326,134.7347,179.7347
545.0025,373.5025,134.9950,179.9950
533.0793,373.5793,129.8415,174.8415
524.3160,368.3161,123.3679,168.3679
531.6710,383.6710,132.6580,177.6580
544.5007,404.0007,128.9987,173.9987
544.5059,406.0058,130.9883,175.9883
531.1608,402.1608,132.6784,177.6784
533.0154,403.5154,135.9692,180.9692
533.5007,406.0006,130.9987,175.9987
544.0302,410.5302,135.9396,180.9396
539.2555,406.7555,136.4890,181.4890
547.4849,407.4849,138.0302,183.0302
546.6931,399.6931,135.6138,180.6138
543.8751,406.8752,139.2497,184.2497
558.6619,415.1618,136.6763,181.6763
537.6031,396.1031,136.7937,181.7937
536.9818,389.9818,141.0364,186.0364
542.9674,384.9674,140.0651,185.0651
536.0096,362.5096,138.9809,183.9809
534.0094,360.5094,140.9812,185.9812
534.0052,364.5052,141.9895,186.9895
531.1110,371.6110,144.7781,189.7781
535.3063,376.8063,145.3873,190.3873
530.7697,392.2697,148.4605,193.4605
524.3815,406.3816,151.2369,196.2369
534.0000,415.5000,151.0000,196.0000
530.5134,424.0134,150.9732,195.9732
535.2505,422.7505,152.4989,197.4989
530.0556,418.5556,146.8888,191.8888
528.5060,410.5060,148.9880,193.9880
527.7593,420.2592,142.4815,187.4815
528.7717,418.2716,138.4567,183.4567
529.2500,411.7500,137.5000,182.5000
539.9077,419.9077,115.1846,160.1846
556.7747,444.7747,120.4506,165.4506
537.3289,416.8288,130.3423,175.3423
548.5040,420.0039,97.9921,142.9921
541.3039,419.8039,128.3922,173.3922
538.4890,439.4890,120.0219,165.0219
569.8895,482.8895,87.2210,132.2210
572.3633,487.3633,97.2734,142.2734
559.5068,461.0068,116.9864,161.9864
538.0328,452.5329,102.9343,147.9343
555.2344,483.7344,102.5312,147.5312
545.1523,467.1523,103.6954,148.6954
525.5000,523.5000,69.0000,159.0000
600.5635,235.0635,70.8731,115.8731
525.5000,523.5000,69.0000,159.0000
263.5000,494.5000,69.0000,159.0000
585.9482,504.4482,96.1036,141.1036
555.3767,431.3767,116.2466,161.2466
557.6765,422.6765,119.6469,164.6469
528.9868,384.9868,115.0264,160.0264
520.3571,356.3571,138.2858,183.2858
523.5967,350.0967,148.8066,193.8066
528.1152,370.6151,140.7697,185.7697
521.1942,365.6942,138.6117,183.6117
524.6786,367.6786,139.6428,184.6428
530.5023,374.0023,143.9954,188.9954
535.1359,402.1359,150.7282,195.7282
538.7614,418.7614,144.4773,189.4773
541.9261,428.9261,130.1478,175.1478
540.0793,434.5793,129.8415,174.8415
550.5056,442.5056,134.9888,179.9888
556.1783,442.6783,135.6435,180.6435
544.5549,435.5549,128.8902,173.8902
542.6837,432.1837,132.6326,177.6326
552.9613,445.9613,120.0775,165.0775
545.7040,430.7040,121.5919,166.5919
556.2857,437.2857,125.4285,170.4285
543.6339,429.6339,120.7322,165.7322
565.3890,453.3890,89.2220,134.2220
533.9601,424.9601,105.0797,150.0797
521.1003,396.6003,99.7993,144.7993
536.7122,444.2121,100.5757,145.5757
517.7622,435.2622,111.4756,156.4756
517.2188,437.7188,92.5625,137.5625
504.6479,429.6479,111.7043,156.7043
529.8240,461.8239,100.3521,145.3521
540.8872,465.8872,97.2256,142.2256
544.5000,453.0000,104.0000,149.0000
541.3929,455.3929,105.2142,150.2142
549.0929,451.5929,115.8142,160.8142
542.3033,448.8034,109.3933,154.3933
535.7250,444.7250,124.5500,169.5500
538.0413,443.0412,126.9175,171.9175
529.0729,439.5729,127.8542,172.8542
534.2535,448.7535,124.4931,169.4931
535.2109,445.2110,114.5781,159.5781
533.3752,447.3752,102.2495,147.2495
529.6470,441.1470,117.7061,162.7061
539.1476,425.6476,120.7047,165.7047
517.9554,407.4554,134.0892,179.0892
500.1928,432.1928,117.6144,162.6144
491.7955,441.7955,111.4090,156.4090
483.8125,441.3125,122.3749,167.3749
454.8950,458.3950,107.2100,152.2100
453.0526,467.0526,118.8949,163.8949
464.0834,463.5834,116.8332,161.8332
468.6084,478.1084,108.7832,153.7832
451.6900,466.6900,109.6199,154.6199
481.3289,460.3289,126.3423,171.3423
467.9135,447.9135,132.1729,177.1729
444.1265,431.6265,129.7470,174.7470
437.4492,441.9492,128.1015,173.1015
428.1978,441.6978,125.6043,170.6043
418.3401,451.8401,118.3197,163.3197
411.9750,449.9750,117.0500,162.0500
416.2558,477.7558,77.4884,122.4884
424.5848,489.0848,52.8303,97.8303
409.0143,479.5143,73.9715,118.9715
410.3753,480.3753,93.2495,138.2495
406.3752,474.3752,99.2495,144.2495
393.2613,480.7613,84.4775,129.4775
525.5000,377.5000,69.0000,159.0000
407.1853,512.6854,61.6293,106.6293
605.5000,280.5000,69.0000,159.0000
605.5000,280.5000,69.0000,159.0000
582.5000,494.5000,69.0000,159.0000
548.0491,572.5491,45.9018,90.9018
324.0000,506.5000,59.0000,104.0000
509.5000,262.5000,69.0000,159.0000
300.0056,486.5056,78.9888,123.9888
291.2099,475.2099,87.5801,132.5801
296.0237,460.0237,110.9526,155.9526
283.3844,453.3844,116.2313,161.2313
290.2221,462.2221,119.5559,164.5559
280.3842,463.3842,118.2317,163.2317
274.8913,469.8913,112.2174,157.2174
276.8845,459.8845,115.2310,160.2310
284.5760,475.0760,110.8479,155.8479
288.8309,466.8309,116.3383,161.3383
301.6207,462.1207,131.7587,176.7587
277.3246,476.3246,91.3507,136.3507
276.2934,486.2934,83.4132,128.4132
269.7482,479.7482,104.5036,149.5036
278.1486,484.6486,90.7028,135.7028
271.9393,508.9393,54.1214,99.1214
255.0168,499.5168,67.9664,112.9664
525.5000,174.5000,69.0000,159.0000
525.5000,174.5000,69.0000,159.0000
205.9503,495.9503,81.0994,126.0994
509.5000,145.5000,69.0000,159.0000
195.2666,494.7665,68.4669,113.4669
189.8977,486.8977,68.2046,113.2046
179.5012,482.0013,84.9975,129.9975
181.0010,481.5010,95.9980,140.9980
169.1269,471.1269,107.7462,152.7462
167.7509,477.2509,107.4983,152.4983
167.1391,481.1391,88.7218,133.7218
166.1313,480.1313,96.7374,141.7374
605.5000,280.5000,69.0000,159.0000
484.5000,116.5000,69.0000,159.0000
605.5000,280.5000,69.0000,159.0000
605.5000,280.5000,69.0000,159.0000
605.5000,280.5000,69.0000,159.0000
605.5000,280.5000,69.0000,159.0000
557.5000,116.5000,69.0000,159.0000
605.5000,280.5000,69.0000,159.0000
605.5000,280.5000,69.0000,159.0000
605.5000,280.5000,69.0000,159.0000
605.5000,280.5000,69.0000,159.0000
605.5000,280.5000,69.0000,159.0000
605.5000,280.5000,69.0000,159.0000
605.5000,280.5000,69.0000,159.0000
605.5000,280.5000,69.0000,159.0000
605.5000,280.5000,69.0000,159.0000
605.5000,280.5000,69.0000,159.0000
605.5000,280.5000,69.0000,159.0000
605.5000,280.5000,69.0000,159.0000
605.5000,280.5000,69.0000,159.0000
605.5000,280.5000,69.0000,159.0000
605.5000,280.5000,69.0000,159.0000
605.5000,280.5000,69.0000,159.0000
605.5000,280.5000,69.0000,159.0000
605.5000,280.5000,69.0000,159.0000
605.5000,280.5000,69.0000,159.0000
605.5000,280.5000,69.0000,159.0000
605.5000,280.5000,69.0000,159.0000
605.5000,280.5000,69.0000,159.0000
605.5000,280.5000,69.0000,159.0000
605.5000,280.5000,69.0000,159.0000
605.5000,280.5000,69.0000,159.0000
605.5000,280.5000,69.0000,159.0000
605.5000,280.5000,69.0000,159.0000
605.5000,280.5000,69.0000,159.0000
605.5000,280.5000,69.0000,159.0000
605.5000,280.5000,69.0000,159.0000
605.5000,280.5000,69.0000,159.0000
605.5000,280.5000,69.0000,159.0000
605.5000,280.5000,69.0000,159.0000
605.5000,280.5000,69.0000,159.0000
605.5000,280.5000,69.0000,159.0000
605.5000,280.5000,69.0000,159.0000
605.5000,280.5000,69.0000,159.0000
605.5000,280.5000,69.0000,159.0000
605.5000,280.5000,69.0000,159.0000
605.5000,280.5000,69.0000,159.0000
605.5000,280.5000,69.0000,159.0000
605.5000,280.5000,69.0000,159.0000
605.5000,280.5000,69.0000,159.0000
605.5000,280.5000,69.0000,159.0000
605.5000,280.5000,69.0000,159.0000
605.5000,280.5000,69.0000,159.0000
605.5000,280.5000,69.0000,159.0000
605.5000,280.5000,69.0000,159.0000
605.5000,280.5000,69.0000,159.0000
605.5000,280.5000,69.0000,159.0000
605.5000,280.5000,69.0000,159.0000
605.5000,280.5000,69.0000,159.0000
605.5000,280.5000,69.0000,159.0000
605.5000,280.5000,69.0000,159.0000
605.5000,280.5000,69.0000,159.0000
605.5000,280.5000,69.0000,159.0000
605.5000,280.5000,69.0000,159.0000
605.5000,280.5000,69.0000,159.0000
605.5000,280.5000,69.0000,159.0000
605.5000,280.5000,69.0000,159.0000
605.5000,280.5000,69.0000,159.0000
605.5000,280.5000,69.0000,159.0000
605.5000,280.5000,69.0000,159.0000
605.5000,280.5000,69.0000,159.0000
605.5000,280.5000,69.0000,159.0000
605.5000,280.5000,69.0000,159.0000
605.5000,280.5000,69.0000,159.0000
605.5000,280.5000,69.0000,159.0000
605.5000,280.5000,69.0000,159.0000
605.5000,280.5000,69.0000,159.0000
605.5000,280.5000,69.0000,159.0000
605.5000,280.5000,69.0000,159.0000
605.5000,280.5000,69.0000,159.0000
605.5000,280.5000,69.0000,159.0000
605.5000,280.5000,69.0000,159.0000
605.5000,280.5000,69.0000,159.0000
605.5000,280.5000,69.0000,159.0000
605.5000,280.5000,69.0000,159.0000
605.5000,280.5000,69.0000,159.0000
605.5000,280.5000,69.0000,159.0000
605.5000,280.5000,69.0000,159.0000
605.5000,280.5000,69.0000,159.0000
605.5000,280.5000,69.0000,159.0000
605.5000,280.5000,69.0000,159.0000
605.5000,280.5000,69.0000,159.0000
605.5000,280.5000,69.0000,159.0000
354.5000,1047.5000,69.0000,159.0000
605.5000,280.5000,69.0000,159.0000
353.5000,1047.5000,69.0000,159.0000
623.5000,262.5000,69.0000,159.0000
605.5000,280.5000,69.0000,159.0000
605.5000,280.5000,69.0000,159.0000
605.5000,280.5000,69.0000,159.0000
605.5000,280.5000,69.0000,159.0000
605.5000,280.5000,69.0000,159.0000
605.5000,280.5000,69.0000,159.0000
605.5000,280.5000,69.0000,159.0000
605.5000,280.5000,69.0000,159.0000
605.5000,280.5000,69.0000,159.0000
605.5000,280.5000,69.0000,159.0000
353.5000,1047.5000,69.0000,159.0000
605.5000,280.5000,69.0000,159.0000
353.5000,1018.5000,69.0000,159.0000
605.5000,280.5000,69.0000,159.0000
605.5000,280.5000,69.0000,159.0000
605.5000,280.5000,69.0000,159.0000
605.5000,280.5000,69.0000,159.0000
605.5000,280.5000,69.0000,159.0000
353.5000,1047.5000,69.0000,159.0000
353.5000,1047.5000,69.0000,159.0000
361.5000,1047.5000,69.0000,159.0000
1088.4957,329.9958,64.0085,109.0085
1099.1493,335.1493,55.7014,100.7014
1102.5848,340.0848,52.8303,97.8303
353.5000,1046.5000,69.0000,159.0000
605.5000,280.5000,69.0000,159.0000
361.5000,1047.5000,69.0000,159.0000
1106.5216,342.5216,48.9568,93.9568
353.5000,1047.5000,69.0000,159.0000
605.5000,280.5000,69.0000,159.0000
361.5000,1076.5000,69.0000,159.0000
361.5000,1047.5000,69.0000,159.0000
605.5000,280.5000,69.0000,159.0000
605.5000,280.5000,69.0000,159.0000
605.5000,280.5000,69.0000,159.0000
605.5000,280.5000,69.0000,159.0000
605.5000,280.5000,69.0000,159.0000
605.5000,280.5000,69.0000,159.0000
605.5000,280.5000,69.0000,159.0000
605.5000,280.5000,69.0000,159.0000
605.5000,280.5000,69.0000,159.0000
605.5000,280.5000,69.0000,159.0000
605.5000,280.5000,69.0000,159.0000
605.5000,280.5000,69.0000,159.0000
605.5000,280.5000,69.0000,159.0000
605.5000,280.5000,69.0000,159.0000
605.5000,280.5000,69.0000,159.0000
605.5000,280.5000,69.0000,159.0000
533.5000,43.5000,69.0000,159.0000
533.5000,43.5000,69.0000,159.0000
525.5000,57.5000,69.0000,159.0000
550.5000,58.5000,69.0000,159.0000
525.5000,58.5000,69.0000,159.0000
605.5000,280.5000,69.0000,159.0000
549.5000,86.5000,69.0000,159.0000
605.5000,280.5000,69.0000,159.0000
525.5000,87.5000,69.0000,159.0000
541.5000,102.5000,69.0000,159.0000
296.5000,145.5000,69.0000,159.0000
605.5000,280.5000,69.0000,159.0000
525.5000,116.5000,69.0000,159.0000
525.5000,116.5000,69.0000,159.0000
542.5000,145.5000,69.0000,159.0000
549.5000,131.5000,69.0000,159.0000
605.5000,280.5000,69.0000,159.0000
605.5000,280.5000,69.0000,159.0000
605.5000,280.5000,69.0000,159.0000
605.5000,280.5000,69.0000,159.0000
605.5000,280.5000,69.0000,159.0000
605.5000,280.5000,69.0000,159.0000
605.5000,280.5000,69.0000,159.0000
605.5000,280.5000,69.0000,159.0000
605.5000,280.5000,69.0000,159.0000
605.5000,280.5000,69.0000,159.0000
605.5000,280.5000,69.0000,159.0000
605.5000,280.5000,69.0000,159.0000
394.5000,1076.5000,69.0000,159.0000
394.5000,1076.5000,69.0000,159.0000
394.5000,1047.5000,69.0000,159.0000
394.5000,1076.5000,69.0000,159.0000
1089.0786,368.5786,63.8428,108.8428
1096.5212,375.0213,57.9574,102.9574
1079.1477,369.6477,73.7046,118.7046
1072.8553,365.8554,78.2893,123.2893
1072.2628,365.7628,78.4744,123.4744
1067.0725,364.0725,81.8550,126.8550
1066.0647,367.5647,78.8706,123.8706
1061.9430,368.4430,86.1140,131.1140
1059.3040,367.8040,85.3920,130.3920
1050.9966,365.9966,90.0068,135.0068
1044.8395,367.3394,90.3211,135.3211
1049.9624,370.4624,86.0752,131.0752
1044.4146,365.9146,90.1709,135.1709
1037.4136,366.4136,93.1728,138.1728
1034.9359,369.9359,92.1281,137.1281
1020.4191,365.9190,90.1619,135.1619
1009.4136,366.4136,93.1728,138.1728
1002.1927,361.6927,95.6146,140.6146
1006.3240,364.8240,94.3519,139.3519
1007.0543,369.0543,90.8915,135.8915
997.1682,369.1682,95.6637,140.6637
988.5895,363.0896,95.8209,140.8209
990.7063,365.7063,94.5874,139.5874
984.0775,371.5775,90.8449,135.8449
987.3651,376.3651,83.2699,128.2699
982.4276,379.4276,75.1448,120.1448
975.0250,380.0250,71.9500,116.9500
960.3163,378.3163,85.3675,130.3675
935.4745,372.9746,91.0509,136.0509
932.0620,376.5620,87.8760,132.8760
917.7572,371.2572,95.4857,140.4857
912.9908,369.9908,96.0183,141.0183
913.9929,367.4929,96.0142,141.0142
911.7586,372.2586,92.4828,137.4828
901.6876,380.1876,89.6249,134.6249
897.6162,375.6162,89.7675,134.7675
906.5857,376.0857,89.8286,134.8286
897.7375,383.7375,84.5250,129.5250
906.3922,403.3922,57.2156,102.2156
894.4598,388.9598,78.0804,123.0804
906.0576,376.5576,90.8848,135.8848
895.2558,385.7558,77.4884,122.4884
885.9659,384.4659,84.0681,129.0681
900.0787,386.0787,82.8425,127.8425
880.1138,382.1138,88.7725,133.7725
889.7458,387.2458,79.5083,124.5083
873.0619,384.0619,79.8762,124.8762
869.9086,380.4086,85.1828,130.1828
862.4437,380.9438,90.1125,135.1125
856.2455,385.2455,89.5091,134.5091
850.6456,392.6457,89.7087,134.7087
858.1447,413.1447,79.7106,124.7106
852.5336,404.5336,80.9327,125.9327
842.2969,397.2969,90.4062,135.4062
852.3503,411.3503,74.2995,119.2995
840.9490,397.4490,81.1020,126.1020
854.9176,414.4176,64.1648,109.1648
452.5000,785.5000,69.0000,159.0000
849.8609,438.8609,42.2782,87.2782
836.5496,428.5496,60.9008,105.9008
812.2011,393.2011,80.5977,125.5977
818.6116,399.1116,70.7767,115.7767
806.4200,392.4200,93.1600,138.1600
804.5964,406.0963,79.8073,124.8073
786.3312,394.3313,91.3375,136.3375
792.2057,411.2058,82.5885,127.5885
787.0787,414.0787,82.8425,127.8425
778.8010,398.8010,88.3980,133.3981
770.5930,411.0929,80.8141,125.8141
772.1293,435.1294,66.7413,111.7413
452.5000,726.5000,69.0000,159.0000
459.5000,727.5000,69.0000,159.0000
605.5000,280.5000,69.0000,159.0000
175.6503,523.6503,64.6993,109.6993
162.2689,505.7689,87.4622,132.4622
171.3116,495.8116,99.3768,144.3768
166.4000,485.4000,110.2001,155.2001
176.6398,473.6399,119.7203,164.7203
180.3034,482.8034,109.3933,154.3933
180.2883,475.7883,114.4234,159.4234
197.4271,506.9271,85.1458,130.1458
201.2875,502.2875,94.4249,139.4250
675.1312,403.1312,97.7376,142.7376
238.0029,497.0029,98.9942,143.9942
637.6766,410.1765,102.6469,147.6469
649.0609,414.0609,90.8782,135.8782
266.4471,509.4471,97.1059,142.1059
663.7541,420.7541,95.4918,140.4918
286.3353,512.8353,81.3295,126.3295
681.3044,430.3044,80.3912,125.3912
294.9083,488.9083,91.1833,136.1833
680.8710,428.3710,77.2580,122.2580
667.3995,414.3996,96.2009,141.2009
663.1431,422.1430,97.7139,142.7139
654.3334,405.8334,109.3331,154.3331
655.8420,410.3420,102.3159,147.3159
657.6867,397.6867,107.6266,152.6266
651.0952,416.5952,113.8095,158.8095
644.1387,393.1387,126.7226,171.7225
643.9032,397.9032,128.1936,173.1936
649.3305,400.8305,128.3390,173.3390
648.3513,405.8512,123.2975,168.2975
650.4527,403.4527,123.0946,168.0946
645.5768,414.0768,115.8465,160.8465
646.5117,407.0117,119.9766,164.9766
650.7693,404.2693,115.4614,160.4614
654.5354,395.0354,120.9292,165.9292
651.2157,392.2157,125.5687,170.5686
642.2157,403.2157,125.5687,170.5686
649.1617,413.6617,99.6767,144.6767
555.5361,416.5362,139.9277,184.9277
564.7940,396.2940,142.4120,187.4120
531.8229,445.3229,131.3543,176.3543
543.7686,458.2686,128.4628,173.4628
591.5561,433.5561,106.8878,151.8878
563.6644,427.6644,123.6712,168.6712
548.7600,438.2600,134.4800,179.4800
536.7506,446.2506,137.4988,182.4988
545.0164,457.5164,129.9673,174.9673
542.8792,458.8792,128.2417,173.2417
547.9035,446.9035,127.1930,172.1930
547.9202,465.9203,112.1595,157.1595
539.4801,467.4801,113.0398,158.0398
530.8245,468.3245,118.3511,163.3511
537.0118,471.5118,118.9763,163.9763
537.5007,476.0007,118.9985,163.9985
532.6396,465.6397,120.7206,165.7206
541.4240,481.4240,106.1519,151.1519
551.9802,511.9801,88.0397,133.0397
546.0264,509.0264,88.9472,133.9472
534.3582,498.8582,104.2836,149.2836
540.7463,489.7463,102.5074,147.5074
538.1266,464.1266,119.7467,164.7467
536.5126,468.0126,113.9748,158.9748
535.2507,458.7507,124.4986,169.4986
303.2500,481.7500,107.5000,152.5000
539.3765,452.3766,125.2469,170.2469
533.0260,471.5260,120.9480,165.9480
523.6546,465.6546,123.6908,168.6908
487.8706,454.3706,131.2587,176.2587
562.3765,455.3766,125.2469,170.2469
550.1743,465.6743,133.6514,178.6514
543.6429,467.1430,132.7141,177.7141
529.3536,456.8537,136.2927,181.2927
539.6074,470.1074,132.7853,177.7853
555.1935,474.1935,129.6131,174.6131
542.9029,454.9029,138.1943,183.1943
607.7321,481.7321,125.5357,170.5357
627.6658,481.1658,120.6684,165.6684
562.6012,462.1012,138.7977,183.7977
651.1280,517.6280,81.7440,126.7440
650.4895,507.4895,100.0210,145.0210
609.0396,483.0396,114.9208,159.9208
642.5731,509.0731,96.8538,141.8538
584.9333,500.9333,101.1333,146.1333
596.6554,512.6554,96.6892,141.6892
569.3624,470.3624,132.2753,177.2753
643.2090,516.7090,101.5820,146.5820
653.1431,521.6431,97.7139,142.7139
637.4088,523.4088,94.1825,139.1825
658.8915,546.8915,58.2171,103.2171
558.5000,610.5000,69.0000,159.0000
607.5010,505.5009,99.9981,144.9981
594.6375,517.6375,95.7250,140.7250
604.7344,517.7344,90.5312,135.5312
509.7500,461.2500,124.5000,169.5000
611.1726,569.1726,42.6548,87.6548
588.9208,520.9208,92.1585,137.1585
580.2535,510.7535,105.4930,150.4930
592.6391,540.1391,88.7218,133.7218
570.1420,503.1421,108.7159,153.7159
560.1742,505.6742,104.6516,149.6516
568.5133,505.5133,104.9734,149.9734
560.9661,499.9661,110.0678,155.0679
559.9108,492.9108,108.1784,153.1784
555.6266,477.6267,118.7467,163.7467
557.3671,498.8671,111.2659,156.2659
545.0361,491.0361,115.9279,160.9279
537.4693,480.4693,122.0614,167.0614
543.0569,486.0569,116.8863,161.8863
541.4379,478.4379,124.1242,169.1242
545.7935,472.2935,126.4130,171.4130
544.6335,467.6335,124.7330,169.7330
542.3752,469.3752,124.2496,169.2496
541.5007,463.0007,126.9986,171.9986
559.3846,482.3846,114.2308,159.2308
555.1252,477.1252,114.7496,159.7496
539.8987,465.8987,114.2026,159.2026
539.8835,460.8835,124.2329,169.2329
539.8766,459.8766,122.2468,167.2468
524.5027,460.0027,125.9945,170.9945
521.5061,459.0061,126.9878,171.9878
517.5246,466.0246,125.9508,170.9508
519.5000,483.0000,116.0000,161.0000
521.1252,494.1252,108.7496,153.7496
514.1301,496.1301,111.7399,156.7399
515.0071,494.5071,113.9858,158.9859
513.6489,488.6489,113.7023,158.7023
504.7632,492.2632,110.4737,155.4737
501.6267,480.6267,116.7466,161.7466
494.6268,476.6268,113.7465,158.7464
490.7573,484.2573,111.4854,156.4854
482.4615,474.4615,114.0770,159.0770
480.9762,470.9762,116.0475,161.0475
480.4138,464.9138,120.1723,165.1723
474.4277,461.4277,120.1446,165.1446
471.8956,459.8956,126.2088,171.2088
485.3898,460.3898,120.2205,165.2205
485.7527,452.2527,128.4947,173.4947
489.2737,451.7737,129.4526,174.4526
499.6252,450.6252,127.7497,172.7497
495.8752,452.8752,124.2496,169.2496
501.2950,452.7950,123.4101,168.4101
498.2670,461.7670,126.4660,171.4660
485.0249,461.5249,124.9503,169.9503
468.3752,458.3752,129.2497,174.2497
459.6252,457.6252,126.7497,171.7497
458.7507,456.2507,123.4986,168.4986
454.6467,457.6467,121.7066,166.7066
447.9672,460.9672,124.0656,169.0656
470.1768,469.1768,121.6464,166.6464
450.8952,463.8952,128.2097,173.2097
466.7507,465.2507,127.4987,172.4987
467.8243,459.8243,130.3514,175.3514
443.5228,447.5228,135.9544,180.9544
449.6714,446.6714,131.6571,176.6571
449.0473,446.0473,122.9053,167.9053
462.0006,449.0006,133.9987,178.9987
452.2255,451.2255,131.5490,176.5490
443.6270,445.1270,137.7461,182.7461
460.9913,439.4913,142.0174,187.0174
443.5512,448.5512,130.8976,175.8976
453.5445,442.0445,136.9109,181.9109
460.3776,434.3776,138.2449,183.2449
444.3158,442.8158,129.3683,174.3683
473.0042,417.5042,122.9915,167.9915
483.3086,412.3086,130.3827,175.3827
501.0505,431.0505,119.8991,164.8991
539.4614,433.4614,130.0772,175.0772
554.7900,432.2900,134.4200,179.4200
539.2679,432.2679,139.4643,184.4643
529.4308,436.9308,132.1384,177.1384
547.9588,428.9588,133.0825,178.0825
571.3898,433.3898,120.2205,165.2205
557.9073,436.9073,116.1854,161.1854
542.3951,427.3952,128.2097,173.2097
554.8434,422.3435,115.3131,160.3130
573.6990,415.6990,110.6019,155.6019
583.0273,423.5273,116.9454,161.9454
616.8904,429.8904,84.2192,129.2192
363.1656,472.1656,65.6689,110.6689
618.2234,444.7234,81.5532,126.5532
621.8106,418.3106,99.3787,144.3787
631.6252,427.6253,91.7495,136.7495
634.3358,418.3358,88.3284,133.3284
634.5068,436.5068,116.9864,161.9864
643.3448,434.8448,129.3103,174.3103
670.2276,458.2276,101.5448,146.5448
400.0041,431.5041,94.9917,139.9917
684.6416,443.6416,110.7168,155.7168
405.8752,424.8752,115.2496,160.2496
403.1267,418.1267,117.7466,162.7466
409.0086,426.5086,99.9828,144.9828
407.2500,419.7500,109.5000,154.5000
405.9062,421.9062,119.1877,164.1877
416.2817,434.7817,105.4366,150.4366
421.8802,434.8802,109.2395,154.2395
422.6267,423.6267,115.7465,160.7465
425.7508,421.2508,113.4984,158.4984
433.6270,435.6270,106.7461,151.7461
432.3767,431.3767,117.2466,162.2466
437.1355,433.1355,107.7291,152.7291
439.6423,434.6423,107.7154,152.7154
448.5277,440.0277,90.9447,135.9447
804.1827,447.1827,112.6345,157.6345
831.3423,444.8423,116.3153,161.3153
882.1036,438.6036,106.7928,151.7928
899.9265,461.9265,105.1470,150.1470
918.1100,471.6100,112.7799,157.7800
942.9205,443.4205,106.1589,151.1589
443.5000,916.5000,69.0000,159.0000
492.5000,494.5000,69.0000,159.0000
492.5000,494.5000,69.0000,159.0000
492.5000,494.5000,69.0000,159.0000
492.5000,494.5000,69.0000,159.0000
427.5000,959.5000,69.0000,159.0000
492.5000,508.5000,69.0000,159.0000
492.5000,508.5000,69.0000,159.0000
1005.8040,422.3040,63.3920,108.3920
984.8826,417.3826,102.2348,147.2348
983.2141,435.2141,107.5719,152.5719
996.5875,458.0875,100.8250,145.8250
996.0711,431.0711,96.8578,141.8578
451.5000,538.5000,69.0000,159.0000
599.2529,426.7528,56.4943,101.4943
572.2509,415.7509,104.4982,149.4982
599.6291,426.6291,68.7418,113.7418
601.8754,421.8754,72.2492,117.2492
611.8921,420.8921,79.2158,124.2158
615.0056,421.5056,78.9888,123.9888
613.8824,420.8824,87.2352,132.2352
622.5052,429.0052,81.9895,126.9895
624.8457,432.3457,87.3086,132.3086
619.4971,431.9971,99.0058,144.0058
624.3153,426.3153,103.3694,148.3694
637.9333,438.4333,86.1333,131.1333
642.3044,431.3044,80.3912,125.3912
636.6216,422.1216,85.7567,130.7567
640.8398,425.8398,87.3204,132.3204
661.5482,429.5482,66.9037,111.9037
633.0690,416.5689,107.8621,152.8621
641.9972,425.9972,102.0056,147.0056
637.5530,423.0530,109.8940,154.8940
650.2438,460.7437,84.5125,129.5125
652.4697,451.9697,84.0606,129.0606
658.9326,460.4326,78.1348,123.1348
637.1547,437.1547,110.6906,155.6906
656.4522,476.4522,75.0956,120.0956
650.9021,467.9021,104.1958,149.1958
645.9793,454.4793,104.0414,149.0414
641.0475,445.5475,94.9049,139.9049
638.7903,441.2903,96.4193,141.4193
632.8874,426.3874,111.2252,156.2252
637.1267,421.6267,117.7466,162.7466
636.0422,414.0422,112.9156,157.9156
634.9236,415.9236,122.1527,167.1527
631.8353,402.8353,122.3294,167.3294
630.7294,391.7294,113.5411,158.5411
631.0487,398.5487,117.9026,162.9026
633.0740,374.5740,118.8519,163.8519
626.1044,401.1044,118.7912,163.7912
628.1182,385.6182,123.7637,168.7637
628.3752,375.3752,119.2496,164.2496
637.0007,364.5007,121.9986,166.9986
645.6261,381.1261,105.7478,150.7478
638.1266,378.1266,121.7468,166.7468
640.6868,389.6869,125.6263,170.6263
635.1771,397.6772,124.6457,169.6457
640.5154,393.5154,127.9692,172.9693
643.2435,393.2435,130.5130,175.5130
644.2115,409.7115,125.5769,170.5769
645.8627,403.8626,124.2747,169.2747
638.9932,404.4933,127.0135,172.0135
635.7863,403.7863,127.4274,172.4274
634.6592,411.1592,122.6816,167.6816
638.8394,418.3394,104.3212,149.3212
641.9240,415.9240,106.1519,151.1519
631.6467,417.6467,121.7066,166.7066
634.1267,419.1267,115.7465,160.7465
627.0358,416.5358,119.9283,164.9283
633.7611,418.2611,124.4778,169.4778
639.3752,418.3752,115.2496,160.2496
636.9290,431.9290,118.1421,163.1421
648.8752,433.8752,129.2497,174.2497
652.0314,424.5314,131.9372,176.9372
652.7725,431.2725,134.4550,179.4550
660.5103,426.0103,131.9795,176.9795
659.6735,441.6735,127.6531,172.6531
664.4693,444.4693,122.0614,167.0614
660.6954,445.6953,114.6093,159.6093
660.7750,443.2750,124.4500,169.4500
657.5354,446.0354,120.9292,165.9292
652.2069,423.7069,121.5862,166.5862
662.4575,440.9574,102.0851,147.0851
671.2203,445.2204,93.5593,138.5593
681.0446,438.0446,91.9108,136.9108
694.7066,433.2066,93.5868,138.5868
703.8830,436.3830,91.2340,136.2340
685.8702,431.3703,97.2595,142.2595
687.2648,437.2648,93.4703,138.4703
693.5530,429.0530,109.8940,154.8940
688.0207,432.5207,109.9586,154.9586
687.3768,428.3768,114.2465,159.2465
688.8799,435.8799,114.2402,159.2402
689.7714,438.2714,107.4572,152.4572
695.2509,447.7509,106.4983,151.4983
694.5035,444.0035,105.9930,150.9930
705.2477,442.2478,90.5045,135.5045
688.5310,441.5310,96.9380,141.9380
672.2446,438.2446,103.5109,148.5109
677.8104,441.3104,92.3792,137.3792
679.1403,431.6404,104.7193,149.7193
682.6349,425.1349,105.7303,150.7303
677.3324,425.3324,116.3352,161.3352
700.5417,430.5417,92.9166,137.9166
723.8417,442.8417,90.3167,135.3167
741.7589,463.2589,41.4821,86.4821
468.5000,683.5000,69.0000,159.0000
718.7941,439.2941,95.4118,140.4118
736.1922,438.1922,101.6156,146.6156
780.0912,436.5912,111.8175,156.8175
756.0692,443.0691,105.8618,150.8618
737.4830,444.4830,97.0340,142.0340
741.2761,452.2761,82.4479,127.4479
733.3066,455.8065,86.3869,131.3869
709.6564,452.6564,94.6872,139.6872
713.9172,456.4172,88.1656,133.1656
722.3851,454.8851,73.2298,118.2298
476.5000,683.5000,69.0000,159.0000
475.5000,684.5000,69.0000,159.0000
484.5000,698.5000,69.0000,159.0000
460.5000,698.5000,69.0000,159.0000
460.5000,698.5000,69.0000,159.0000
755.9120,455.9120,55.1761,100.1761
770.1580,458.1580,57.6840,102.6840
736.5168,436.5168,82.9665,127.9665
739.2032,444.7032,78.5937,123.5937
721.3029,455.8029,92.3943,137.3943
716.1441,452.1441,100.7118,145.7118
705.0034,451.5034,108.9933,153.9933
700.2836,452.7836,101.4328,146.4328
692.5344,457.0344,99.9313,144.9313
693.3752,459.3752,103.2495,148.2495
702.2597,453.7597,92.4806,137.4806
705.7013,439.7013,93.5974,138.5974
702.9075,462.9075,54.1850,99.1850
706.5431,457.0431,64.9138,109.9138
688.0364,448.0364,104.9273,149.9273
686.4872,442.4872,108.0255,153.0255
691.5612,439.5612,104.8776,149.8775
688.3712,441.3712,95.2577,140.2577
688.5173,458.0173,66.9654,111.9654
673.5228,446.0228,102.9544,147.9544
665.5071,450.0072,112.9857,157.9857
662.7509,458.2509,105.4982,150.4982
665.6567,456.6567,117.6865,162.6865
661.7571,455.2571,113.4858,158.4858
661.8798,453.8798,116.2404,161.2404
659.3911,459.3911,113.2178,158.2178
655.7689,460.2688,117.4623,162.4623
664.5371,454.0371,116.9257,161.9257
662.1298,456.1298,116.7405,161.7405
662.3797,456.3797,117.2406,162.2406
658.8994,455.8993,112.2014,157.2014
666.1273,450.1273,96.7455,141.7455
662.2535,443.7535,105.4930,150.4930
655.5544,434.0545,107.8911,152.8911
663.1075,433.1075,90.7850,135.7850
663.4777,422.9777,96.0447,141.0447
655.1547,423.1547,110.6906,155.6906
663.4349,413.4349,93.1302,138.1302
656.7122,422.2121,100.5757,145.5757
653.1295,436.6295,106.7409,151.7409
662.1990,421.1990,110.6019,155.6019
659.3770,434.8770,105.2460,150.2460
666.0362,456.0362,94.9276,139.9276
660.7701,449.2701,93.4597,138.4597
657.4327,448.9327,92.1346,137.1346
655.6945,453.1945,88.6110,133.6110
643.2192,447.2192,107.5616,152.5616
652.2585,460.7585,100.4830,145.4830
666.8306,477.3306,62.3388,107.3388
674.0753,468.0753,56.8495,101.8495
671.8005,472.3005,65.3990,110.3990
671.7073,460.2073,53.5853,98.5853
661.7885,446.2885,60.4230,105.4230
661.5387,447.5387,61.9226,106.9226
650.3336,442.3336,67.3329,112.3329
639.3439,451.3439,86.3122,131.3122
632.5406,444.0406,72.9187,117.9187
614.9695,455.9695,94.0609,139.0609
621.0329,462.5329,81.9342,126.9342
603.2737,466.7737,100.4526,145.4526
597.1252,473.1252,104.7496,149.7496
575.5007,460.0007,118.9985,163.9985
567.2568,457.7569,116.4863,161.4863
571.7507,458.2507,121.4986,166.4986
584.2510,462.7510,96.4980,141.4980
575.5009,451.0009,100.9981,145.9981
588.0034,454.5034,108.9933,153.9933
588.5355,442.0355,97.9291,142.9291
615.9391,471.9391,56.1217,101.1217
582.3775,455.3775,90.2450,135.2449
508.5000,509.5000,69.0000,159.0000
452.5000,552.5000,69.0000,159.0000
580.3754,457.3754,78.2493,123.2493
460.5000,523.5000,69.0000,159.0000
566.7560,444.2560,76.4881,121.4881
557.0272,450.5272,91.9456,136.9456
550.1003,446.6003,109.7994,154.7994
544.8073,448.8073,106.3853,151.3853
541.8126,449.8126,104.3749,149.3749
545.2054,452.2054,104.5892,149.5892
543.9034,453.4034,103.1932,148.1932
545.9407,454.9407,103.1185,148.1185
541.3116,453.8116,99.3768,144.3768
531.8970,445.8971,120.2059,165.2059
535.3978,453.3979,117.2043,162.2043
533.6472,443.6472,119.7056,164.7056
532.0607,439.5607,117.8787,162.8786
534.5956,445.0956,99.8089,144.8089
529.9448,458.9448,99.1104,144.1104
521.9034,451.4034,103.1932,148.1932
508.7093,465.2093,120.5814,165.5814
490.5086,463.5086,113.9827,158.9827
499.3104,442.8104,121.3792,166.3792
497.7066,432.2066,119.5867,164.5867
504.0463,454.5463,120.9075,165.9075
488.6295,460.6295,120.7409,165.7409
471.7562,458.2562,125.4876,170.4876
486.6252,467.6252,124.7497,169.7496
473.7507,467.2507,123.4986,168.4986
471.1252,458.1252,113.7496,158.7496
461.2500,446.7500,115.5000,160.5000
480.3821,464.3821,89.2357,134.2357
509.5000,450.5000,69.0000,159.0000
508.5000,450.5000,69.0000,159.0000
509.5000,494.5000,69.0000,159.0000
605.5000,280.5000,69.0000,159.0000
605.5000,280.5000,69.0000,159.0000
605.5000,280.5000,69.0000,159.0000
605.5000,280.5000,69.0000,159.0000
458.9207,398.9207,62.1586,107.1586
411.5000,436.5000,69.0000,159.0000
464.5848,388.5848,80.8303,125.8303
447.2670,412.7670,93.4661,138.4661
434.8752,394.8752,103.2495,148.2495
436.7581,405.2581,103.4837,148.4837
425.4731,406.4731,125.0538,170.0538
425.9933,415.4933,127.0135,172.0135
421.6622,414.6622,125.6757,170.6757
421.0042,414.5042,122.9915,167.9915
422.3891,415.3891,124.2218,169.2218
419.5408,404.5408,124.9185,169.9185
424.3161,399.3161,123.3679,168.3679
427.3078,410.3078,127.3843,172.3843
423.3022,402.8022,125.3955,170.3955
423.5318,397.0318,122.9364,167.9364
422.3396,407.8396,115.3208,160.3208
417.5674,411.5674,118.8653,163.8653
416.7555,407.2555,113.4889,158.4889
414.2835,413.2835,116.4329,161.4329
416.6667,423.1667,112.6665,157.6665
419.0217,411.0217,117.9566,162.9566
419.3839,422.3839,120.2321,165.2321
418.2892,434.2892,117.4216,162.4216
417.3424,436.3424,122.3151,167.3151
415.6341,441.1341,125.7318,170.7318
413.3586,446.8586,117.2829,162.2829
414.2874,450.7874,116.4253,161.4253
419.4277,455.4277,101.1446,146.1446
424.8235,440.3235,103.3531,148.3531
421.7977,447.7977,110.4045,155.4045
440.8313,486.8313,51.3375,96.3375
425.4990,418.4990,99.0019,144.0019
437.2371,442.2371,92.5259,137.5259
435.8827,384.8827,85.2346,130.2346
443.5057,385.0057,77.9885,122.9885
438.0068,387.5068,70.9863,115.9863
440.7901,384.2901,73.4198,118.4198
433.5695,376.5695,92.8609,137.8609
420.1505,413.1505,108.6991,153.6991
413.2218,446.2218,105.5563,150.5563
416.1188,421.1188,92.7623,137.7623
412.9257,421.9257,116.1486,161.1486
413.1301,431.1301,110.7398,155.7397
411.6636,419.1636,107.6727,152.6727
412.4222,411.4222,114.1555,159.1555
412.2325,409.7325,102.5349,147.5349
419.5359,409.5359,91.9282,136.9282
412.4236,434.9236,99.1529,144.1529
413.5050,415.0050,96.9900,141.9900
413.3578,427.8578,88.2843,133.2843
419.6294,419.6294,66.7413,111.7413
406.9750,389.4750,92.0500,137.0500
394.6637,408.6637,102.6726,147.6726
409.5691,443.0691,77.8618,122.8618
402.0906,419.5906,95.8188,140.8188
399.5441,424.0441,86.9118,131.9118
397.4584,454.4584,102.0833,147.0833
406.9005,466.4005,84.1991,129.1991
394.3674,442.8674,106.2652,151.2652
402.8126,473.8126,104.3749,149.3749
417.7133,490.2133,68.5734,113.5734
417.3150,455.8150,61.3701,106.3701
409.2516,414.7516,72.4967,117.4967
492.5000,377.5000,69.0000,159.0000
432.5452,432.0452,46.9097,91.9097
386.5000,377.5000,69.0000,159.0000
411.5000,378.5000,69.0000,159.0000
378.5000,378.5000,69.0000,159.0000
377.5000,378.5000,69.0000,159.0000
345.5000,378.5000,69.0000,159.0000
345.5000,378.5000,69.0000,159.0000
345.5000,377.5000,69.0000,159.0000
605.5000,280.5000,69.0000,159.0000
605.5000,280.5000,69.0000,159.0000
605.5000,280.5000,69.0000,159.0000
