0.460054
0.043594
0.047239
0.035674
0.042505
0.033591
0.034641
0.036448
0.032684
0.033689
0.037795
0.032709
0.040411
0.024051
0.036238
0.033860
0.037752
0.049480
0.038949
0.042655
0.036445
0.044483
0.040869
0.044982
0.040390
0.042166
0.041018
0.040003
0.044050
0.039509
0.039995
0.039937
0.041630
0.043652
0.045285
0.051661
0.044781
0.041908
0.045366
0.048455
0.044997
0.041720
0.042360
0.042689
0.042249
0.046555
0.058232
0.057485
0.042448
0.042063
0.042983
0.044227
0.046195
0.041812
0.044101
0.042915
0.041644
0.054593
0.049050
0.045351
0.041747
0.041403
0.046166
0.042476
0.041978
0.043581
0.042202
0.041540
0.042379
0.046418
0.042023
0.041354
0.058049
0.043006
0.050776
0.044971
0.044991
0.052707
0.031711
0.047784
0.041476
0.041322
0.038555
0.035781
0.036959
0.038414
0.033678
0.022485
0.049603
0.043115
0.040829
0.043846
0.036926
0.029057
0.035684
0.046034
0.039790
0.038487
0.037862
0.046387
0.038403
0.037654
0.041938
0.040959
0.038343
0.040335
0.041700
0.041287
0.042738
0.039646
0.048382
0.039956
0.045765
0.046098
0.044605
0.046744
0.046399
0.049221
0.045913
0.049164
0.048981
0.051604
0.049695
0.045741
0.057259
0.047480
0.046679
0.054753
0.049774
0.053237
0.048633
0.046375
0.046177
0.055935
0.045767
0.047276
0.053648
0.043750
0.045933
0.045604
0.040475
0.046100
0.042868
0.043022
0.042124
0.042567
0.043264
0.051795
0.047136
0.042443
0.042100
0.046074
0.045030
0.038740
0.042278
0.042692
0.042105
0.041707
0.042355
0.039593
0.048976
0.041795
0.046825
0.042040
0.043965
0.043024
0.048341
0.041894
0.047121
0.043703
0.042716
0.042617
0.044439
0.044901
0.045004
0.040632
0.050835
0.041082
0.042894
0.046135
0.042531
0.046063
0.054766
0.056465
0.051668
0.059360
0.044513
0.045554
0.041195
0.043802
0.042241
0.048329
0.050756
0.043969
0.049072
0.046989
0.041549
0.041408
0.042515
0.042400
0.048026
0.041364
0.046932
0.038990
0.063904
0.040638
0.045968
0.061462
0.038595
0.047761
0.038964
0.046468
0.038935
0.039970
0.039046
0.044297
0.026929
0.029862
0.034655
0.030493
0.031649
0.035725
0.037027
0.035173
0.034134
0.032990
0.033715
0.033162
0.040083
0.034798
0.032917
0.035976
0.040816
0.039208
0.041152
0.046154
0.041206
0.042034
0.040754
0.042206
0.049551
0.040497
0.053443
0.040662
0.042311
0.057074
0.038093
0.027193
0.031802
0.029837
0.029692
0.030182
0.033443
0.051240
0.054346
0.032466
0.032830
0.042130
0.035618
0.035627
0.050276
0.032361
0.051814
0.041264
0.033076
0.037911
0.035774
0.049899
0.053513
0.034647
0.036049
0.034574
0.026967
0.016831
0.021693
0.013760
0.014898
0.019707
0.016048
0.015997
0.020876
0.027314
0.016898
0.016360
0.017743
0.014878
0.018978
0.017678
0.017606
0.022285
0.017256
0.017173
0.019741
0.025655
0.020316
0.018072
0.019077
0.023286
0.032460
0.041913
0.024810
0.023033
0.022406
0.025068
0.038206
0.033837
0.026867
0.032006
0.046157
0.043871
0.027537
0.033449
0.026462
0.025967
0.029983
0.035437
0.027003
0.044116
0.039591
0.040960
0.036038
0.040076
0.028230
0.036882
0.036199
0.046176
0.041204
0.066905
0.043609
0.045363
0.058957
0.048354
0.030460
0.021033
0.035232
0.048045
0.024044
0.032705
0.039033
0.040382
0.033944
0.034260
0.033035
0.036581
0.031012
0.030881
0.031682
0.033173
0.032074
0.029916
0.031701
0.037230
0.032301
0.033083
0.035352
0.032051
0.045752
0.033760
0.039266
0.042810
0.051729
0.031370
0.032794
0.032854
0.038039
0.041085
0.036913
0.030686
0.032495
0.050109
0.041204
0.029977
0.020327
0.019969
0.027985
0.030122
0.044832
0.019695
0.025537
0.018297
0.018626
0.017658
0.022891
0.019776
0.018256
0.021108
0.024018
0.019691
0.023953
0.022053
0.016390
0.017466
0.023133
0.022454
0.022007
0.023585
0.021936
0.033040
0.027805
0.028787
0.025886
0.019729
0.032773
0.031330
0.026615
0.026162
0.040289
0.020671
0.030849
0.018864
0.022793
0.019916
0.031648
0.018762
0.025026
0.021802
0.026078
0.018667
0.018712
0.023016
0.028277
0.021246
0.022352
0.034367
0.026490
0.031456
0.025460
0.031811
0.024573
0.031642
0.022942
0.032608
0.036952
0.035304
0.034879
0.037116
0.037113
0.044980
0.025084
0.047354
0.042710
0.039659
0.039261
0.049229
0.036534
0.036940
0.033703
0.039806
0.029337
0.030064
0.041329
0.032081
0.029953
0.031933
0.031140
0.031318
0.032761
0.032839
0.022991
0.025179
0.025190
0.033388
0.029281
0.037896
0.034559
0.033140
0.032134
0.029013
0.034506
0.039737
0.034117
0.031030
0.031155
0.030138
0.031080
0.029020
0.029142
0.033619
0.030443
0.029167
0.033145
0.031507
0.045353
0.037767
0.031121
0.031050
0.035721
0.032652
0.029718
0.032393
0.030913
0.030716
0.030940
0.030878
0.031967
0.028784
0.030745
0.029205
0.032526
0.030576
0.022819
0.020568
0.027204
0.037134
0.038156
0.030916
0.021908
0.024655
0.043115
0.024186
0.024489
0.033412
0.021588
0.020886
0.028638
0.019794
0.027429
0.019658
0.024205
0.015887
0.020616
0.022038
0.031714
0.027558
0.033379
0.024135
0.025294
0.030282
0.021666
0.028866
0.035007
0.024532
0.033550
0.022310
0.032216
0.033994
0.025754
0.026964
0.027618
0.028565
0.029214
0.032384
0.036007
0.028193
0.025716
0.028263
0.027380
0.023384
0.040945
0.030611
0.025069
0.023897
0.024634
0.028777
0.025216
0.020812
0.030018
0.033664
0.025971
0.024134
0.029302
0.024057
0.024227
0.029467
0.026676
0.024555
0.025537
0.030985
0.024465
0.036979
0.030297
0.027479
0.024498
0.024886
0.024982
0.026173
0.034932
0.036067
0.035109
0.026234
0.030308
0.028316
0.026197
0.027357
0.031267
0.031894
0.029668
0.027936
0.034067
0.030095
0.027758
0.030380
0.035978
0.030221
0.030016
0.028161
0.028244
0.030928
0.034409
0.035005
0.034665
0.024305
0.030114
0.035744
0.036528
0.037486
0.045764
0.039307
0.051780
0.046782
0.039505
0.040017
0.038821
0.044154
0.039022
0.040754
0.041359
0.039302
0.042790
0.045089
0.043584
0.045389
0.042022
0.044556
0.047161
0.052270
0.045357
0.049666
0.056348
0.046113
0.044431
0.047174
0.047473
0.048480
0.046594
0.046967
0.047677
0.055022
0.046657
0.055990
0.058852
0.057845
0.047194
0.047458
0.059196
0.049345
0.052376
0.046852
0.049594
0.046845
0.046237
0.047470
0.046806
0.048306
0.049911
0.051435
0.046345
0.051656
0.046748
0.046393
0.050094
0.046410
0.047957
0.047483
0.046749
0.046240
0.047668
0.049449
0.048892
0.048336
0.046086
0.045887
0.055589
0.047328
0.060533
0.048650
0.056106
0.046181
0.072877
0.045838
0.053868
0.058131
0.048710
0.043825
0.045143
0.046925
0.045000
0.044476
0.044398
0.052681
0.053532
0.032087
0.060847
0.053796
0.045845
0.044214
0.044250
0.044235
0.048265
0.044233
0.055775
0.064864
0.044551
0.044839
0.050891
0.051208
0.049202
0.044079
0.047896
0.044535
0.057549
0.048937
0.044623
0.043304
0.063288
0.043665
0.043591
0.045612
0.045623
0.043052
0.045172
0.029877
0.046547
0.044058
0.043437
0.055656
0.048536
0.061991
0.053307
0.048512
0.045047
0.045056
0.043163
0.048365
0.043611
0.045502
0.047415
0.044893
0.051452
0.043896
0.047776
0.046179
0.043884
0.046209
0.046354
0.044204
0.046353
0.050460
0.042771
0.047740
0.046829
0.050647
0.049079
0.045851
0.052769
0.046708
0.052913
0.046864
0.040575
0.047732
0.049320
0.059186
0.043626
0.052429
0.046686
0.044860
0.044483
0.043039
0.043175
0.044825
0.045092
0.054753
0.044088
0.043319
0.043860
0.029152
0.044890
0.050519
0.055732
0.049410
0.048552
0.047787
0.049808
0.056613
0.054695
0.046838
0.047203
0.048387
0.047407
0.045634
0.035300
0.045904
0.047523
0.047007
0.046646
0.046925
0.050010
0.045543
0.032417
0.033646
0.031837
0.031841
0.031896
0.033308
0.036314
0.032685
0.036801
0.039402
0.034558
0.034835
0.047114
0.048074
0.046035
0.034123
0.049445
0.048862
0.049858
0.046880
0.032470
0.045646
0.030234
0.029943
0.042718
0.044830
0.042811
0.048546
0.045604
0.046852
0.051844
0.046997
0.047247
0.042596
0.044729
0.046184
0.042810
0.029602
0.042620
0.046342
0.029991
0.056540
0.029397
0.030061
0.029088
0.031005
0.031603
0.043243
0.043107
0.044813
0.046745
0.043582
0.043941
0.044077
0.030177
0.029360
0.043248
0.049886
0.045286
0.042428
0.045811
0.042525
0.055519
0.044203
0.042899
0.045763
0.042799
0.044450
0.044175
0.048198
0.044939
0.034046
0.040717
0.056687
0.068138
0.055898
0.055217
0.042549
0.044886
0.044378
0.044614
0.045699
0.046104
0.049266
0.047100
0.031570
0.048357
0.047908
0.048750
0.047742
0.047699
0.049347
0.048624
0.043983
0.043923
0.044715
0.044650
0.042554
0.044634
0.047276
0.045954
0.046953
0.046126
0.048320
0.046304
0.048262
0.050118
0.050626
0.057536
0.063970
0.051034
0.054203
0.046049
0.046988
0.049639
0.047140
0.048294
0.046384
0.048368
0.045818
0.052687
0.047792
0.048272
0.044310
0.046546
0.045914
0.044534
0.048984
0.048441
0.046109
0.046105
0.048434
0.048156
0.036549
0.039243
0.038180
0.043834
0.044102
0.044264
0.040451
0.045078
0.042686
0.046688
0.043036
0.045103
0.043028
0.045846
0.045430
0.050114
0.052737
0.048561
0.048412
0.056634
0.048038
0.047751
0.055041
0.060170
0.051472
0.051272
0.044670
0.043602
0.034865
0.048130
0.054711
0.033992
0.035190
0.052524
0.036388
0.061870
0.052741
0.042437
0.046967
0.037816
0.046207
0.032848
0.037960
0.032698
0.036875
0.030484
0.029574
0.017383
0.041180
0.032454
0.033558
0.037287
0.035535
0.033187
0.035244
0.041140
0.043736
0.040096
0.023638
0.029065
0.037922
0.022854
0.018027
0.023841
0.019408
0.023035
0.028126
0.029802
0.033029
0.025442
0.026985
0.028687
0.029471
0.027072
0.020283
0.023712
0.023401
0.034070
0.036444
0.035573
0.037418
0.039855
0.039981
0.026280
0.038369
0.039366
0.042565
0.041181
0.043812
0.060859
0.045536
0.045975
0.047088
0.054268
0.051267
0.052757
0.047439
0.047523
0.048799
0.049975
0.046017
0.047338
0.048470
0.046178
0.048889
0.045555
0.046963
0.046049
0.047257
0.049878
0.050836
0.064958
0.048546
0.049173
0.050216
0.048472
0.048560
0.041216
0.041602
0.042617
0.058905
0.057662
0.058596
0.059529
0.053725
0.064473
0.072414
0.050432
0.049055
0.059657
0.045858
0.046619
0.048286
0.046101
0.047801
0.045380
0.050290
0.064801
0.073029
0.034233
0.039479
0.044010
0.028074
0.031935
0.035314
0.030951
0.031451
0.047210
0.030416
0.044558
0.044992
0.044479
0.044607
0.031288
0.045269
0.029793
0.031795
0.033437
0.043473
0.030674
0.048295
0.032017
0.030649
0.034828
0.029823
0.030627
0.033095
0.029882
0.030534
0.042115
0.034085
0.030734
0.030071
0.030553
0.037039
0.026171
0.032075
0.034435
0.029580
0.048489
0.042494
0.046668
0.029873
0.032623
0.030784
0.030118
0.045593
0.045911
0.046313
0.054782
0.047763
0.055265
0.048355
0.047637
0.049207
0.047506
0.048039
0.033341
0.035771
0.035234
0.034040
0.035085
0.038599
0.065574
0.062397
0.036673
0.048110
0.049169
0.033968
0.035984
0.063472
0.047562
0.048365
0.048276
0.062593
0.049720
0.047899
0.033258
0.048671
0.033770
0.033625
0.035011
0.033199
0.051503
0.035823
0.033300
0.042663
0.034399
0.022228
0.030607
0.029945
0.033427
0.038858
0.031798
0.032380
0.025723
0.030713
0.030883
0.044492
0.035725
0.031429
0.027710
0.029068
0.032958
0.029256
0.034090
0.041524
0.042856
0.049079
0.028524
0.027000
0.027215
0.027138
0.030372
0.037094
0.032013
0.032589
0.031089
0.031693
0.032437
0.031305
0.032173
0.048455
0.046238
0.045996
0.051921
0.046924
0.045586
0.033839
0.042351
0.031216
0.033200
0.033226
0.032508
0.045299
0.034607
0.031238
0.039264
0.049079
0.031936
0.033589
0.033585
0.031512
0.032550
0.033240
0.036669
0.056419
0.040480
0.032423
0.034558
0.030769
0.030499
0.049338
0.034111
0.030188
0.032353
0.031615
0.036629
0.033406
0.037578
0.047074
0.030713
0.030673
0.044293
0.027369
0.032408
0.043729
0.058189
0.044070
0.040124
0.043738
0.037647
0.055540
0.044921
0.044046
0.030424
0.025303
0.034663
0.025354
0.028704
0.040804
0.027515
0.034820
0.050654
0.047688
0.048494
0.045530
0.044194
0.045910
0.046050
0.046477
0.049290
0.044977
0.044479
0.047190
0.047196
0.044147
0.072257
0.054249
0.046470
0.049648
0.045260
0.044137
0.045453
0.051436
0.044641
0.044210
0.053710
0.044009
0.045901
0.048806
0.046026
0.045156
0.052191
0.044754
0.052366
0.050319
0.044788
0.035247
0.042578
0.037816
0.036749
0.036630
0.038592
0.041175
0.041298
0.039833
0.041050
0.044599
0.039975
0.040053
0.044261
0.027899
0.037927
0.038515
0.026156
0.025010
0.030672
0.023770
0.038117
0.039620
0.037666
0.041941
0.043377
0.043839
0.043988
0.034735
0.031292
0.030533
0.032576
0.035039
0.030609
0.033577
0.031507
0.030949
0.038557
0.064011
0.033594
0.029370
0.030379
0.043635
0.049834
0.048268
0.043620
0.029704
0.030425
0.030379
0.045557
0.044054
0.047816
0.045114
0.051869
0.063239
0.043923
0.045010
0.047197
0.045212
0.044262
0.053591
0.043932
0.049058
0.036255
0.041364
0.042614
0.048183
0.041978
0.040575
0.044818
0.043412
0.041165
0.044250
0.041856
0.040803
0.040673
0.043455
0.043581
0.042904
0.042135
0.041064
0.042077
0.041417
0.045531
0.040699
0.041684
0.041869
0.043042
0.051905
0.053110
0.039881
0.039755
0.042428
0.040272
0.040959
0.046077
0.047005
0.039928
0.060645
0.054084
0.038450
0.039656
0.042919
0.040603
0.043799
0.039118
0.039481
0.038808
0.041552
0.039307
0.039486
0.040830
0.038795
0.040399
0.056237
0.043846
0.054377
0.042826
0.043383
0.043938
0.027635
0.029655
0.040229
0.038896
0.046857
0.042588
0.043732
0.046588
0.040524
0.040708
0.047423
0.040634
0.039825
0.043535
0.041492
0.044115
0.042995
0.040117
0.050833
0.040542
0.051612
0.043476
0.042778
0.044400
0.043055
0.057017
0.043868
0.046418
0.045976
0.050510
0.047618
0.049152
0.047573
0.046868
0.049199
0.047232
0.051482
0.046199
0.064457
0.051524
0.046517
0.048271
0.047190
0.050949
0.044965
0.050474
0.041433
0.040819
0.047725
0.043614
0.056125
0.045513
0.042593
0.043401
0.039777
0.038993
0.039076
0.037731
0.040572
0.039289
0.043421
0.040172
0.038682
0.038971
0.056951
0.057747
0.041764
0.049159
0.048821
0.061050
0.050279
0.056533
0.041760
0.041726
0.044029
0.041368
0.041406
0.045316
0.041581
0.043447
0.042061
0.041209
0.049503
0.041239
0.057515
0.056667
0.044652
0.046192
0.053822
0.045522
0.050276
0.049931
0.054182
0.042070
0.045079
0.047146
0.049998
0.043937
0.055813
0.062738
0.042134
0.046283
0.042815
0.044067
0.043414
0.044952
0.045371
0.044744
0.046285
0.043195
0.041966
0.050680
0.040774
0.047498
0.040559
0.044382
0.042345
0.041327
0.047006
0.042500
0.042029
0.045084
0.044477
0.046501
0.044339
0.044537
0.043717
0.049658
0.044397
0.044984
0.044027
0.047068
0.044113
0.044181
0.058164
0.063833
0.044573
0.045709
0.044075
0.044866
0.047190
0.050754
0.047723
0.047645
0.043996
0.045077
0.052766
0.055077
0.044523
0.044464
0.045886
0.044417
0.044511
0.052732
0.044053
0.044060
0.042773
0.046915
0.044367
0.045446
0.045642
0.044132
0.051121
0.045194
0.046868
0.045048
0.045444
0.049467
0.045218
0.050065
0.044366
0.046027
0.045032
0.046959
0.043984
0.060749
0.046293
0.044900
0.044919
0.046946
0.052724
0.057061
0.047740
0.054173
0.065306
0.044249
0.059230
0.048320
0.050903
0.031301
0.040371
0.047870
0.037188
0.030416
0.044895
0.048229
0.044648
0.044201
0.045182
0.044919
0.043989
0.044907
0.044639
0.045734
0.046123
0.043843
0.044499
0.047904
0.044679
0.046469
0.044368
0.044073
0.047153
0.046654
0.048420
0.044271
0.059568
0.053068
0.030380
0.058344
0.057446
0.047333
0.048778
0.053033
0.048042
0.051798
0.054691
0.044441
0.045847
0.042945
0.044695
0.074591
0.045096
0.047476
0.039016
0.059871
0.046098
0.048555
0.043314
0.033729
0.032447
0.033018
0.040462
0.040762
0.040907
0.041708
0.044980
0.042314
0.041722
0.041691
0.040976
0.043590
0.041832
0.043157
0.040857
0.040723
0.043623
0.039926
0.035981
0.042665
0.039327
0.038440
0.038468
0.042433
0.042219
0.040493
0.052969
0.046219
0.038651
0.039959
0.039747
0.038960
0.040935
0.042468
0.038526
0.044493
0.039233
0.039382
0.038761
0.038629
0.041902
0.039606
0.039316
0.043583
0.047172
0.052398
0.042299
0.042921
0.051303
0.019654
0.019635
0.041461
0.028166
0.038948
0.040878
0.041105
0.040948
0.040985
0.040756
0.036420
0.032892
0.040919
0.037011
0.037539
0.039094
0.039151
0.038955
0.038386
0.043890
0.038460
0.036828
0.040787
0.037211
0.037626
0.027521
0.025560
0.023482
0.024480
0.024941
0.026512
0.042731
0.025865
0.025175
0.025443
0.024987
0.025196
0.025304
0.039581
0.031392
0.046855
0.048932
0.042351
0.036408
0.030935
0.052338
0.046876
0.040564
0.042685
0.048365
0.046149
0.041444
0.040486
0.045422
0.036973
0.039516
0.045204
0.038885
0.038316
0.046508
0.026741
0.038574
0.038923
0.042770
0.038584
0.041131
0.039263
0.034433
0.048515
0.040857
0.040542
0.041258
0.044518
0.041158
0.043367
0.040430
0.040832
0.043439
0.041715
0.044003
0.040839
0.041407
0.045914
0.043871
0.056812
0.045835
0.044972
0.043728
0.037925
0.040484
0.043590
0.043148
0.042334
0.042988
0.042886
0.040767
0.040852
0.041056
0.041816
0.045036
0.043446
0.041606
0.041058
0.044038
0.045824
0.041421
0.042311
0.046043
0.042868
0.043866
0.046304
0.045058
0.031690
0.044264
0.044477
0.033475
0.030250
0.032619
0.030404
0.030092
0.032756
0.030202
0.030981
0.030768
0.034049
0.030161
0.030387
0.045036
0.031842
0.030505
0.030202
0.031433
0.031491
0.047651
0.035244
0.034945
0.030313
0.031025
0.030606
0.030815
0.031449
0.030120
0.033085
0.030882
0.030193
0.032910
0.031085
0.030489
0.032925
0.030676
0.030388
0.032437
0.031077
0.030074
0.031368
0.030424
0.030446
0.031329
0.030611
0.033638
0.032398
0.031331
0.030153
0.030181
0.031608
0.031636
0.032436
0.036347
0.031214
0.031153
0.030967
0.032234
0.034525
0.032182
0.046566
0.031160
0.033257
0.030946
0.030801
0.033341
0.031268
0.031523
0.030193
0.046829
0.031043
0.029814
0.032570
0.028433
0.029519
0.027992
0.030128
0.035532
0.027923
0.026443
0.046583
0.042820
0.046004
0.030958
0.026007
0.025458
0.022824
0.067497
0.030617
0.033689
0.034189
0.042402
0.033643
0.036328
0.031745
0.034961
0.040766
0.033725
0.034510
0.032249
0.039840
0.033340
0.031678
0.039322
0.034763
0.038732
0.049465
0.044752
0.033653
0.041566
0.031671
0.032976
0.035469
0.033501
0.039110
0.031022
0.027843
0.028910
0.027719
0.028921
0.029059
0.028798
0.026731
0.031589
0.029479
0.030680
0.032721
0.044935
0.030001
0.033882
0.035335
0.030725
0.029763
0.031100
0.028603
0.029065
0.047391
0.029306
0.040130
0.031819
0.032076
0.034747
0.032305
0.033383
0.032456
0.031547
0.032215
0.042977
0.032191
0.031424
0.031873
0.042371
0.034654
0.034772
0.034518
0.032235
0.036540
0.034341
0.031941
0.045640
0.032535
0.033585
0.031969
0.032886
0.032438
0.045676
0.031820
0.031511
0.037284
0.031359
0.031939
0.034614
0.034722
0.033471
0.031759
0.035541
0.034830
0.031816
0.031633
0.034950
0.032276
