1
304.0000,798.0000,22.0000,16.0000
304.0000,798.0000,22.0000,16.0000
304.0000,741.0000,22.0000,16.0000
304.0000,741.0000,22.0000,16.0000
304.0000,798.0000,22.0000,16.0000
304.0000,741.0000,22.0000,16.0000
304.0000,741.0000,22.0000,16.0000
303.0000,799.0000,22.0000,16.0000
303.0000,799.0000,22.0000,16.0000
303.0000,799.0000,22.0000,16.0000
303.0000,798.0000,22.0000,16.0000
794.3858,306.8858,18.2284,15.2284
304.0000,799.0000,22.0000,16.0000
783.9428,291.4428,47.1144,44.1144
799.4433,293.4433,44.1134,41.1134
761.2646,288.2646,49.4708,46.4708
767.9398,292.4398,40.1204,37.1204
770.1504,294.6504,38.6993,35.6993
769.9376,289.9376,47.1248,44.1248
763.5991,293.0991,41.8018,38.8018
768.6536,294.6537,37.6927,34.6927
773.8707,295.8707,36.2587,33.2587
304.0000,799.0000,22.0000,16.0000
304.0000,799.0000,22.0000,16.0000
787.3351,303.3351,26.3297,23.3297
754.8135,291.8135,45.3730,42.3730
304.0000,798.0000,22.0000,16.0000
304.0000,799.0000,22.0000,16.0000
304.0000,799.0000,22.0000,16.0000
304.0000,799.0000,22.0000,16.0000
304.0000,799.0000,22.0000,16.0000
304.0000,799.0000,22.0000,16.0000
798.4958,305.9958,26.0083,23.0083
304.0000,799.0000,22.0000,16.0000
795.6927,302.6927,29.6145,26.6145
784.8668,306.3668,24.2665,21.2665
762.5735,293.5735,39.8531,36.8531
304.0000,799.0000,22.0000,16.0000
304.0000,799.0000,22.0000,16.0000
779.6498,304.6498,26.7003,23.7003
304.0000,799.0000,22.0000,16.0000
303.0000,799.0000,22.0000,16.0000
303.0000,799.0000,22.0000,16.0000
303.0000,799.0000,22.0000,16.0000
303.0000,799.0000,22.0000,16.0000
304.0000,799.0000,22.0000,16.0000
304.0000,799.0000,22.0000,16.0000
304.0000,799.0000,22.0000,16.0000
303.0000,799.0000,22.0000,16.0000
303.0000,741.0000,22.0000,16.0000
304.0000,798.0000,22.0000,16.0000
304.0000,741.0000,22.0000,16.0000
745.6005,302.1005,30.7990,27.7990
304.0000,741.0000,22.0000,16.0000
304.0000,798.0000,22.0000,16.0000
304.0000,741.0000,22.0000,16.0000
287.0000,711.0000,22.0000,16.0000
304.0000,741.0000,22.0000,16.0000
304.0000,741.0000,22.0000,16.0000
303.0000,741.0000,22.0000,16.0000
304.0000,799.0000,22.0000,16.0000
304.0000,799.0000,22.0000,16.0000
303.0000,799.0000,22.0000,16.0000
304.0000,799.0000,22.0000,16.0000
304.0000,799.0000,22.0000,16.0000
775.8832,305.3831,28.2337,25.2337
311.0000,798.0000,22.0000,16.0000
304.0000,799.0000,22.0000,16.0000
304.0000,799.0000,22.0000,16.0000
311.0000,798.0000,22.0000,16.0000
311.0000,740.0000,22.0000,16.0000
311.0000,798.0000,22.0000,16.0000
629.0000,352.0000,22.0000,16.0000
304.0000,799.0000,22.0000,16.0000
311.0000,798.0000,22.0000,16.0000
304.0000,799.0000,22.0000,16.0000
304.0000,799.0000,22.0000,16.0000
629.0000,352.0000,22.0000,16.0000
312.0000,857.0000,22.0000,16.0000
304.0000,697.0000,22.0000,16.0000
304.0000,697.0000,22.0000,16.0000
304.0000,741.0000,22.0000,16.0000
304.0000,697.0000,22.0000,16.0000
304.0000,799.0000,22.0000,16.0000
304.0000,799.0000,22.0000,16.0000
304.0000,799.0000,22.0000,16.0000
304.0000,741.0000,22.0000,16.0000
304.0000,741.0000,22.0000,16.0000
304.0000,741.0000,22.0000,16.0000
751.6027,301.6028,32.7945,29.7945
304.0000,741.0000,22.0000,16.0000
304.0000,799.0000,22.0000,16.0000
773.3761,306.8761,25.2478,22.2478
304.0000,741.0000,22.0000,16.0000
788.6265,307.6265,21.7471,18.7471
304.0000,798.0000,22.0000,16.0000
304.0000,799.0000,22.0000,16.0000
785.4344,300.4344,30.1311,27.1311
769.7040,295.7040,39.5920,36.5920
772.7691,293.7691,40.4618,37.4618
762.3136,292.8136,42.3728,39.3728
747.7404,291.7404,43.5192,40.5192
780.0670,306.0670,25.8661,22.8661
756.0303,292.0303,43.9393,40.9393
799.2654,285.2654,55.4691,52.4691
791.5292,304.0292,25.9416,22.9416
311.0000,798.0000,22.0000,16.0000
793.7303,309.7303,20.5394,17.5394
905.1194,301.1195,30.7611,27.7611
781.3719,307.8719,26.2561,23.2561
303.0000,799.0000,22.0000,16.0000
304.0000,799.0000,22.0000,16.0000
795.5062,292.5063,50.9875,47.9875
311.0000,799.0000,22.0000,16.0000
794.6270,312.1270,18.7460,15.7460
794.4380,311.9380,19.1240,16.1240
311.0000,798.0000,22.0000,16.0000
311.0000,799.0000,22.0000,16.0000
311.0000,799.0000,22.0000,16.0000
311.0000,799.0000,22.0000,16.0000
312.0000,799.0000,22.0000,16.0000
311.0000,799.0000,22.0000,16.0000
787.7250,307.7250,23.5499,20.5499
792.7919,311.7919,18.4162,15.4162
311.0000,799.0000,22.0000,16.0000
311.0000,798.0000,22.0000,16.0000
312.0000,799.0000,22.0000,16.0000
312.0000,798.0000,22.0000,16.0000
312.0000,798.0000,22.0000,16.0000
418.0000,479.0000,22.0000,16.0000
311.0000,799.0000,22.0000,16.0000
312.0000,799.0000,22.0000,16.0000
312.0000,901.0000,22.0000,16.0000
312.0000,901.0000,22.0000,16.0000
418.0000,421.0000,22.0000,16.0000
320.0000,915.0000,22.0000,16.0000
319.0000,915.0000,22.0000,16.0000
418.0000,450.0000,22.0000,16.0000
433.5376,413.0376,35.9249,32.9249
409.2508,372.2508,85.4983,82.4983
424.9674,371.4674,80.0652,77.0652
413.4811,376.9811,77.0379,74.0379
438.1587,398.6587,59.6826,56.6826
665.0132,297.5132,29.9737,26.9737
557.9565,288.4565,80.0869,77.0869
457.7634,318.7634,127.4732,124.4732
427.2083,328.7083,117.5833,114.5833
487.6992,309.6992,120.6016,117.6016
505.4094,308.9094,122.1812,119.1812
543.2321,288.7321,91.5357,88.5357
554.7941,288.7941,80.4118,77.4118
462.9856,312.9856,124.0288,121.0288
460.9703,310.9703,133.0594,130.0594
469.8649,315.8649,121.2701,118.2701
463.1032,316.6032,110.7935,107.7935
477.7817,313.2817,117.4366,114.4366
499.8883,309.8883,115.2233,112.2233
507.1708,306.6708,117.6583,114.6583
462.7880,315.2880,124.4240,121.4240
463.0536,312.0536,122.8928,119.8928
463.0150,317.0150,110.9700,107.9700
451.2944,312.2944,119.4113,116.4113
443.3802,324.3802,111.2397,108.2397
450.7890,314.7890,118.4221,115.4221
420.6252,317.6252,115.7497,112.7497
422.7240,327.7240,109.5520,106.5520
408.9393,324.9393,116.1214,113.1214
428.2820,317.7820,112.4359,109.4359
423.1995,321.6995,112.6009,109.6009
429.7558,309.2558,108.4885,105.4885
418.2965,307.2965,114.4070,111.4070
427.1432,300.1432,114.7135,111.7135
415.4180,310.4180,107.1639,104.1639
403.6146,320.1146,111.7708,108.7708
417.1678,303.1678,110.6644,107.6644
409.3140,307.8140,117.3720,114.3720
397.8763,312.3763,120.2474,117.2474
391.7607,314.7607,121.4785,118.4785
387.1716,316.1716,118.6569,115.6569
385.4075,317.9075,119.1850,116.1850
383.4109,317.4109,119.1781,116.1781
391.2934,313.7934,120.4132,117.4132
385.2287,315.7287,122.5426,119.5426
382.6565,317.1565,122.6871,119.6871
393.4650,318.9650,120.0699,117.0699
396.7692,318.2692,121.4615,118.4615
391.4851,321.4851,120.0298,117.0298
385.5864,328.0864,115.8272,112.8272
378.7036,331.7036,117.5927,114.5927
382.8822,337.8822,117.2356,114.2356
378.4118,336.4118,113.1763,110.1763
381.4776,330.4776,117.0448,114.0448
390.9431,335.4431,112.1138,109.1138
386.7626,321.7626,115.4749,112.4749
390.3764,325.3764,109.2471,106.2471
402.4375,324.4375,109.1249,106.1249
397.6252,332.6252,105.7497,102.7497
383.3409,341.3409,102.3181,99.3181
377.3275,341.3275,105.3451,102.3451
376.1266,337.1266,98.7468,95.7468
367.8463,353.3463,95.3075,92.3075
376.2433,344.7433,104.5134,101.5134
391.5598,335.0598,102.8804,99.8804
393.7507,336.7507,101.4986,98.4986
430.7120,333.7120,91.5760,88.5760
418.8136,333.3136,99.3728,96.3728
427.7124,341.2124,82.5751,79.5751
449.5782,326.5782,82.8436,79.8436
376.5218,366.0218,56.9565,53.9565
537.5877,321.0877,45.8246,42.8246
369.0000,508.0000,22.0000,16.0000
361.0000,522.0000,22.0000,16.0000
466.7009,362.2009,41.5982,38.5982
353.0000,566.0000,22.0000,16.0000
550.7878,337.2879,32.4243,29.4243
345.0000,566.0000,22.0000,16.0000
513.1588,361.6588,20.6825,17.6825
345.0000,566.0000,22.0000,16.0000
361.0000,522.0000,22.0000,16.0000
352.0000,552.0000,22.0000,16.0000
559.9939,328.4939,52.0122,49.0122
555.2944,339.7943,50.4113,47.4113
545.3972,337.3971,51.2057,48.2057
561.0061,334.5061,51.9878,48.9878
535.4203,335.4203,58.1593,55.1593
522.3606,345.3606,53.2788,50.2788
545.2514,338.7514,55.4972,52.4972
559.7173,292.2173,83.5655,80.5655
570.6929,302.6929,75.6142,72.6142
565.3584,286.8584,85.2832,82.2832
592.4500,276.4500,81.0999,78.0999
578.0456,278.5456,80.9089,77.9089
564.4253,340.4253,31.1494,28.1494
610.5048,258.0048,75.9904,72.9904
574.9643,280.9643,74.0714,71.0714
588.4001,266.9001,81.1997,78.1997
593.0925,266.0925,79.8150,76.8150
607.9844,253.4844,79.0312,76.0312
612.7186,240.7186,84.5629,81.5629
606.5085,245.5086,83.9829,80.9829
606.9306,266.9306,74.1387,71.1387
604.6354,242.6354,84.7292,81.7292
607.7508,236.2508,88.4984,85.4984
600.5626,241.0625,91.8749,88.8749
596.2640,265.7640,82.4720,79.4720
612.3024,296.8024,69.3952,66.3952
618.6481,316.6481,65.7038,62.7037
616.5917,313.5917,66.8167,63.8167
612.7570,298.7570,73.4860,70.4860
611.0263,314.5263,67.9473,64.9473
615.1522,319.1522,66.6956,63.6956
615.0341,321.0341,65.9318,62.9318
619.1962,322.6962,65.6077,62.6077
622.1183,324.1183,64.7634,61.7634
628.6791,327.1791,66.6417,63.6417
630.8542,330.3542,64.2916,61.2916
638.7917,326.7917,66.4166,63.4166
640.6583,328.6583,67.6833,64.6833
643.5523,331.0523,71.8954,68.8954
648.9222,332.4222,72.1555,69.1555
650.0964,335.0965,71.8071,68.8071
649.8006,336.3006,76.3988,73.3988
649.6833,338.6833,77.6333,74.6333
653.3251,343.3251,78.3498,75.3498
648.7420,345.7420,81.5160,78.5160
647.2084,349.7083,81.5833,78.5833
631.3516,353.3517,85.2967,82.2967
617.8531,358.3531,87.2938,84.2938
600.9399,361.9398,92.1203,89.1203
574.4509,369.4509,95.0982,92.0982
562.8414,387.8414,92.3173,89.3173
555.9578,399.9579,94.0843,91.0843
538.3836,407.3836,100.2328,97.2328
523.3275,411.8275,105.3451,102.3451
504.2396,424.2396,113.5207,110.5207
489.9587,432.4587,114.0825,111.0825
480.4803,445.9803,116.0393,113.0393
471.1049,461.1049,115.7903,112.7903
453.5248,473.5248,116.9505,113.9505
443.6319,485.6319,121.7362,118.7362
445.6252,493.6252,123.7497,120.7497
437.4182,502.4182,124.1636,121.1636
431.6878,510.6878,124.6244,121.6244
436.7550,516.7550,123.4900,120.4900
441.5992,519.5992,126.8016,123.8016
457.1541,522.1541,127.6919,124.6919
464.9268,519.9268,127.1465,124.1465
475.6727,521.1727,126.6547,123.6547
484.2709,518.2709,127.4581,124.4581
501.0210,515.5210,126.9580,123.9580
499.6482,518.1481,127.7037,124.7037
514.9095,510.4095,129.1810,126.1810
516.1072,506.6072,129.7855,126.7855
519.8692,502.8692,138.2615,135.2615
529.0361,491.5361,140.9279,137.9279
537.9884,484.4884,140.0233,137.0233
534.6534,477.1534,134.6932,131.6932
546.4390,457.4390,140.1220,137.1220
536.2689,448.2689,146.4622,143.4622
541.7482,444.2481,145.5037,142.5037
558.0250,437.0250,145.9500,142.9500
551.2458,437.2458,146.5083,143.5083
566.0229,430.5229,144.9543,141.9543
564.0361,417.0361,145.9278,142.9278
549.3840,415.8840,151.2319,148.2319
567.5672,410.0672,144.8656,141.8656
564.9868,413.4868,144.0263,141.0263
564.6069,410.6070,141.7861,138.7861
565.8683,410.8683,140.2633,137.2633
561.4078,413.4077,141.1845,138.1845
560.9303,411.4303,140.1395,137.1395
558.3450,411.8449,135.3101,132.3101
559.6200,411.6200,132.7600,129.7600
560.7889,401.7889,131.4222,128.4222
540.9240,407.9240,126.1521,123.1521
538.1697,405.6696,124.6607,121.6607
537.8616,404.8617,122.2767,119.2767
531.6302,401.1302,121.7396,118.7396
525.7133,394.7133,121.5735,118.5735
508.4602,392.4602,121.0795,118.0795
501.9636,389.4636,119.0729,116.0729
480.3680,385.3680,116.2640,113.2640
465.3202,389.3202,113.3597,110.3597
459.0406,382.5406,110.9187,107.9187
453.9495,378.9495,110.1010,107.1010
445.8122,375.8122,106.3756,103.3756
441.4167,374.4167,104.1665,101.1665
438.6756,369.6756,102.6488,99.6488
434.2168,364.7168,99.5664,96.5664
435.5029,356.5029,96.9942,93.9942
433.7431,353.7431,92.5138,89.5138
428.7477,347.7477,90.5047,87.5047
424.6382,337.6382,87.7235,84.7235
419.3366,333.3366,82.3267,79.3267
420.7904,329.7904,77.4191,74.4191
413.8251,315.3251,78.3498,75.3498
411.7509,307.2509,76.4981,73.4981
413.3919,296.8919,71.2163,68.2163
419.3229,288.3229,68.3542,65.3542
425.8643,281.3643,68.2713,65.2713
441.9168,277.9168,65.1664,62.1664
445.4070,273.9070,64.1860,61.1860
448.6254,269.1254,54.7493,51.7493
455.1489,242.1489,58.7022,55.7022
475.1205,222.1205,62.7591,59.7591
470.4201,212.9201,61.1597,58.1597
475.2325,212.2325,57.5349,54.5349
493.9079,215.4079,55.1843,52.1843
1098.1056,92.1056,48.7889,45.7889
510.1066,212.6066,40.7867,37.7867
222.0000,537.0000,22.0000,16.0000
156.0000,1148.0000,22.0000,16.0000
1130.9572,163.4572,27.0857,24.0857
188.0000,1148.0000,22.0000,16.0000
411.9590,111.9590,81.0821,78.0821
397.9182,121.9182,69.1636,66.1636
357.9877,118.4877,72.0246,69.0246
364.3033,118.3033,68.3934,65.3934
355.4722,124.9722,47.0555,44.0555
363.6519,119.6519,76.6963,73.6963
156.0000,406.0000,22.0000,16.0000
430.4890,147.9890,28.0220,25.0220
156.0000,421.0000,22.0000,16.0000
410.4380,146.9380,19.1240,16.1240
156.0000,420.0000,22.0000,16.0000
140.0000,464.0000,22.0000,16.0000
156.0000,420.0000,22.0000,16.0000
140.0000,464.0000,22.0000,16.0000
156.0000,420.0000,22.0000,16.0000
156.0000,479.0000,22.0000,16.0000
629.0000,352.0000,22.0000,16.0000
629.0000,352.0000,22.0000,16.0000
629.0000,352.0000,22.0000,16.0000
156.0000,479.0000,22.0000,16.0000
140.0000,464.0000,22.0000,16.0000
140.0000,508.0000,22.0000,16.0000
156.0000,479.0000,22.0000,16.0000
156.0000,478.0000,22.0000,16.0000
156.0000,479.0000,22.0000,16.0000
156.0000,420.0000,22.0000,16.0000
140.0000,464.0000,22.0000,16.0000
140.0000,465.0000,22.0000,16.0000
156.0000,537.0000,22.0000,16.0000
156.0000,479.0000,22.0000,16.0000
156.0000,479.0000,22.0000,16.0000
156.0000,537.0000,22.0000,16.0000
156.0000,479.0000,22.0000,16.0000
629.0000,352.0000,22.0000,16.0000
629.0000,352.0000,22.0000,16.0000
629.0000,352.0000,22.0000,16.0000
205.0000,464.0000,22.0000,16.0000
629.0000,352.0000,22.0000,16.0000
629.0000,352.0000,22.0000,16.0000
629.0000,352.0000,22.0000,16.0000
222.0000,653.0000,22.0000,16.0000
629.0000,352.0000,22.0000,16.0000
221.0000,595.0000,22.0000,16.0000
254.0000,653.0000,22.0000,16.0000
254.0000,653.0000,22.0000,16.0000
238.0000,624.0000,22.0000,16.0000
629.0000,352.0000,22.0000,16.0000
254.0000,653.0000,22.0000,16.0000
629.0000,352.0000,22.0000,16.0000
629.0000,352.0000,22.0000,16.0000
255.0000,653.0000,22.0000,16.0000
675.5557,318.0557,28.8885,25.8885
629.0000,352.0000,22.0000,16.0000
328.0000,683.0000,22.0000,16.0000
629.0000,352.0000,22.0000,16.0000
629.0000,352.0000,22.0000,16.0000
629.0000,352.0000,22.0000,16.0000
629.0000,352.0000,22.0000,16.0000
629.0000,352.0000,22.0000,16.0000
629.0000,352.0000,22.0000,16.0000
629.0000,352.0000,22.0000,16.0000
629.0000,352.0000,22.0000,16.0000
629.0000,352.0000,22.0000,16.0000
629.0000,352.0000,22.0000,16.0000
629.0000,352.0000,22.0000,16.0000
629.0000,352.0000,22.0000,16.0000
629.0000,352.0000,22.0000,16.0000
629.0000,352.0000,22.0000,16.0000
629.0000,352.0000,22.0000,16.0000
629.0000,352.0000,22.0000,16.0000
629.0000,352.0000,22.0000,16.0000
629.0000,352.0000,22.0000,16.0000
221.0000,537.0000,22.0000,16.0000
629.0000,352.0000,22.0000,16.0000
629.0000,352.0000,22.0000,16.0000
629.0000,352.0000,22.0000,16.0000
629.0000,352.0000,22.0000,16.0000
238.0000,450.0000,22.0000,16.0000
222.0000,479.0000,22.0000,16.0000
222.0000,479.0000,22.0000,16.0000
222.0000,479.0000,22.0000,16.0000
222.0000,479.0000,22.0000,16.0000
222.0000,479.0000,22.0000,16.0000
629.0000,352.0000,22.0000,16.0000
222.0000,479.0000,22.0000,16.0000
222.0000,479.0000,22.0000,16.0000
222.0000,508.0000,22.0000,16.0000
222.0000,537.0000,22.0000,16.0000
238.0000,464.0000,22.0000,16.0000
433.8167,240.3167,34.3666,31.3666
238.0000,523.0000,22.0000,16.0000
238.0000,625.0000,22.0000,16.0000
238.0000,624.0000,22.0000,16.0000
238.0000,682.0000,22.0000,16.0000
222.0000,566.0000,22.0000,16.0000
238.0000,682.0000,22.0000,16.0000
238.0000,625.0000,22.0000,16.0000
649.9943,248.9943,33.0114,30.0114
659.7872,238.2872,66.4256,63.4256
654.3085,235.3085,65.3829,62.3829
653.4766,239.4766,59.0469,56.0469
643.8722,259.8722,50.2556,47.2556
649.5919,248.5919,55.8163,52.8163
246.0000,682.0000,22.0000,16.0000
254.0000,682.0000,22.0000,16.0000
659.7300,236.2300,73.5400,70.5400
658.7952,237.7952,59.4097,56.4097
679.9226,251.9226,61.1548,58.1548
674.1683,243.1683,77.6633,74.6633
683.0189,265.0188,83.9623,80.9623
673.5572,249.5572,80.8856,77.8856
674.0038,236.5038,75.9923,72.9923
679.0433,240.0433,88.9134,85.9134
676.3657,248.3657,90.2685,87.2685
663.2750,242.7750,93.4500,90.4500
657.0167,244.0167,100.9667,97.9667
656.7592,257.7592,72.4817,69.4817
652.3195,250.3195,78.3610,75.3610
659.5417,249.0417,76.9166,73.9166
662.3063,252.3062,65.3875,62.3875
659.7563,253.7563,80.4874,77.4874
705.4606,263.9606,49.0789,46.0789
702.9589,259.9589,87.0822,84.0822
669.5408,244.5408,99.9185,96.9185
697.0786,238.0785,104.8430,101.8430
618.0878,248.5878,92.8245,89.8245
657.1271,262.1271,77.7458,74.7458
653.3577,259.3577,75.2845,72.2845
665.8752,264.8753,68.2495,65.2495
654.1661,262.6661,70.6678,67.6678
673.6995,258.1995,55.6010,52.6010
642.6977,254.1977,75.6046,72.6046
641.0150,268.0149,77.9701,74.9701
271.0000,682.0000,22.0000,16.0000
255.0000,683.0000,22.0000,16.0000
679.0960,280.5960,42.8080,39.8080
303.0000,683.0000,22.0000,16.0000
263.0000,683.0000,22.0000,16.0000
669.1605,293.1604,46.6791,43.6791
663.5137,278.0137,51.9726,48.9726
303.0000,683.0000,22.0000,16.0000
679.4053,298.4054,36.1893,33.1893
304.0000,683.0000,22.0000,16.0000
677.7519,296.2519,44.4963,41.4963
303.0000,683.0000,22.0000,16.0000
629.0000,352.0000,22.0000,16.0000
629.0000,352.0000,22.0000,16.0000
629.0000,352.0000,22.0000,16.0000
629.0000,352.0000,22.0000,16.0000
629.0000,352.0000,22.0000,16.0000
629.0000,352.0000,22.0000,16.0000
629.0000,352.0000,22.0000,16.0000
629.0000,352.0000,22.0000,16.0000
279.0000,683.0000,22.0000,16.0000
629.0000,352.0000,22.0000,16.0000
629.0000,352.0000,22.0000,16.0000
246.0000,711.0000,22.0000,16.0000
629.0000,352.0000,22.0000,16.0000
629.0000,352.0000,22.0000,16.0000
629.0000,352.0000,22.0000,16.0000
629.0000,352.0000,22.0000,16.0000
629.0000,352.0000,22.0000,16.0000
629.0000,352.0000,22.0000,16.0000
629.0000,352.0000,22.0000,16.0000
629.0000,352.0000,22.0000,16.0000
629.0000,352.0000,22.0000,16.0000
246.0000,770.0000,22.0000,16.0000
222.0000,770.0000,22.0000,16.0000
206.0000,741.0000,22.0000,16.0000
213.0000,740.0000,22.0000,16.0000
629.0000,352.0000,22.0000,16.0000
213.0000,712.0000,22.0000,16.0000
198.0000,697.0000,22.0000,16.0000
173.0000,683.0000,22.0000,16.0000
189.0000,683.0000,22.0000,16.0000
205.0000,697.0000,22.0000,16.0000
689.8759,203.8759,29.2483,26.2483
189.0000,683.0000,22.0000,16.0000
675.3973,204.8974,45.2053,42.2053
221.0000,944.0000,22.0000,16.0000
238.0000,741.0000,22.0000,16.0000
683.5023,216.0023,37.9954,34.9954
206.0000,683.0000,22.0000,16.0000
189.0000,683.0000,22.0000,16.0000
629.0000,352.0000,22.0000,16.0000
680.3445,223.8445,43.3110,40.3110
683.2639,229.7639,51.4722,48.4722
677.6436,226.1436,38.7128,35.7128
238.0000,683.0000,22.0000,16.0000
238.0000,683.0000,22.0000,16.0000
238.0000,683.0000,22.0000,16.0000
246.0000,683.0000,22.0000,16.0000
629.0000,352.0000,22.0000,16.0000
205.0000,682.0000,22.0000,16.0000
181.0000,682.0000,22.0000,16.0000
173.0000,682.0000,22.0000,16.0000
173.0000,682.0000,22.0000,16.0000
206.0000,682.0000,22.0000,16.0000
669.4934,204.4934,49.0132,46.0132
205.0000,682.0000,22.0000,16.0000
205.0000,682.0000,22.0000,16.0000
663.9973,211.9973,57.0054,54.0054
674.1147,214.1147,33.7706,30.7706
660.4132,205.9132,57.1736,54.1736
661.1131,212.1131,51.7738,48.7738
644.1268,194.1269,86.7463,83.7463
645.1357,194.1357,82.7287,79.7287
640.1348,186.1348,88.7303,85.7303
642.8983,183.8983,92.2034,89.2034
642.6252,178.6252,85.7496,82.7496
643.2509,180.7509,79.4982,76.4982
651.0564,186.5564,81.8872,78.8872
645.0009,188.5009,78.9982,75.9982
635.0078,181.5078,82.9844,79.9844
641.2576,200.7576,85.4849,82.4849
636.1415,201.1415,87.7170,84.7170
628.8817,199.3816,79.2367,76.2367
638.0000,208.5000,70.0000,67.0000
623.5589,213.0589,78.8822,75.8822
645.8975,231.8975,67.2050,64.2050
641.8752,204.8752,89.2496,86.2496
642.5000,198.0000,91.0000,88.0000
649.9088,211.9088,89.1825,86.1825
636.5077,214.0077,83.9846,80.9846
640.5009,210.0008,85.9983,82.9983
639.0032,212.5033,87.9935,84.9935
255.0000,682.0000,22.0000,16.0000
189.0000,682.0000,22.0000,16.0000
246.0000,682.0000,22.0000,16.0000
238.0000,682.0000,22.0000,16.0000
680.8586,224.8586,25.2829,22.2829
676.6255,234.6255,43.7490,40.7490
156.0000,682.0000,22.0000,16.0000
156.0000,682.0000,22.0000,16.0000
156.0000,682.0000,22.0000,16.0000
230.0000,697.0000,22.0000,16.0000
685.2517,202.7517,47.4966,44.4966
660.8752,187.8752,82.2496,79.2496
680.5015,214.0014,53.9971,50.9971
684.0109,221.5109,33.9783,30.9783
173.0000,682.0000,22.0000,16.0000
671.0086,212.5086,39.9828,36.9828
678.2511,212.7511,67.4978,64.4978
655.2699,196.7699,89.4602,86.4602
669.2599,208.7600,67.4801,64.4801
659.3802,196.3802,86.2396,83.2396
679.9476,225.9476,73.1048,70.1048
679.1931,220.1930,62.6140,59.6140
695.3694,227.8694,53.2611,50.2611
685.5014,220.0014,55.9972,52.9972
672.7671,214.2671,69.4658,66.4658
688.6484,222.6484,43.7032,40.7032
689.7896,221.2896,50.4208,47.4208
692.8693,230.3693,63.2614,60.2614
679.9289,220.9289,76.1422,73.1422
672.3826,219.3826,62.2348,59.2348
668.3910,220.3910,90.2181,87.2181
689.4002,228.4002,61.1996,58.1996
699.7115,234.7115,51.5771,48.5771
670.0351,216.0351,92.9298,89.9298
658.9001,216.9001,86.1997,83.1997
667.1940,225.1941,92.6119,89.6119
661.0007,213.5008,92.9985,89.9985
685.0609,247.5609,47.8782,44.8782
681.7282,240.7282,65.5436,62.5436
667.7605,237.2605,64.4790,61.4790
674.4273,256.4273,35.1454,32.1454
238.0000,682.0000,22.0000,16.0000
658.6274,217.6274,68.7451,65.7451
643.8052,214.3052,83.3896,80.3896
651.1404,221.1404,60.7192,57.7192
238.0000,682.0000,22.0000,16.0000
238.0000,682.0000,22.0000,16.0000
205.0000,682.0000,22.0000,16.0000
189.0000,653.0000,22.0000,16.0000
621.7096,206.7096,77.5808,74.5808
238.0000,682.0000,22.0000,16.0000
189.0000,653.0000,22.0000,16.0000
238.0000,682.0000,22.0000,16.0000
568.5228,177.0227,54.9545,51.9545
524.7573,168.2573,79.4854,76.4854
487.9703,173.4703,51.0593,48.0593
529.8852,157.8852,86.2296,83.2296
189.0000,654.0000,22.0000,16.0000
652.6256,208.6256,36.7488,33.7488
206.0000,682.0000,22.0000,16.0000
197.0000,464.0000,22.0000,16.0000
238.0000,682.0000,22.0000,16.0000
674.7519,228.2519,44.4963,41.4963
469.4773,187.4773,44.0454,41.0454
462.1474,185.6474,64.7052,61.7052
189.0000,464.0000,22.0000,16.0000
238.0000,682.0000,22.0000,16.0000
189.0000,464.0000,22.0000,16.0000
189.0000,421.0000,22.0000,16.0000
403.1725,183.6725,54.6549,51.6549
401.6236,163.6236,88.7528,85.7528
415.0313,162.5313,72.9375,69.9375
368.2510,195.7510,75.4981,72.4981
238.0000,682.0000,22.0000,16.0000
173.0000,464.0000,22.0000,16.0000
656.3825,206.3825,63.2350,60.2350
646.6252,200.6252,87.7496,84.7496
646.8920,204.8920,85.2159,82.2159
639.7500,199.2500,89.5000,86.5000
645.2507,206.7508,93.4985,90.4985
635.0190,208.5191,92.9619,89.9619
511.2836,162.2836,135.4327,132.4327
442.9937,145.4937,61.0125,58.0125
432.8232,155.3232,55.3537,52.3537
663.6602,234.6602,64.6796,61.6796
238.0000,683.0000,22.0000,16.0000
642.6419,201.6419,85.7161,82.7161
649.8363,201.3363,83.3274,80.3274
651.5444,212.0444,79.9112,76.9112
238.0000,683.0000,22.0000,16.0000
654.7660,218.2660,73.4680,70.4680
435.8542,157.3542,55.2916,52.2916
438.7515,160.7515,53.4971,50.4971
431.7295,162.7295,44.5410,41.5410
173.0000,464.0000,22.0000,16.0000
462.9327,174.4327,23.1347,20.1347
442.4240,160.9240,57.1519,54.1519
385.5294,168.0294,59.9413,56.9413
364.8454,152.3454,82.3092,79.3092
392.8826,162.3826,62.2348,59.2348
382.3343,151.3343,84.3314,81.3314
387.2596,159.7596,69.4808,66.4808
387.3866,145.8866,82.2268,79.2268
399.4598,153.4598,70.0805,67.0805
392.1781,148.6781,80.6437,77.6437
436.0505,141.5505,88.8990,85.8990
409.4266,173.9266,45.1467,42.1467
386.3616,178.3616,47.2767,44.2767
189.0000,420.0000,22.0000,16.0000
189.0000,420.0000,22.0000,16.0000
629.0000,352.0000,22.0000,16.0000
197.0000,406.0000,22.0000,16.0000
416.5259,165.5259,68.9482,65.9482
382.8352,174.3352,70.3296,67.3296
334.4546,177.9546,77.0908,74.0908
339.5626,186.5626,56.8748,53.8748
355.3578,195.8579,39.2843,36.2843
198.0000,406.0000,22.0000,16.0000
347.4192,171.9192,79.1616,76.1616
370.9592,172.9592,63.0817,60.0817
367.4432,162.9432,77.1135,74.1135
373.9969,184.9969,52.0061,49.0061
379.8740,179.3740,59.2519,56.2519
368.5376,201.0376,35.9249,32.9249
355.6906,182.6906,62.6188,59.6188
205.0000,406.0000,22.0000,16.0000
373.6255,190.6255,39.7489,36.7489
197.0000,406.0000,22.0000,16.0000
348.9064,192.9064,59.1871,56.1871
342.8701,195.8701,59.2597,56.2597
411.5839,197.0839,22.8322,19.8322
197.0000,406.0000,22.0000,16.0000
406.8668,198.3667,24.2665,21.2665
370.4875,183.4875,61.0250,58.0250
345.6496,182.6496,82.7008,79.7008
205.0000,406.0000,22.0000,16.0000
336.6822,185.6822,74.6357,71.6357
213.0000,377.0000,22.0000,16.0000
197.0000,363.0000,22.0000,16.0000
205.0000,348.0000,22.0000,16.0000
629.0000,352.0000,22.0000,16.0000
205.0000,348.0000,22.0000,16.0000
205.0000,348.0000,22.0000,16.0000
304.4251,202.9251,51.1497,48.1497
205.0000,348.0000,22.0000,16.0000
156.0000,682.0000,22.0000,16.0000
156.0000,683.0000,22.0000,16.0000
173.0000,682.0000,22.0000,16.0000
626.1516,162.6515,25.6969,22.6969
625.7754,142.2754,45.4492,42.4492
670.4045,163.4045,24.1909,21.1909
655.6010,144.1010,33.7980,30.7980
156.0000,682.0000,22.0000,16.0000
661.3162,161.8163,20.3675,17.3675
677.1588,201.6588,20.6825,17.6825
678.5000,197.5000,21.0000,18.0000
189.0000,682.0000,22.0000,16.0000
534.8721,152.8721,92.2558,89.2558
636.6275,179.6275,67.7450,64.7450
205.0000,682.0000,22.0000,16.0000
553.5626,147.0626,53.8748,50.8748
688.5297,245.0296,29.9407,26.9407
647.5513,217.5513,49.8973,46.8973
581.3251,154.3251,68.3498,65.3498
578.8431,161.3431,22.3137,19.3137
189.0000,682.0000,22.0000,16.0000
238.0000,682.0000,22.0000,16.0000
172.0000,581.0000,22.0000,16.0000
571.1491,148.1491,42.7017,39.7017
569.7878,139.2878,37.4244,34.4244
157.0000,580.0000,22.0000,16.0000
577.0417,157.0417,37.9165,34.9165
570.3983,156.3983,65.2033,62.2033
568.5714,140.0713,53.8573,50.8573
573.1782,153.1781,60.6437,57.6437
573.7500,152.2500,73.5000,70.5000
575.1391,153.1391,38.7218,35.7218
189.0000,581.0000,22.0000,16.0000
173.0000,580.0000,22.0000,16.0000
172.0000,580.0000,22.0000,16.0000
156.0000,595.0000,22.0000,16.0000
156.0000,595.0000,22.0000,16.0000
173.0000,567.0000,22.0000,16.0000
156.0000,595.0000,22.0000,16.0000
574.8762,148.8762,24.2476,21.2476
140.0000,566.0000,22.0000,16.0000
140.0000,566.0000,22.0000,16.0000
156.0000,566.0000,22.0000,16.0000
156.0000,566.0000,22.0000,16.0000
540.7635,142.2636,52.4729,49.4729
550.6289,164.6289,46.7421,43.7421
554.2864,159.7864,38.4272,35.4272
529.1987,156.1987,58.6025,55.6025
189.0000,566.0000,22.0000,16.0000
629.0000,352.0000,22.0000,16.0000
173.0000,566.0000,22.0000,16.0000
189.0000,566.0000,22.0000,16.0000
534.1841,167.1841,55.6318,52.6318
547.8804,173.8804,37.2393,34.2393
173.0000,566.0000,22.0000,16.0000
524.3862,175.3862,68.2276,65.2276
523.6326,167.1326,78.7348,75.7348
555.7740,192.7740,34.4521,31.4521
522.0020,174.0019,75.9962,72.9962
519.3167,168.3167,79.3667,76.3667
540.6625,184.6625,44.6749,41.6749
541.1369,181.1369,43.7261,40.7261
189.0000,566.0000,22.0000,16.0000
205.0000,566.0000,22.0000,16.0000
629.0000,352.0000,22.0000,16.0000
189.0000,537.0000,22.0000,16.0000
156.0000,363.0000,22.0000,16.0000
366.8893,175.8893,38.2213,35.2213
189.0000,362.0000,22.0000,16.0000
189.0000,362.0000,22.0000,16.0000
189.0000,304.0000,22.0000,16.0000
173.0000,348.0000,22.0000,16.0000
629.0000,352.0000,22.0000,16.0000
629.0000,352.0000,22.0000,16.0000
629.0000,352.0000,22.0000,16.0000
629.0000,352.0000,22.0000,16.0000
629.0000,352.0000,22.0000,16.0000
629.0000,352.0000,22.0000,16.0000
629.0000,352.0000,22.0000,16.0000
629.0000,352.0000,22.0000,16.0000
629.0000,352.0000,22.0000,16.0000
629.0000,352.0000,22.0000,16.0000
629.0000,352.0000,22.0000,16.0000
629.0000,352.0000,22.0000,16.0000
140.0000,566.0000,22.0000,16.0000
156.0000,566.0000,22.0000,16.0000
156.0000,566.0000,22.0000,16.0000
629.0000,352.0000,22.0000,16.0000
173.0000,566.0000,22.0000,16.0000
173.0000,566.0000,22.0000,16.0000
189.0000,566.0000,22.0000,16.0000
181.0000,566.0000,22.0000,16.0000
629.0000,352.0000,22.0000,16.0000
189.0000,566.0000,22.0000,16.0000
629.0000,352.0000,22.0000,16.0000
629.0000,352.0000,22.0000,16.0000
189.0000,566.0000,22.0000,16.0000
181.0000,566.0000,22.0000,16.0000
519.2717,162.7717,68.4565,65.4565
521.0661,155.5661,63.8678,60.8678
373.7596,148.7596,30.4808,27.4808
173.0000,566.0000,22.0000,16.0000
173.0000,566.0000,22.0000,16.0000
189.0000,566.0000,22.0000,16.0000
181.0000,566.0000,22.0000,16.0000
173.0000,566.0000,22.0000,16.0000
172.0000,347.0000,22.0000,16.0000
172.0000,348.0000,22.0000,16.0000
156.0000,362.0000,22.0000,16.0000
629.0000,352.0000,22.0000,16.0000
156.0000,362.0000,22.0000,16.0000
305.4943,140.4943,77.0114,74.0114
629.0000,352.0000,22.0000,16.0000
172.0000,290.0000,22.0000,16.0000
629.0000,352.0000,22.0000,16.0000
629.0000,352.0000,22.0000,16.0000
629.0000,352.0000,22.0000,16.0000
629.0000,352.0000,22.0000,16.0000
629.0000,352.0000,22.0000,16.0000
189.0000,304.0000,22.0000,16.0000
315.7982,162.7981,43.4037,40.4037
157.0000,362.0000,22.0000,16.0000
222.0000,566.0000,22.0000,16.0000
222.0000,566.0000,22.0000,16.0000
205.0000,566.0000,22.0000,16.0000
221.0000,566.0000,22.0000,16.0000
629.0000,352.0000,22.0000,16.0000
629.0000,352.0000,22.0000,16.0000
156.0000,362.0000,22.0000,16.0000
157.0000,362.0000,22.0000,16.0000
172.0000,348.0000,22.0000,16.0000
173.0000,566.0000,22.0000,16.0000
205.0000,566.0000,22.0000,16.0000
173.0000,566.0000,22.0000,16.0000
173.0000,566.0000,22.0000,16.0000
222.0000,566.0000,22.0000,16.0000
238.0000,566.0000,22.0000,16.0000
238.0000,566.0000,22.0000,16.0000
230.0000,348.0000,22.0000,16.0000
189.0000,653.0000,22.0000,16.0000
572.5427,211.5427,51.9145,48.9145
238.0000,566.0000,22.0000,16.0000
222.0000,595.0000,22.0000,16.0000
222.0000,624.0000,22.0000,16.0000
255.0000,348.0000,22.0000,16.0000
271.0000,348.0000,22.0000,16.0000
303.0000,348.0000,22.0000,16.0000
336.0000,348.0000,22.0000,16.0000
221.0000,682.0000,22.0000,16.0000
271.0000,682.0000,22.0000,16.0000
205.0000,682.0000,22.0000,16.0000
677.7531,192.7531,31.4939,28.4939
385.0000,348.0000,22.0000,16.0000
271.0000,682.0000,22.0000,16.0000
271.0000,682.0000,22.0000,16.0000
238.0000,682.0000,22.0000,16.0000
238.0000,682.0000,22.0000,16.0000
629.0000,352.0000,22.0000,16.0000
271.0000,682.0000,22.0000,16.0000
271.0000,682.0000,22.0000,16.0000
271.0000,682.0000,22.0000,16.0000
681.9611,233.4611,19.0777,16.0777
255.0000,682.0000,22.0000,16.0000
254.0000,682.0000,22.0000,16.0000
221.0000,682.0000,22.0000,16.0000
238.0000,683.0000,22.0000,16.0000
255.0000,682.0000,22.0000,16.0000
271.0000,682.0000,22.0000,16.0000
279.0000,682.0000,22.0000,16.0000
279.0000,682.0000,22.0000,16.0000
271.0000,682.0000,22.0000,16.0000
271.0000,682.0000,22.0000,16.0000
287.0000,682.0000,22.0000,16.0000
279.0000,740.0000,22.0000,16.0000
287.0000,682.0000,22.0000,16.0000
287.0000,682.0000,22.0000,16.0000
634.1610,208.1610,35.6779,32.6779
638.6538,207.1538,39.6923,36.6923
661.4875,214.9875,26.0250,23.0250
221.0000,653.0000,22.0000,16.0000
676.5417,223.5417,37.9165,34.9165
669.4221,218.4221,43.1559,40.1559
238.0000,682.0000,22.0000,16.0000
622.4564,208.4564,74.0872,71.0872
222.0000,682.0000,22.0000,16.0000
221.0000,595.0000,22.0000,16.0000
205.0000,581.0000,22.0000,16.0000
222.0000,682.0000,22.0000,16.0000
221.0000,682.0000,22.0000,16.0000
221.0000,653.0000,22.0000,16.0000
620.0123,191.5123,66.9754,63.9754
627.7294,199.2294,53.5412,50.5412
206.0000,624.0000,22.0000,16.0000
221.0000,682.0000,22.0000,16.0000
221.0000,682.0000,22.0000,16.0000
189.0000,653.0000,22.0000,16.0000
618.9225,157.4225,73.1550,70.1550
633.1891,165.6891,71.6218,68.6218
645.0000,171.0000,56.0000,53.0000
652.8085,148.3085,80.3830,77.3830
661.9526,158.9526,69.0947,66.0947
660.4688,165.9688,59.0625,56.0625
654.0000,172.5000,56.0000,53.0000
677.1906,206.1905,22.6189,19.6189
189.0000,682.0000,22.0000,16.0000
189.0000,682.0000,22.0000,16.0000
205.0000,682.0000,22.0000,16.0000
221.0000,682.0000,22.0000,16.0000
221.0000,682.0000,22.0000,16.0000
222.0000,682.0000,22.0000,16.0000
238.0000,683.0000,22.0000,16.0000
205.0000,683.0000,22.0000,16.0000
189.0000,682.0000,22.0000,16.0000
271.0000,682.0000,22.0000,16.0000
254.0000,683.0000,22.0000,16.0000
287.0000,741.0000,22.0000,16.0000
287.0000,770.0000,22.0000,16.0000
238.0000,683.0000,22.0000,16.0000
304.0000,799.0000,22.0000,16.0000
304.0000,799.0000,22.0000,16.0000
791.0279,312.5279,19.9443,16.9443
304.0000,799.0000,22.0000,16.0000
312.0000,784.0000,22.0000,16.0000
189.0000,683.0000,22.0000,16.0000
205.0000,683.0000,22.0000,16.0000
205.0000,696.0000,22.0000,16.0000
205.0000,683.0000,22.0000,16.0000
205.0000,683.0000,22.0000,16.0000
221.0000,682.0000,22.0000,16.0000
271.0000,741.0000,22.0000,16.0000
238.0000,683.0000,22.0000,16.0000
629.0000,352.0000,22.0000,16.0000
629.0000,352.0000,22.0000,16.0000
629.0000,352.0000,22.0000,16.0000
516.0000,828.0000,22.0000,16.0000
508.0000,828.0000,22.0000,16.0000
629.0000,352.0000,22.0000,16.0000
629.0000,352.0000,22.0000,16.0000
549.0000,828.0000,22.0000,16.0000
629.0000,352.0000,22.0000,16.0000
287.0000,770.0000,22.0000,16.0000
784.6891,526.6891,71.6218,68.6218
784.8087,535.3087,50.3827,47.3827
558.0000,799.0000,22.0000,16.0000
629.0000,352.0000,22.0000,16.0000
629.0000,352.0000,22.0000,16.0000
629.0000,352.0000,22.0000,16.0000
629.0000,352.0000,22.0000,16.0000
629.0000,352.0000,22.0000,16.0000
629.0000,352.0000,22.0000,16.0000
629.0000,352.0000,22.0000,16.0000
629.0000,352.0000,22.0000,16.0000
629.0000,352.0000,22.0000,16.0000
629.0000,352.0000,22.0000,16.0000
629.0000,352.0000,22.0000,16.0000
629.0000,352.0000,22.0000,16.0000
629.0000,352.0000,22.0000,16.0000
629.0000,352.0000,22.0000,16.0000
629.0000,352.0000,22.0000,16.0000
629.0000,352.0000,22.0000,16.0000
629.0000,352.0000,22.0000,16.0000
629.0000,352.0000,22.0000,16.0000
629.0000,352.0000,22.0000,16.0000
629.0000,352.0000,22.0000,16.0000
629.0000,352.0000,22.0000,16.0000
172.0000,566.0000,22.0000,16.0000
629.0000,352.0000,22.0000,16.0000
629.0000,352.0000,22.0000,16.0000
629.0000,352.0000,22.0000,16.0000
629.0000,352.0000,22.0000,16.0000
629.0000,352.0000,22.0000,16.0000
629.0000,352.0000,22.0000,16.0000
629.0000,352.0000,22.0000,16.0000
172.0000,566.0000,22.0000,16.0000
495.3073,139.3073,88.3854,85.3854
497.9534,159.9534,70.0931,67.0931
148.0000,551.0000,22.0000,16.0000
148.0000,552.0000,22.0000,16.0000
157.0000,566.0000,22.0000,16.0000
629.0000,352.0000,22.0000,16.0000
629.0000,352.0000,22.0000,16.0000
629.0000,352.0000,22.0000,16.0000
83.0000,799.0000,22.0000,16.0000
189.0000,537.0000,22.0000,16.0000
189.0000,537.0000,22.0000,16.0000
189.0000,537.0000,22.0000,16.0000
189.0000,537.0000,22.0000,16.0000
197.0000,523.0000,22.0000,16.0000
629.0000,352.0000,22.0000,16.0000
483.4546,184.9546,77.0908,74.0908
508.3214,176.3214,85.3572,82.3572
206.0000,508.0000,22.0000,16.0000
513.1906,214.1905,22.6189,19.6189
480.5179,198.0179,80.9643,77.9643
221.0000,537.0000,22.0000,16.0000
498.4680,209.4680,50.0640,47.0640
173.0000,799.0000,22.0000,16.0000
776.8114,182.3114,36.3772,33.3772
473.4683,203.9683,72.0635,69.0635
750.6074,152.6074,59.7852,56.7852
498.9799,215.9799,42.0403,39.0403
477.2835,223.2835,46.4330,43.4330
156.0000,798.0000,22.0000,16.0000
464.1302,254.1303,37.7395,34.7395
417.0149,241.0149,77.9701,74.9701
433.9395,214.4395,106.1210,103.1210
424.9112,240.9112,94.1775,91.1775
417.9317,240.9317,97.1365,94.1365
434.4965,248.9965,83.0069,80.0069
439.4335,272.9335,72.1330,69.1330
405.7011,256.7011,91.5978,88.5978
406.9683,275.9683,74.0635,71.0635
435.8147,288.3147,55.3706,52.3706
386.5835,295.0835,64.8331,61.8331
741.0430,141.0430,74.9140,71.9140
396.0774,282.0774,86.8452,83.8452
841.8000,141.3001,53.3999,50.3999
853.5161,128.0161,72.9677,69.9677
386.3581,320.3581,69.2838,66.2838
382.0421,290.0421,105.9157,102.9157
360.5227,283.0227,123.9546,120.9546
353.7316,314.2316,102.5369,99.5369
335.1431,330.1431,94.7138,91.7138
320.0818,368.5818,72.8365,69.8365
880.6880,124.1880,79.6240,76.6240
917.7585,129.7585,62.4830,59.4830
320.1587,379.1587,85.6827,82.6827
864.1967,124.1967,82.6066,79.6066
304.9501,422.4501,46.0999,43.0999
890.8239,113.3239,85.3522,82.3522
878.2595,113.2595,83.4810,80.4810
874.1252,116.1252,78.7495,75.7495
907.9012,120.4012,71.1976,68.1976
903.6002,115.6002,75.7997,72.7997
293.3367,449.8367,69.3267,66.3267
295.2844,444.7844,76.4313,73.4313
459.0000,304.0000,22.0000,16.0000
291.1950,466.6950,73.6099,70.6099
306.2596,490.7596,17.4807,14.4807
533.0000,333.0000,22.0000,16.0000
565.0000,333.0000,22.0000,16.0000
916.0715,127.5715,59.8569,56.8569
270.0767,532.0767,72.8466,69.8466
156.0000,944.0000,22.0000,16.0000
284.0952,538.0952,81.8096,78.8096
156.0000,915.0000,22.0000,16.0000
297.4266,569.4266,45.1467,42.1467
629.0000,352.0000,22.0000,16.0000
629.0000,352.0000,22.0000,16.0000
629.0000,352.0000,22.0000,16.0000
629.0000,352.0000,22.0000,16.0000
629.0000,352.0000,22.0000,16.0000
156.0000,915.0000,22.0000,16.0000
629.0000,352.0000,22.0000,16.0000
156.0000,915.0000,22.0000,16.0000
140.0000,915.0000,22.0000,16.0000
132.0000,916.0000,22.0000,16.0000
148.0000,915.0000,22.0000,16.0000
629.0000,352.0000,22.0000,16.0000
123.0000,770.0000,22.0000,16.0000
629.0000,352.0000,22.0000,16.0000
629.0000,352.0000,22.0000,16.0000
629.0000,352.0000,22.0000,16.0000
189.0000,886.0000,22.0000,16.0000
629.0000,352.0000,22.0000,16.0000
156.0000,886.0000,22.0000,16.0000
629.0000,352.0000,22.0000,16.0000
629.0000,352.0000,22.0000,16.0000
629.0000,352.0000,22.0000,16.0000
629.0000,352.0000,22.0000,16.0000
629.0000,352.0000,22.0000,16.0000
629.0000,352.0000,22.0000,16.0000
629.0000,352.0000,22.0000,16.0000
629.0000,352.0000,22.0000,16.0000
629.0000,352.0000,22.0000,16.0000
629.0000,352.0000,22.0000,16.0000
629.0000,352.0000,22.0000,16.0000
629.0000,352.0000,22.0000,16.0000
629.0000,352.0000,22.0000,16.0000
629.0000,352.0000,22.0000,16.0000
629.0000,352.0000,22.0000,16.0000
629.0000,352.0000,22.0000,16.0000
629.0000,352.0000,22.0000,16.0000
629.0000,352.0000,22.0000,16.0000
296.0000,930.0000,22.0000,16.0000
279.0000,828.0000,22.0000,16.0000
303.0000,857.0000,22.0000,16.0000
629.0000,352.0000,22.0000,16.0000
629.0000,352.0000,22.0000,16.0000
629.0000,352.0000,22.0000,16.0000
629.0000,352.0000,22.0000,16.0000
287.0000,769.0000,22.0000,16.0000
730.9666,268.9666,82.0669,79.0669
785.1577,266.1577,91.6846,88.6846
793.1176,290.6176,93.7647,90.7647
796.7529,284.2529,97.4942,94.4942
805.5847,292.0847,95.8307,92.8307
767.7728,300.7728,79.4544,76.4544
765.8990,291.8990,105.2019,102.2019
741.1104,318.1104,95.7791,92.7791
755.8254,318.3255,105.3491,102.3491
763.6035,358.1035,59.7929,56.7929
629.0000,352.0000,22.0000,16.0000
629.0000,352.0000,22.0000,16.0000
629.0000,352.0000,22.0000,16.0000
629.0000,352.0000,22.0000,16.0000
629.0000,352.0000,22.0000,16.0000
629.0000,352.0000,22.0000,16.0000
320.0000,1002.0000,22.0000,16.0000
320.0000,1032.0000,22.0000,16.0000
629.0000,352.0000,22.0000,16.0000
320.0000,1032.0000,22.0000,16.0000
320.0000,1031.0000,22.0000,16.0000
629.0000,352.0000,22.0000,16.0000
629.0000,352.0000,22.0000,16.0000
344.0000,973.0000,22.0000,16.0000
336.0000,973.0000,22.0000,16.0000
336.0000,930.0000,22.0000,16.0000
345.0000,944.0000,22.0000,16.0000
352.0000,944.0000,22.0000,16.0000
352.0000,1002.0000,22.0000,16.0000
353.0000,915.0000,22.0000,16.0000
629.0000,352.0000,22.0000,16.0000
353.0000,944.0000,22.0000,16.0000
629.0000,352.0000,22.0000,16.0000
629.0000,352.0000,22.0000,16.0000
629.0000,352.0000,22.0000,16.0000
629.0000,352.0000,22.0000,16.0000
352.0000,944.0000,22.0000,16.0000
629.0000,352.0000,22.0000,16.0000
629.0000,352.0000,22.0000,16.0000
629.0000,352.0000,22.0000,16.0000
629.0000,352.0000,22.0000,16.0000
629.0000,352.0000,22.0000,16.0000
629.0000,352.0000,22.0000,16.0000
629.0000,352.0000,22.0000,16.0000
629.0000,352.0000,22.0000,16.0000
629.0000,352.0000,22.0000,16.0000
629.0000,352.0000,22.0000,16.0000
629.0000,352.0000,22.0000,16.0000
629.0000,352.0000,22.0000,16.0000
629.0000,352.0000,22.0000,16.0000
629.0000,352.0000,22.0000,16.0000
172.0000,915.0000,22.0000,16.0000
181.0000,901.0000,22.0000,16.0000
629.0000,352.0000,22.0000,16.0000
629.0000,352.0000,22.0000,16.0000
629.0000,352.0000,22.0000,16.0000
629.0000,352.0000,22.0000,16.0000
629.0000,352.0000,22.0000,16.0000
629.0000,352.0000,22.0000,16.0000
468.0000,973.0000,22.0000,16.0000
451.0000,973.0000,22.0000,16.0000
443.0000,973.0000,22.0000,16.0000
629.0000,352.0000,22.0000,16.0000
629.0000,352.0000,22.0000,16.0000
629.0000,352.0000,22.0000,16.0000
629.0000,352.0000,22.0000,16.0000
629.0000,352.0000,22.0000,16.0000
629.0000,352.0000,22.0000,16.0000
629.0000,352.0000,22.0000,16.0000
629.0000,352.0000,22.0000,16.0000
629.0000,352.0000,22.0000,16.0000
629.0000,352.0000,22.0000,16.0000
629.0000,352.0000,22.0000,16.0000
629.0000,352.0000,22.0000,16.0000
629.0000,352.0000,22.0000,16.0000
467.0000,973.0000,22.0000,16.0000
451.0000,915.0000,22.0000,16.0000
629.0000,352.0000,22.0000,16.0000
541.0000,813.0000,22.0000,16.0000
629.0000,352.0000,22.0000,16.0000
451.0000,857.0000,22.0000,16.0000
629.0000,352.0000,22.0000,16.0000
629.0000,352.0000,22.0000,16.0000
629.0000,352.0000,22.0000,16.0000
629.0000,352.0000,22.0000,16.0000
629.0000,352.0000,22.0000,16.0000
629.0000,352.0000,22.0000,16.0000
629.0000,352.0000,22.0000,16.0000
629.0000,352.0000,22.0000,16.0000
629.0000,352.0000,22.0000,16.0000
629.0000,352.0000,22.0000,16.0000
132.0000,232.0000,22.0000,16.0000
629.0000,352.0000,22.0000,16.0000
629.0000,352.0000,22.0000,16.0000
629.0000,352.0000,22.0000,16.0000
629.0000,352.0000,22.0000,16.0000
629.0000,352.0000,22.0000,16.0000
629.0000,352.0000,22.0000,16.0000
629.0000,352.0000,22.0000,16.0000
629.0000,352.0000,22.0000,16.0000
629.0000,352.0000,22.0000,16.0000
629.0000,352.0000,22.0000,16.0000
629.0000,352.0000,22.0000,16.0000
629.0000,352.0000,22.0000,16.0000
629.0000,352.0000,22.0000,16.0000
303.0000,1046.0000,22.0000,16.0000
629.0000,352.0000,22.0000,16.0000
629.0000,352.0000,22.0000,16.0000
629.0000,352.0000,22.0000,16.0000
629.0000,352.0000,22.0000,16.0000
524.0000,522.0000,22.0000,16.0000
629.0000,352.0000,22.0000,16.0000
629.0000,352.0000,22.0000,16.0000
222.0000,1002.0000,22.0000,16.0000
629.0000,352.0000,22.0000,16.0000
629.0000,352.0000,22.0000,16.0000
213.0000,1003.0000,22.0000,16.0000
629.0000,352.0000,22.0000,16.0000
629.0000,352.0000,22.0000,16.0000
156.0000,944.0000,22.0000,16.0000
156.0000,944.0000,22.0000,16.0000
156.0000,886.0000,22.0000,16.0000
629.0000,352.0000,22.0000,16.0000
131.0000,813.0000,22.0000,16.0000
629.0000,352.0000,22.0000,16.0000
369.0000,290.0000,22.0000,16.0000
90.0000,886.0000,22.0000,16.0000
353.0000,246.0000,22.0000,16.0000
629.0000,352.0000,22.0000,16.0000
629.0000,352.0000,22.0000,16.0000
369.0000,290.0000,22.0000,16.0000
629.0000,352.0000,22.0000,16.0000
629.0000,352.0000,22.0000,16.0000
629.0000,352.0000,22.0000,16.0000
629.0000,352.0000,22.0000,16.0000
629.0000,352.0000,22.0000,16.0000
353.0000,304.0000,22.0000,16.0000
369.0000,333.0000,22.0000,16.0000
369.0000,333.0000,22.0000,16.0000
385.0000,333.0000,22.0000,16.0000
385.0000,333.0000,22.0000,16.0000
369.0000,333.0000,22.0000,16.0000
385.0000,304.0000,22.0000,16.0000
385.0000,304.0000,22.0000,16.0000
292.5752,382.5752,35.8495,32.8495
385.0000,304.0000,22.0000,16.0000
385.0000,275.0000,22.0000,16.0000
236.2816,373.2816,52.4367,49.4367
227.6625,366.1625,59.6749,56.6749
215.6027,363.6027,60.7946,57.7946
221.4137,379.4137,50.1727,47.1727
220.7159,377.2159,60.5681,57.5681
216.1896,376.6896,56.6207,53.6207
211.6254,380.1254,54.7493,51.7493
203.3826,373.3826,62.2348,59.2348
203.6072,380.1072,55.7856,52.7856
197.3661,379.3661,51.2679,48.2679
197.0338,381.5338,47.9324,44.9324
199.2658,380.7658,50.4683,47.4683
193.3239,375.3239,52.3521,49.3521
200.0548,382.5547,50.8905,47.8905
199.8645,381.8645,45.2710,42.2710
215.7250,372.2250,48.5500,45.5500
217.9258,374.4258,48.1483,45.1483
224.1195,371.1195,53.7610,50.7610
234.4566,365.9566,57.0869,54.0869
229.7198,359.2198,58.5605,55.5605
247.5695,366.5695,55.8609,52.8609
251.5741,363.5741,59.8518,56.8518
259.7823,368.2823,57.4354,54.4354
244.6972,364.6972,59.6056,56.6056
247.5786,362.0786,57.8428,54.8428
246.1630,359.1630,60.6739,57.6739
247.2513,357.2513,58.4974,55.4974
254.8790,363.3790,46.2420,43.2420
253.5692,359.5692,48.8616,45.8616
240.9918,358.4918,49.0164,46.0164
258.7941,354.2941,46.4119,43.4119
245.8185,362.3185,27.3631,24.3631
243.8533,360.8532,33.2935,30.2935
369.0000,275.0000,22.0000,16.0000
369.0000,275.0000,22.0000,16.0000
353.0000,246.0000,22.0000,16.0000
353.0000,246.0000,22.0000,16.0000
353.0000,275.0000,22.0000,16.0000
629.0000,352.0000,22.0000,16.0000
664.0000,1032.0000,22.0000,16.0000
320.0000,1060.0000,22.0000,16.0000
629.0000,352.0000,22.0000,16.0000
629.0000,352.0000,22.0000,16.0000
629.0000,352.0000,22.0000,16.0000
629.0000,352.0000,22.0000,16.0000
976.7197,597.7197,29.5607,26.5607
598.0000,988.0000,22.0000,16.0000
582.0000,1002.0000,22.0000,16.0000
987.7828,567.2828,41.4344,38.4344
565.0000,988.0000,22.0000,16.0000
549.0000,1032.0000,22.0000,16.0000
549.0000,1002.0000,22.0000,16.0000
629.0000,352.0000,22.0000,16.0000
629.0000,352.0000,22.0000,16.0000
629.0000,352.0000,22.0000,16.0000
629.0000,352.0000,22.0000,16.0000
629.0000,352.0000,22.0000,16.0000
629.0000,352.0000,22.0000,16.0000
629.0000,352.0000,22.0000,16.0000
629.0000,352.0000,22.0000,16.0000
629.0000,352.0000,22.0000,16.0000
629.0000,352.0000,22.0000,16.0000
517.0000,653.0000,22.0000,16.0000
629.0000,352.0000,22.0000,16.0000
629.0000,352.0000,22.0000,16.0000
629.0000,352.0000,22.0000,16.0000
434.0000,566.0000,22.0000,16.0000
435.0000,566.0000,22.0000,16.0000
442.0000,552.0000,22.0000,16.0000
629.0000,352.0000,22.0000,16.0000
629.0000,352.0000,22.0000,16.0000
629.0000,352.0000,22.0000,16.0000
629.0000,352.0000,22.0000,16.0000
320.0000,450.0000,22.0000,16.0000
320.0000,450.0000,22.0000,16.0000
418.0000,537.0000,22.0000,16.0000
410.0000,537.0000,22.0000,16.0000
320.0000,450.0000,22.0000,16.0000
419.0000,537.0000,22.0000,16.0000
320.0000,478.0000,22.0000,16.0000
426.0000,566.0000,22.0000,16.0000
558.4065,421.4065,43.1870,40.1870
562.7529,427.2529,32.4942,29.4942
426.0000,595.0000,22.0000,16.0000
319.0000,479.0000,22.0000,16.0000
426.0000,566.0000,22.0000,16.0000
418.0000,566.0000,22.0000,16.0000
418.0000,595.0000,22.0000,16.0000
319.0000,508.0000,22.0000,16.0000
319.0000,508.0000,22.0000,16.0000
319.0000,508.0000,22.0000,16.0000
320.0000,508.0000,22.0000,16.0000
336.0000,508.0000,22.0000,16.0000
320.0000,508.0000,22.0000,16.0000
336.0000,508.0000,22.0000,16.0000
498.5896,317.5896,38.8209,35.8209
320.0000,508.0000,22.0000,16.0000
312.0000,508.0000,22.0000,16.0000
312.0000,508.0000,22.0000,16.0000
304.0000,508.0000,22.0000,16.0000
312.0000,507.0000,22.0000,16.0000
483.5943,301.0943,26.8114,23.8114
311.0000,465.0000,22.0000,16.0000
471.7945,315.7945,26.4110,23.4110
304.0000,508.0000,22.0000,16.0000
320.0000,508.0000,22.0000,16.0000
480.0072,301.5072,36.9856,33.9856
304.0000,479.0000,22.0000,16.0000
304.0000,508.0000,22.0000,16.0000
304.0000,479.0000,22.0000,16.0000
484.4838,305.9838,38.0324,35.0324
479.3653,291.3653,35.2693,32.2693
476.9797,282.9797,48.0405,45.0405
468.8199,291.8199,49.3601,46.3601
460.7399,293.7399,29.5203,26.5203
470.0216,282.0216,39.9569,36.9569
464.4769,288.4769,38.0463,35.0463
462.5751,274.0751,60.8498,57.8498
448.5385,285.0385,36.9230,33.9230
447.6255,286.1255,38.7489,35.7489
433.6334,282.6334,42.7333,39.7333
434.7838,284.2838,42.4325,39.4325
436.5722,283.0722,49.8555,46.8555
428.1363,280.1363,56.7275,53.7275
420.6033,279.1033,47.7933,44.7933
417.8027,277.3027,39.3945,36.3945
409.3855,275.3855,48.2290,45.2290
414.5895,275.0895,52.8210,49.8210
427.6099,281.6099,34.7802,31.7802
414.6254,278.6254,48.7492,45.7492
416.5000,281.0000,51.0000,48.0000
407.5524,278.0524,47.8951,44.8951
412.7664,285.2664,41.4672,38.4672
415.4763,289.9763,40.0474,37.0474
418.6045,296.6045,46.7911,43.7911
410.1905,298.1905,22.6189,19.6189
295.0000,406.0000,22.0000,16.0000
295.0000,406.0000,22.0000,16.0000
287.0000,391.0000,22.0000,16.0000
303.0000,392.0000,22.0000,16.0000
304.0000,392.0000,22.0000,16.0000
287.0000,362.0000,22.0000,16.0000
287.0000,391.0000,22.0000,16.0000
287.0000,363.0000,22.0000,16.0000
287.0000,334.0000,22.0000,16.0000
330.9318,274.4318,43.1364,40.1364
325.7632,275.2632,39.4737,36.4737
325.4410,277.4410,30.1181,27.1181
319.1147,272.6147,45.7707,42.7707
314.1481,262.1481,65.7038,62.7037
311.4799,264.9799,64.0401,61.0401
307.8007,260.8007,66.3986,63.3986
302.2877,268.2877,62.4247,59.4247
296.2321,264.7321,63.5357,60.5357
292.1697,262.1697,61.6606,58.6606
294.1191,262.6191,71.7618,68.7618
287.4354,267.4354,69.1292,66.1292
287.8505,261.3505,56.2990,53.2990
271.0000,290.0000,22.0000,16.0000
283.6548,274.6548,57.6905,54.6905
259.2943,266.7943,50.4113,47.4113
270.7825,281.7825,24.4350,21.4350
235.7001,258.2001,53.5999,50.5999
232.1458,255.1458,59.7083,56.7083
213.7133,243.7133,70.5735,67.5735
206.3089,236.8089,70.3822,67.3822
204.2785,238.2785,74.4429,71.4429
199.1517,240.1517,81.6965,78.6965
189.8192,239.3192,81.3616,78.3616
183.9018,235.4018,79.1964,76.1964
183.7221,235.2221,80.5557,77.5557
186.7571,234.2571,81.4858,78.4858
189.7929,237.2929,82.4143,79.4143
181.7012,233.2012,77.5977,74.5977
182.2947,236.2947,79.4105,76.4105
179.1073,237.6073,73.7853,70.7853
169.0565,237.5565,62.8869,59.8869
172.0556,237.0556,64.8888,61.8888
169.4445,232.9445,65.1110,62.1110
169.4126,233.9126,66.1747,63.1747
170.3461,235.3461,62.3079,59.3079
165.6102,228.1102,60.7795,57.7795
164.5337,227.5337,62.9326,59.9326
157.3826,225.3826,62.2348,59.2348
154.4877,225.4877,62.0245,59.0245
149.7318,223.7318,62.5364,59.5364
149.6280,226.6280,57.7440,54.7440
147.0083,226.0083,55.9833,52.9833
146.5399,222.5399,57.9201,54.9201
152.2306,218.7306,62.5388,59.5388
159.9764,221.9764,48.0473,45.0473
154.3422,221.3422,56.3156,53.3156
158.2500,218.7500,60.5000,57.5000
165.9853,216.4853,62.0294,59.0294
173.2169,203.7169,69.5662,66.5662
175.1107,202.6107,66.7786,63.7786
184.9734,199.9734,72.0533,69.0533
188.6481,198.6481,65.7038,62.7037
201.7804,205.2804,62.4393,59.4393
207.0884,200.5884,61.8232,58.8232
214.9549,202.4549,65.0902,62.0902
213.4866,197.9866,67.0268,64.0268
214.4201,201.9201,61.1597,58.1597
216.7512,195.2512,62.4976,59.4976
213.2325,197.2325,57.5349,54.5349
208.6826,198.1826,54.6348,51.6348
207.4877,189.4877,62.0245,59.0245
207.9268,191.9268,69.1464,66.1464
199.1596,191.6596,65.6809,62.6809
201.7692,193.2692,69.4615,66.4615
195.2750,188.7750,73.4500,70.4500
187.1252,184.1252,73.7495,70.7495
191.3457,186.8457,72.3086,69.3086
190.4532,185.9532,75.0937,72.0937
187.1812,194.6812,74.6376,71.6376
187.1055,195.6055,67.7891,64.7891
177.9168,194.4168,68.1664,65.1664
181.7917,199.7917,66.4166,63.4166
169.2290,195.7290,70.5420,67.5420
176.8753,199.8753,71.2495,68.2495
188.4815,206.9815,65.0370,62.0370
193.2157,206.7157,67.5685,64.5685
201.9859,209.4859,64.0283,61.0283
203.3975,206.8975,67.2050,64.2050
203.9844,206.9844,67.0312,64.0312
212.8132,208.8132,61.3736,58.3736
212.7003,206.7003,62.5994,59.5994
214.5233,210.5233,53.9535,50.9535
206.1036,207.1036,62.7929,59.7929
209.1205,206.1205,62.7591,59.7591
210.5144,208.5144,62.9711,59.9711
220.0607,218.5607,43.8786,40.8786
215.7133,220.7133,53.5735,50.5735
224.2380,223.7380,47.5240,44.5240
223.3407,220.3407,54.3186,51.3186
221.4064,221.4064,55.1871,52.1871
224.9964,229.9964,46.0071,43.0071
246.0000,246.0000,22.0000,16.0000
246.0000,304.0000,22.0000,16.0000
246.0000,333.0000,22.0000,16.0000
254.0000,333.0000,22.0000,16.0000
254.0000,333.0000,22.0000,16.0000
254.0000,333.0000,22.0000,16.0000
255.0000,333.0000,22.0000,16.0000
326.3855,253.3855,48.2290,45.2290
323.9516,259.4516,51.0968,48.0968
335.2447,264.2447,46.5106,43.5106
347.8368,274.8368,43.3265,40.3265
350.1069,278.1069,37.7862,34.7862
349.7295,277.2295,47.5411,44.5411
361.2711,279.7711,46.4577,43.4577
363.9722,280.4722,56.0555,53.0555
363.2307,279.7307,59.5386,56.5386
368.1332,282.1332,58.7336,55.7336
365.9417,286.9417,56.1165,53.1165
371.9168,284.9168,59.1664,56.1664
389.0835,292.0835,52.8330,49.8330
393.3132,289.3132,59.3735,56.3735
396.4018,292.4018,58.1964,55.1964
401.7614,294.2614,60.4773,57.4773
412.2143,303.7143,56.5714,53.5714
417.4767,311.4767,54.0465,51.0465
422.4732,309.9732,60.0535,57.0535
424.0775,319.0775,52.8450,49.8450
420.7485,328.7485,52.5030,49.5030
433.6218,342.6218,44.7565,41.7565
437.1571,346.6571,40.6859,37.6859
445.9393,345.4393,48.1214,45.1214
450.7042,343.7042,50.5917,47.5917
462.1458,348.1458,53.7083,50.7083
478.1337,347.6337,55.7325,52.7325
480.5871,347.0871,56.8258,53.8258
481.8542,349.8542,58.2916,55.2916
485.5626,349.0626,59.8748,56.8748
489.0213,350.0213,57.9574,54.9574
509.2515,353.2515,52.4970,49.4970
511.1060,358.1060,49.7879,46.7879
530.1899,354.1899,51.6202,48.6202
534.4603,354.9603,55.0795,52.0795
542.1691,356.1691,56.6618,53.6618
577.1437,355.1436,58.7127,55.7127
576.9853,355.4853,62.0294,59.0294
583.1437,357.1436,58.7127,55.7127
584.2614,355.2614,60.4773,57.4773
599.5000,351.5000,62.0000,59.0000
610.2974,350.2974,62.4053,59.4053
608.9435,350.4436,63.1129,60.1129
617.9440,349.9439,60.1121,57.1121
613.2977,348.7977,59.4045,56.4045
623.1668,346.6668,60.6664,57.6664
624.2216,347.2216,61.5569,58.5569
635.3430,346.8429,57.3141,54.3141
644.0466,341.0466,61.9068,58.9068
647.9894,339.9893,58.0213,55.0213
646.0668,336.5668,55.8665,52.8665
656.7654,340.7654,47.4692,44.4692
661.7312,329.7312,47.5377,44.5377
669.7806,327.7806,33.4388,30.4388
681.1534,305.1534,46.6931,43.6931
693.1215,303.6214,41.7571,38.7571
721.2711,290.7711,52.4578,49.4578
716.2325,284.2325,57.5349,54.5349
727.6254,283.6254,51.7492,48.7492
738.8754,274.8754,53.2493,50.2493
746.3972,269.3971,51.2057,48.2057
753.5626,253.0626,54.8748,51.8748
761.0716,253.5716,45.8568,42.8568
781.4800,249.4800,36.0400,33.0400
773.1396,235.6396,37.7208,34.7208
772.7679,233.7679,35.4643,32.4643
759.4827,214.4827,47.0347,44.0347
769.6339,205.1339,40.7321,37.7321
759.5626,187.0626,49.8748,46.8748
771.8490,174.3490,51.3020,48.3020
770.9003,178.9003,46.1994,43.1994
189.0000,770.0000,22.0000,16.0000
780.8943,159.8943,31.2114,28.2114
753.8192,127.8192,53.3615,50.3615
757.8239,117.3239,52.3521,49.3521
768.6255,105.6255,43.7490,40.7490
782.4053,101.4054,36.1893,33.1893
795.3356,106.8356,23.3288,20.3288
795.3162,102.8163,20.3675,17.3675
91.0000,799.0000,22.0000,16.0000
787.3884,68.3884,40.2233,37.2233
793.8758,70.8758,31.2485,28.2485
789.6517,61.6517,39.6967,36.6967
787.1439,65.1438,31.7123,28.7123
58.0000,799.0000,22.0000,16.0000
58.0000,799.0000,22.0000,16.0000
58.0000,799.0000,22.0000,16.0000
58.0000,799.0000,22.0000,16.0000
75.0000,799.0000,22.0000,16.0000
629.0000,352.0000,22.0000,16.0000
629.0000,352.0000,22.0000,16.0000
629.0000,352.0000,22.0000,16.0000
629.0000,352.0000,22.0000,16.0000
629.0000,352.0000,22.0000,16.0000
58.0000,886.0000,22.0000,16.0000
58.0000,915.0000,22.0000,16.0000
58.0000,915.0000,22.0000,16.0000
857.1630,52.1630,60.6739,57.6739
822.6256,85.6256,36.7488,33.7488
800.7789,89.2789,30.4422,27.4422
140.0000,755.0000,22.0000,16.0000
123.0000,799.0000,22.0000,16.0000
799.5268,106.0268,31.9464,28.9464
796.8602,96.8602,52.2795,49.2795
140.0000,799.0000,22.0000,16.0000
124.0000,799.0000,22.0000,16.0000
780.7965,103.2965,67.4070,64.4070
140.0000,799.0000,22.0000,16.0000
156.0000,741.0000,22.0000,16.0000
737.1385,105.1385,76.7229,73.7229
705.2679,134.2679,77.4643,74.4643
692.9268,165.4268,28.1464,25.1464
673.7009,159.7009,55.5982,52.5982
648.6597,159.1597,54.6807,51.6807
189.0000,653.0000,22.0000,16.0000
254.0000,566.0000,22.0000,16.0000
254.0000,566.0000,22.0000,16.0000
205.0000,566.0000,22.0000,16.0000
629.0000,352.0000,22.0000,16.0000
222.0000,682.0000,22.0000,16.0000
287.0000,537.0000,22.0000,16.0000
254.0000,566.0000,22.0000,16.0000
271.0000,522.0000,22.0000,16.0000
271.0000,508.0000,22.0000,16.0000
271.0000,508.0000,22.0000,16.0000
521.3154,270.8153,23.3693,20.3693
287.0000,566.0000,22.0000,16.0000
189.0000,362.0000,22.0000,16.0000
271.0000,566.0000,22.0000,16.0000
254.0000,566.0000,22.0000,16.0000
254.0000,537.0000,22.0000,16.0000
419.5030,231.5030,93.9940,90.9940
541.0628,273.0628,22.8743,19.8743
518.4162,271.9162,40.1676,37.1676
271.0000,566.0000,22.0000,16.0000
423.8359,254.8359,71.3283,68.3283
467.0654,252.5654,76.8692,73.8692
495.5109,253.0109,73.9782,70.9782
453.0795,256.5795,95.8410,92.8410
457.9946,242.9946,103.0109,100.0109
449.7434,262.7434,96.5132,93.5132
454.0156,253.5156,94.9687,91.9687
446.1938,270.1938,76.6125,73.6125
503.9435,291.9435,22.1131,19.1131
466.3335,275.8335,60.3331,57.3331
448.9591,279.4591,66.0818,63.0818
427.6073,273.6073,94.7854,91.7854
507.6560,280.1560,37.6880,34.6880
437.5259,267.5259,92.9482,89.9482
423.2574,273.7574,87.4853,84.4853
400.1865,277.1865,100.6270,97.6270
409.5465,284.0465,96.9069,93.9069
393.7571,295.2571,90.4858,87.4858
416.2699,297.7699,89.4602,86.4602
433.5883,319.0883,78.8233,75.8233
422.7560,323.7560,63.4881,60.4881
434.3582,331.3582,77.2835,74.2835
461.8357,338.3357,58.3286,55.3286
446.3038,326.3038,86.3923,83.3923
473.0578,351.0578,36.8844,33.8844
427.1129,347.1129,71.7742,68.7742
320.0000,348.0000,22.0000,16.0000
414.7468,355.7468,69.5064,66.5064
376.3185,331.8185,99.3629,96.3629
341.8503,329.3503,76.2993,73.2993
359.5523,339.0523,83.8955,80.8955
381.1578,336.6578,66.6844,63.6844
364.3185,333.8185,99.3629,96.3629
348.2646,329.7646,83.4707,80.4707
350.5343,338.5343,83.9315,80.9315
310.5626,327.0626,62.8749,59.8749
319.6253,331.6253,60.7494,57.7494
320.5399,334.5399,57.9201,54.9201
354.2424,347.7424,76.5153,73.5153
384.3338,353.3338,74.3325,71.3325
353.0000,348.0000,22.0000,16.0000
336.0000,334.0000,22.0000,16.0000
305.8911,328.8911,35.2178,32.2178
336.0000,334.0000,22.0000,16.0000
360.0000,348.0000,22.0000,16.0000
340.8229,360.3229,32.3542,29.3542
336.0000,334.0000,22.0000,16.0000
369.0000,362.0000,22.0000,16.0000
402.0000,392.0000,22.0000,16.0000
369.0000,362.0000,22.0000,16.0000
369.0000,362.0000,22.0000,16.0000
360.0000,362.0000,22.0000,16.0000
336.0000,304.0000,22.0000,16.0000
361.0000,348.0000,22.0000,16.0000
629.0000,352.0000,22.0000,16.0000
629.0000,352.0000,22.0000,16.0000
377.0000,362.0000,22.0000,16.0000
629.0000,352.0000,22.0000,16.0000
629.0000,352.0000,22.0000,16.0000
629.0000,352.0000,22.0000,16.0000
629.0000,352.0000,22.0000,16.0000
629.0000,352.0000,22.0000,16.0000
629.0000,352.0000,22.0000,16.0000
629.0000,352.0000,22.0000,16.0000
629.0000,352.0000,22.0000,16.0000
629.0000,352.0000,22.0000,16.0000
629.0000,352.0000,22.0000,16.0000
629.0000,352.0000,22.0000,16.0000
629.0000,352.0000,22.0000,16.0000
629.0000,352.0000,22.0000,16.0000
629.0000,352.0000,22.0000,16.0000
629.0000,352.0000,22.0000,16.0000
629.0000,352.0000,22.0000,16.0000
629.0000,352.0000,22.0000,16.0000
629.0000,352.0000,22.0000,16.0000
629.0000,352.0000,22.0000,16.0000
629.0000,352.0000,22.0000,16.0000
629.0000,352.0000,22.0000,16.0000
629.0000,352.0000,22.0000,16.0000
629.0000,352.0000,22.0000,16.0000
629.0000,352.0000,22.0000,16.0000
629.0000,352.0000,22.0000,16.0000
629.0000,352.0000,22.0000,16.0000
629.0000,352.0000,22.0000,16.0000
629.0000,352.0000,22.0000,16.0000
629.0000,352.0000,22.0000,16.0000
629.0000,352.0000,22.0000,16.0000
629.0000,352.0000,22.0000,16.0000
629.0000,352.0000,22.0000,16.0000
629.0000,352.0000,22.0000,16.0000
629.0000,352.0000,22.0000,16.0000
629.0000,352.0000,22.0000,16.0000
629.0000,352.0000,22.0000,16.0000
629.0000,352.0000,22.0000,16.0000
629.0000,352.0000,22.0000,16.0000
352.0000,682.0000,22.0000,16.0000
352.0000,682.0000,22.0000,16.0000
629.0000,352.0000,22.0000,16.0000
629.0000,352.0000,22.0000,16.0000
352.0000,682.0000,22.0000,16.0000
369.0000,682.0000,22.0000,16.0000
369.0000,682.0000,22.0000,16.0000
369.0000,682.0000,22.0000,16.0000
352.0000,682.0000,22.0000,16.0000
369.0000,682.0000,22.0000,16.0000
385.0000,682.0000,22.0000,16.0000
385.0000,682.0000,22.0000,16.0000
385.0000,682.0000,22.0000,16.0000
385.0000,682.0000,22.0000,16.0000
385.0000,682.0000,22.0000,16.0000
369.0000,682.0000,22.0000,16.0000
369.0000,682.0000,22.0000,16.0000
369.0000,683.0000,22.0000,16.0000
369.0000,682.0000,22.0000,16.0000
629.0000,352.0000,22.0000,16.0000
385.0000,682.0000,22.0000,16.0000
385.0000,682.0000,22.0000,16.0000
385.0000,682.0000,22.0000,16.0000
385.0000,682.0000,22.0000,16.0000
385.0000,682.0000,22.0000,16.0000
385.0000,682.0000,22.0000,16.0000
385.0000,682.0000,22.0000,16.0000
385.0000,682.0000,22.0000,16.0000
385.0000,682.0000,22.0000,16.0000
385.0000,682.0000,22.0000,16.0000
385.0000,682.0000,22.0000,16.0000
385.0000,682.0000,22.0000,16.0000
385.0000,682.0000,22.0000,16.0000
385.0000,682.0000,22.0000,16.0000
385.0000,682.0000,22.0000,16.0000
385.0000,682.0000,22.0000,16.0000
377.0000,682.0000,22.0000,16.0000
385.0000,682.0000,22.0000,16.0000
378.0000,682.0000,22.0000,16.0000
369.0000,683.0000,22.0000,16.0000
369.0000,682.0000,22.0000,16.0000
369.0000,682.0000,22.0000,16.0000
385.0000,682.0000,22.0000,16.0000
377.0000,682.0000,22.0000,16.0000
369.0000,683.0000,22.0000,16.0000
385.0000,682.0000,22.0000,16.0000
385.0000,682.0000,22.0000,16.0000
385.0000,682.0000,22.0000,16.0000
369.0000,682.0000,22.0000,16.0000
369.0000,682.0000,22.0000,16.0000
377.0000,682.0000,22.0000,16.0000
385.0000,682.0000,22.0000,16.0000
369.0000,682.0000,22.0000,16.0000
377.0000,682.0000,22.0000,16.0000
385.0000,682.0000,22.0000,16.0000
385.0000,682.0000,22.0000,16.0000
402.0000,683.0000,22.0000,16.0000
409.0000,682.0000,22.0000,16.0000
410.0000,682.0000,22.0000,16.0000
402.0000,741.0000,22.0000,16.0000
402.0000,741.0000,22.0000,16.0000
402.0000,683.0000,22.0000,16.0000
402.0000,683.0000,22.0000,16.0000
402.0000,741.0000,22.0000,16.0000
402.0000,741.0000,22.0000,16.0000
402.0000,682.0000,22.0000,16.0000
402.0000,683.0000,22.0000,16.0000
409.0000,740.0000,22.0000,16.0000
402.0000,683.0000,22.0000,16.0000
402.0000,683.0000,22.0000,16.0000
402.0000,683.0000,22.0000,16.0000
629.0000,352.0000,22.0000,16.0000
386.0000,682.0000,22.0000,16.0000
410.0000,740.0000,22.0000,16.0000
629.0000,352.0000,22.0000,16.0000
629.0000,352.0000,22.0000,16.0000
629.0000,352.0000,22.0000,16.0000
629.0000,352.0000,22.0000,16.0000
629.0000,352.0000,22.0000,16.0000
629.0000,352.0000,22.0000,16.0000
629.0000,352.0000,22.0000,16.0000
629.0000,352.0000,22.0000,16.0000
629.0000,352.0000,22.0000,16.0000
629.0000,352.0000,22.0000,16.0000
629.0000,352.0000,22.0000,16.0000
629.0000,352.0000,22.0000,16.0000
629.0000,352.0000,22.0000,16.0000
629.0000,352.0000,22.0000,16.0000
629.0000,352.0000,22.0000,16.0000
629.0000,352.0000,22.0000,16.0000
629.0000,352.0000,22.0000,16.0000
629.0000,352.0000,22.0000,16.0000
629.0000,352.0000,22.0000,16.0000
629.0000,352.0000,22.0000,16.0000
629.0000,352.0000,22.0000,16.0000
629.0000,352.0000,22.0000,16.0000
629.0000,352.0000,22.0000,16.0000
629.0000,352.0000,22.0000,16.0000
629.0000,352.0000,22.0000,16.0000
629.0000,352.0000,22.0000,16.0000
629.0000,352.0000,22.0000,16.0000
629.0000,352.0000,22.0000,16.0000
629.0000,352.0000,22.0000,16.0000
629.0000,352.0000,22.0000,16.0000
629.0000,352.0000,22.0000,16.0000
629.0000,352.0000,22.0000,16.0000
629.0000,352.0000,22.0000,16.0000
629.0000,352.0000,22.0000,16.0000
629.0000,352.0000,22.0000,16.0000
629.0000,352.0000,22.0000,16.0000
629.0000,352.0000,22.0000,16.0000
629.0000,352.0000,22.0000,16.0000
629.0000,352.0000,22.0000,16.0000
629.0000,352.0000,22.0000,16.0000
629.0000,352.0000,22.0000,16.0000
629.0000,352.0000,22.0000,16.0000
629.0000,352.0000,22.0000,16.0000
629.0000,352.0000,22.0000,16.0000
629.0000,352.0000,22.0000,16.0000
629.0000,352.0000,22.0000,16.0000
629.0000,352.0000,22.0000,16.0000
629.0000,352.0000,22.0000,16.0000
629.0000,352.0000,22.0000,16.0000
629.0000,352.0000,22.0000,16.0000
629.0000,352.0000,22.0000,16.0000
629.0000,352.0000,22.0000,16.0000
629.0000,352.0000,22.0000,16.0000
629.0000,352.0000,22.0000,16.0000
629.0000,352.0000,22.0000,16.0000
629.0000,352.0000,22.0000,16.0000
629.0000,352.0000,22.0000,16.0000
629.0000,352.0000,22.0000,16.0000
629.0000,352.0000,22.0000,16.0000
312.0000,377.0000,22.0000,16.0000
629.0000,352.0000,22.0000,16.0000
629.0000,352.0000,22.0000,16.0000
629.0000,352.0000,22.0000,16.0000
629.0000,352.0000,22.0000,16.0000
629.0000,352.0000,22.0000,16.0000
629.0000,352.0000,22.0000,16.0000
629.0000,352.0000,22.0000,16.0000
629.0000,352.0000,22.0000,16.0000
629.0000,352.0000,22.0000,16.0000
629.0000,352.0000,22.0000,16.0000
629.0000,352.0000,22.0000,16.0000
629.0000,352.0000,22.0000,16.0000
629.0000,352.0000,22.0000,16.0000
629.0000,352.0000,22.0000,16.0000
629.0000,352.0000,22.0000,16.0000
629.0000,352.0000,22.0000,16.0000
629.0000,352.0000,22.0000,16.0000
629.0000,352.0000,22.0000,16.0000
629.0000,352.0000,22.0000,16.0000
629.0000,352.0000,22.0000,16.0000
173.0000,682.0000,22.0000,16.0000
189.0000,683.0000,22.0000,16.0000
629.0000,352.0000,22.0000,16.0000
629.0000,352.0000,22.0000,16.0000
629.0000,352.0000,22.0000,16.0000
629.0000,352.0000,22.0000,16.0000
173.0000,683.0000,22.0000,16.0000
629.0000,352.0000,22.0000,16.0000
629.0000,352.0000,22.0000,16.0000
629.0000,352.0000,22.0000,16.0000
629.0000,352.0000,22.0000,16.0000
629.0000,352.0000,22.0000,16.0000
629.0000,352.0000,22.0000,16.0000
629.0000,352.0000,22.0000,16.0000
629.0000,352.0000,22.0000,16.0000
629.0000,352.0000,22.0000,16.0000
629.0000,352.0000,22.0000,16.0000
629.0000,352.0000,22.0000,16.0000
629.0000,352.0000,22.0000,16.0000
629.0000,352.0000,22.0000,16.0000
629.0000,352.0000,22.0000,16.0000
629.0000,352.0000,22.0000,16.0000
629.0000,352.0000,22.0000,16.0000
629.0000,352.0000,22.0000,16.0000
629.0000,352.0000,22.0000,16.0000
629.0000,352.0000,22.0000,16.0000
629.0000,352.0000,22.0000,16.0000
629.0000,352.0000,22.0000,16.0000
629.0000,352.0000,22.0000,16.0000
629.0000,352.0000,22.0000,16.0000
629.0000,352.0000,22.0000,16.0000
629.0000,352.0000,22.0000,16.0000
629.0000,352.0000,22.0000,16.0000
629.0000,352.0000,22.0000,16.0000
629.0000,352.0000,22.0000,16.0000
629.0000,352.0000,22.0000,16.0000
629.0000,352.0000,22.0000,16.0000
629.0000,352.0000,22.0000,16.0000
629.0000,352.0000,22.0000,16.0000
629.0000,352.0000,22.0000,16.0000
629.0000,352.0000,22.0000,16.0000
629.0000,352.0000,22.0000,16.0000
629.0000,352.0000,22.0000,16.0000
629.0000,352.0000,22.0000,16.0000
629.0000,352.0000,22.0000,16.0000
629.0000,352.0000,22.0000,16.0000
189.0000,595.0000,22.0000,16.0000
629.0000,352.0000,22.0000,16.0000
629.0000,352.0000,22.0000,16.0000
629.0000,352.0000,22.0000,16.0000
629.0000,352.0000,22.0000,16.0000
629.0000,352.0000,22.0000,16.0000
629.0000,352.0000,22.0000,16.0000
629.0000,352.0000,22.0000,16.0000
629.0000,352.0000,22.0000,16.0000
189.0000,595.0000,22.0000,16.0000
629.0000,352.0000,22.0000,16.0000
629.0000,352.0000,22.0000,16.0000
629.0000,352.0000,22.0000,16.0000
629.0000,352.0000,22.0000,16.0000
629.0000,352.0000,22.0000,16.0000
629.0000,352.0000,22.0000,16.0000
629.0000,352.0000,22.0000,16.0000
629.0000,352.0000,22.0000,16.0000
629.0000,352.0000,22.0000,16.0000
629.0000,352.0000,22.0000,16.0000
629.0000,352.0000,22.0000,16.0000
629.0000,352.0000,22.0000,16.0000
629.0000,352.0000,22.0000,16.0000
629.0000,352.0000,22.0000,16.0000
629.0000,352.0000,22.0000,16.0000
629.0000,352.0000,22.0000,16.0000
629.0000,352.0000,22.0000,16.0000
629.0000,352.0000,22.0000,16.0000
629.0000,352.0000,22.0000,16.0000
629.0000,352.0000,22.0000,16.0000
629.0000,352.0000,22.0000,16.0000
629.0000,352.0000,22.0000,16.0000
629.0000,352.0000,22.0000,16.0000
629.0000,352.0000,22.0000,16.0000
629.0000,352.0000,22.0000,16.0000
629.0000,352.0000,22.0000,16.0000
629.0000,352.0000,22.0000,16.0000
629.0000,352.0000,22.0000,16.0000
629.0000,352.0000,22.0000,16.0000
629.0000,352.0000,22.0000,16.0000
629.0000,352.0000,22.0000,16.0000
629.0000,352.0000,22.0000,16.0000
629.0000,352.0000,22.0000,16.0000
629.0000,352.0000,22.0000,16.0000
629.0000,352.0000,22.0000,16.0000
629.0000,352.0000,22.0000,16.0000
629.0000,352.0000,22.0000,16.0000
629.0000,352.0000,22.0000,16.0000
629.0000,352.0000,22.0000,16.0000
629.0000,352.0000,22.0000,16.0000
629.0000,352.0000,22.0000,16.0000
629.0000,352.0000,22.0000,16.0000
629.0000,352.0000,22.0000,16.0000
629.0000,352.0000,22.0000,16.0000
