0.440049
0.043683
0.042786
0.044725
0.045672
0.047544
0.042726
0.052213
0.047190
0.049385
0.043039
0.041794
0.047199
0.050078
0.046374
0.049531
0.049802
0.038413
0.036969
0.053470
0.055650
0.037160
0.037677
0.042769
0.042543
0.038369
0.037663
0.057698
0.058669
0.041764
0.039018
0.037503
0.048022
0.039043
0.044427
0.044329
0.044373
0.040634
0.045877
0.060673
0.049513
0.050779
0.040159
0.043060
0.047173
0.040622
0.041567
0.043894
0.031288
0.037857
0.039850
0.038462
0.037742
0.037789
0.038278
0.040196
0.030436
0.044992
0.046571
0.046679
0.056036
0.040266
0.036586
0.041079
0.033492
0.038103
0.037963
0.035865
0.043529
0.049076
0.035854
0.038996
0.038849
0.039834
0.040662
0.045501
0.047282
0.048641
0.047763
0.046533
0.046062
0.047806
0.048259
0.055323
0.043096
0.046510
0.047942
0.046350
0.046884
0.046730
0.058966
0.044141
0.053573
0.043432
0.042689
0.042802
0.042759
0.042214
0.055190
0.046971
0.057707
0.060726
0.057582
0.050613
0.054711
0.059475
0.043826
0.042142
0.052997
0.048518
0.047145
0.046826
0.042782
0.048241
0.046804
0.046129
0.044900
0.044189
0.045143
0.045949
0.044944
0.046766
0.044582
0.049811
0.045049
0.044120
0.044943
0.047833
0.044054
0.044847
0.046380
0.044388
0.045815
0.044346
0.044068
0.043859
0.046613
0.047783
0.044523
0.044454
0.045257
0.044003
0.049816
0.045630
0.043952
0.051118
0.037212
0.041255
0.049927
0.057225
0.037427
0.036301
0.035690
0.037762
0.042749
0.042528
0.044625
0.046059
0.043977
0.045724
0.046632
0.045604
0.047484
0.049330
0.046662
0.045383
0.034043
0.043015
0.041943
0.040051
0.043328
0.030289
0.037714
0.037969
0.042204
0.055319
0.041306
0.040069
0.042152
0.041394
0.041044
0.039279
0.040972
0.039344
0.044794
0.040913
0.044147
0.050643
0.040660
0.043081
0.042472
0.043133
0.044123
0.045168
0.051436
0.046103
0.047880
0.049020
0.045456
0.045890
0.044235
0.044378
0.048944
0.049513
0.047982
0.052260
0.068367
0.053635
0.051993
0.048142
0.047323
0.050141
0.046124
0.047954
0.046726
0.047723
0.048805
0.047737
0.045986
0.048063
0.052133
0.046386
0.047666
0.048734
0.048185
0.055458
0.067467
0.048666
0.051046
0.044912
0.048936
0.046171
0.047011
0.050236
0.065509
0.061904
0.048219
0.047202
0.049449
0.047801
0.049262
0.049784
0.060850
0.060524
0.046249
0.056982
0.057461
0.049190
0.046337
0.049176
0.047597
0.046651
0.049604
0.060416
0.046871
0.050723
0.045395
0.046216
0.052107
0.058539
0.048183
0.045636
0.041880
0.049199
0.044618
0.050004
0.046824
0.046296
0.044899
0.048286
0.046426
0.049636
0.051923
0.049406
0.049731
0.051243
0.053838
0.063515
0.047489
0.059376
0.047742
0.044322
0.049197
0.039773
0.035106
0.051510
0.033312
0.070818
0.046730
0.045036
0.044418
0.060878
0.069780
0.038776
0.060101
0.068219
0.049456
0.058136
0.043904
0.044717
0.047527
0.067817
0.045294
0.051968
0.062000
0.049570
0.056705
0.053986
0.063440
0.063896
0.049384
0.050943
0.062886
0.048466
0.068707
0.052461
0.052336
0.051722
0.072623
0.052647
0.048894
0.059622
0.048031
0.054504
0.051167
0.047292
0.051414
0.051097
0.058149
0.055116
0.049189
0.073047
0.062329
0.049155
0.057367
0.048695
0.049351
0.049394
0.047920
0.050217
0.054948
0.053117
0.051164
0.048669
0.048646
0.047410
0.053284
0.029060
0.017382
0.021189
0.017073
0.023581
0.017355
0.018737
0.017327
0.024091
0.022780
0.037463
0.017363
0.018175
0.018010
0.017319
0.017305
0.030913
0.020627
0.021576
0.026016
0.024179
0.023622
0.025398
0.025683
0.029468
0.032373
0.030233
0.029998
0.030879
0.031411
0.033315
0.030029
0.029509
0.029579
0.032753
0.029688
0.033084
0.032632
0.029562
0.032884
0.029807
0.029494
0.033632
0.030654
0.029649
0.029638
0.031582
0.030451
0.031344
0.030177
0.033560
0.029379
0.029644
0.029448
0.030339
0.030885
0.032893
0.030207
0.017055
0.024144
0.023829
0.023665
0.024137
0.024179
0.023162
0.033506
0.024274
0.026843
0.024998
0.029927
0.020917
0.019485
0.019845
0.026729
0.023351
0.021508
0.019546
0.053625
0.025646
0.020413
0.023588
0.022166
0.019520
0.019888
0.021332
0.039989
0.038275
0.019829
0.022852
0.020998
0.019615
0.019535
0.019328
0.026589
0.022610
0.020271
0.021657
0.019522
0.022029
0.021559
0.019512
0.019026
0.018793
0.030435
0.020524
0.025079
0.019622
0.023968
0.021019
0.023045
0.019542
0.019618
0.033362
0.022742
0.022813
0.022562
0.022671
0.022829
0.028966
0.025907
0.022010
0.021830
0.039466
0.040838
0.028462
0.024451
0.025229
0.027018
0.027984
0.026182
0.042660
0.037236
0.028330
0.026917
0.029059
0.026086
0.025805
0.026191
0.049520
0.043697
0.021330
0.027414
0.025145
0.028365
0.027898
0.036847
0.034354
0.034702
0.037481
0.034688
0.032848
0.035635
0.035986
0.034199
0.032016
0.037111
0.039141
0.038149
0.041099
0.038035
0.032780
0.034569
0.034598
0.036086
0.033362
0.034269
0.033899
0.035318
0.039103
0.034481
0.034303
0.040512
0.037846
0.039119
0.038690
0.046380
0.041647
0.047066
0.041652
0.040671
0.043777
0.037469
0.037751
0.037715
0.044107
0.038355
0.037623
0.040966
0.039182
0.040136
0.039080
0.037891
0.041774
0.032167
0.032119
0.031551
0.034949
0.034771
0.033369
0.038690
0.035476
0.034694
0.034647
0.033885
0.033177
0.039673
0.041453
0.035743
0.039603
0.036663
0.035574
0.061410
0.058808
0.037645
0.025586
0.041032
0.040946
0.043353
0.044294
0.046777
0.058076
0.035669
0.046195
0.026221
0.038819
0.026071
0.038674
0.039892
0.039119
0.040580
0.038115
0.048651
0.039797
0.042522
0.046462
0.039335
0.039329
0.046136
0.039347
0.040105
0.026880
0.043883
0.041351
0.045938
0.037540
0.051305
0.047751
0.038901
0.037918
0.048564
0.026493
0.039998
0.034754
0.031046
0.028380
0.032517
0.028174
0.045733
0.038677
0.050062
0.038511
0.035648
0.035064
0.027989
0.026952
0.028907
0.026447
0.027843
0.031239
0.029136
0.025420
0.027863
0.026599
0.021664
0.038115
0.056544
0.045777
0.031451
0.034246
0.035596
0.032104
0.032564
0.028147
0.027284
0.034459
0.029121
0.027217
0.025051
0.029007
0.027201
0.028361
0.027761
0.027543
0.032850
0.028783
0.027733
0.027453
0.032264
0.029442
0.028303
0.028366
0.032962
0.027706
0.049239
0.027867
0.030217
0.035766
0.028063
0.028102
0.028479
0.023516
0.020317
0.027483
0.020756
0.019716
0.022859
0.020936
0.025328
0.023081
0.024661
0.024706
0.024391
0.025584
0.024284
0.030151
0.029172
0.024184
0.026077
0.025941
0.031736
0.025850
0.030272
0.026802
0.027464
0.028651
0.027426
0.031346
0.029480
0.028230
0.026999
0.030221
0.029167
0.028147
0.031089
0.029351
0.027763
0.026036
0.028982
0.029693
0.027320
0.029399
0.031959
0.029386
0.034381
0.027005
0.033925
0.028564
0.026941
0.029294
0.030645
0.028327
0.035074
0.028374
0.033052
0.029354
0.030170
0.027470
0.047754
0.029708
0.029607
0.032325
0.027425
0.027647
0.039818
0.029074
0.028724
0.030898
0.026994
0.027560
0.029440
0.027445
0.035499
0.027942
0.034947
0.027820
0.029017
0.031020
0.050452
0.032966
0.029675
0.030608
0.030083
0.046272
0.030995
0.038140
0.030227
0.029596
0.044449
0.031444
0.029298
0.060287
0.029240
0.048038
0.043827
0.065740
0.041909
0.045055
0.052271
0.046196
0.049196
0.056323
0.047394
0.047002
0.045541
0.043935
0.048894
0.044425
0.056987
0.044683
0.048125
0.036397
0.043900
0.047822
0.039692
0.028102
0.037707
0.028458
0.030724
0.033134
0.035217
0.028971
0.057937
0.030167
0.035620
0.030209
0.033012
0.027719
0.036729
0.032820
0.039807
0.024311
0.028867
0.031657
0.039528
0.039851
0.030644
0.023638
0.023487
0.032323
0.032460
0.033457
0.021907
0.022357
0.029279
0.023069
0.034962
0.038469
0.041743
0.039649
0.047656
0.037505
0.041804
0.039991
0.040066
0.027663
0.039773
0.040748
0.039664
0.039674
0.042288
0.042063
0.040102
0.041310
0.032167
0.033207
0.035763
0.036062
0.043190
0.038051
0.038283
0.038895
0.034488
0.025296
0.047174
0.066050
0.049282
0.049880
0.034989
0.036089
0.034678
0.042664
0.039890
0.047735
0.037081
0.043452
0.037340
0.035330
0.033080
0.036141
0.051512
0.039982
0.032892
0.025128
0.025657
0.028901
0.029139
0.028477
0.036997
0.032450
0.028433
0.044050
0.045212
0.043518
0.043288
0.038920
0.034049
0.032461
0.033736
0.035000
0.037659
0.038831
0.037765
0.035216
0.034379
0.050928
0.033520
0.043643
0.045894
0.038910
0.040021
0.039802
0.038598
0.044704
0.036882
0.045488
0.045952
0.040008
0.038636
0.042612
0.039867
0.041677
0.043998
0.047225
0.054464
0.031237
0.032733
0.033357
0.032955
0.033390
0.043406
0.059828
0.027866
0.027748
0.026893
0.018771
0.018406
0.026961
0.018538
0.032296
0.029611
0.030255
0.037836
0.026967
0.039166
0.053252
0.031066
0.029656
0.026805
0.027934
0.025505
0.038197
0.048366
0.029922
0.031032
0.038444
0.032166
0.030803
0.029480
0.037990
0.031893
0.031231
0.029657
0.037336
0.029420
0.029380
0.033030
0.030390
0.026978
0.022784
0.037577
0.017303
0.021224
0.025351
0.019684
0.024144
0.013062
0.035990
0.021273
0.020965
0.018217
0.040453
0.018164
0.014293
0.018974
0.013745
0.013059
0.013854
0.013019
0.019229
0.013125
0.018837
0.032824
0.045764
0.018078
0.028771
0.014482
0.022888
0.013842
0.012830
0.012933
0.013502
0.013840
0.014823
0.013461
0.015246
0.013075
0.017699
0.015129
0.015446
0.014147
0.012847
0.042269
0.024215
0.022285
0.013108
0.014357
0.013334
0.012787
0.013167
0.013393
0.012988
0.012892
0.013207
0.013296
0.013923
0.013389
0.012755
0.012852
0.015584
0.013924
0.015502
0.013240
0.015380
0.028911
0.027474
0.029303
0.022317
0.014040
0.014379
0.014828
0.016813
0.014623
0.018486
0.013963
0.018524
0.015534
0.015233
0.016776
0.016763
0.017819
0.018000
0.017260
0.016560
0.016573
0.021538
0.019176
0.019586
0.018115
0.018601
0.021816
0.020032
0.019804
0.019339
0.021493
0.022863
0.020397
0.020423
0.024947
0.020497
0.021194
0.020738
0.021950
0.022393
0.023822
0.017390
0.017633
0.016073
0.021467
0.017920
0.019158
0.018380
0.032415
0.016976
0.025121
0.020272
0.019006
0.023822
0.021632
0.021276
0.019887
0.040351
0.022362
0.021554
0.022420
0.023790
0.022398
0.024477
0.022652
0.022353
0.021733
0.024769
0.014983
0.015545
0.017262
0.015718
0.031890
0.022723
0.016312
0.016709
0.017303
0.015829
0.018806
0.016931
0.016592
0.014921
0.016887
0.022401
0.021845
0.031777
0.028046
0.028332
0.024436
0.026624
0.018844
0.020282
0.018742
0.025291
0.031914
0.032264
0.028286
0.031755
0.028672
0.018381
0.018505
0.017995
0.017951
0.026505
0.019684
0.021888
0.017976
0.025284
0.020053
0.018219
0.018677
0.026051
0.021976
0.019974
0.020165
0.028202
0.023006
0.020881
0.021137
0.021474
0.021578
0.021493
0.024943
0.021326
0.021598
0.026573
0.035740
0.022463
0.024924
0.020895
0.021159
0.029989
0.035731
0.027302
0.027877
0.030603
0.042612
0.035911
0.035506
0.020685
0.022394
0.022354
0.022245
0.021090
0.021278
0.020871
0.023049
0.022534
0.023577
0.024455
0.024037
0.023961
0.023969
0.023374
0.027806
0.024019
0.024278
0.022393
0.020838
0.020862
0.021312
0.026076
0.022966
0.022769
0.022147
0.025451
0.022506
0.021986
0.021940
0.023745
0.028846
0.024976
0.027662
0.028365
0.038012
0.029099
0.027968
0.026259
0.037390
0.040236
0.029490
0.039211
0.035205
0.033788
0.035299
0.027982
0.027348
0.026672
0.029253
0.040849
0.037430
0.027762
0.034225
0.045259
0.045007
0.035066
0.029734
0.025301
0.026048
0.024147
0.028159
0.042373
0.025094
0.024322
0.027286
0.030426
0.029424
0.033392
0.030978
0.030774
0.039812
0.029980
0.034544
0.050266
0.045372
0.036873
0.039690
0.030315
0.050290
0.030283
0.031058
0.030501
0.030291
0.031904
0.031942
0.030183
0.034327
0.043787
0.033335
0.032395
0.035392
0.031739
0.034752
0.034544
0.035318
0.033961
0.048533
0.040155
0.033724
0.037596
0.037003
0.032446
0.031343
0.036219
0.031665
0.031676
0.032700
0.034642
0.037168
0.035091
0.031582
0.031385
0.037269
0.032546
0.031460
0.032818
0.032729
0.031426
0.032406
0.036255
0.031682
0.031857
0.032284
0.031798
0.036677
0.033139
0.034940
0.035257
0.031950
0.032797
0.048536
0.031506
0.032644
0.033941
0.031600
0.033220
0.032742
0.033503
0.032723
0.031601
0.031457
0.035040
0.031739
0.032994
0.033833
0.031596
0.033374
0.034626
0.033662
0.035588
0.031820
0.032888
0.031653
0.031531
0.031579
0.031465
0.030644
0.029804
0.031938
0.031586
0.036478
0.031936
0.040205
0.031926
0.031983
0.036592
0.054394
0.057049
0.045900
0.031453
0.034867
0.033862
0.032322
0.033031
0.034307
0.032574
0.032007
0.031508
0.033664
0.032027
0.027751
0.030474
0.032224
0.032704
0.030622
0.033790
0.032006
0.026097
0.035733
0.033975
0.047991
0.045446
0.050128
0.030854
0.031455
0.031957
0.030784
0.031241
0.030284
0.030534
0.030126
0.031940
0.030729
0.030093
0.031135
0.030858
0.033501
0.032004
0.030171
0.032607
0.030086
0.030059
0.030815
0.034552
0.031954
0.032617
0.033413
0.033438
0.031921
0.031289
0.031209
0.033494
0.046342
0.032433
0.031698
0.049353
0.031527
0.033297
0.031570
0.045600
0.045467
0.045998
0.032299
0.039635
0.037053
0.048372
0.039391
0.046165
0.032123
0.031664
0.031387
0.032130
0.032734
0.031606
0.032279
0.031633
0.032504
0.038455
0.028825
0.030521
0.037735
0.032973
0.039056
0.031171
0.033069
0.032415
0.031612
0.050189
0.029464
0.037205
0.030187
0.030332
0.034039
0.030353
0.034611
0.033881
0.036978
0.030555
0.030914
0.030414
0.028902
0.031498
0.029459
0.028919
0.029155
0.030311
0.029472
0.028817
0.030558
0.029874
0.028834
0.030619
0.029943
0.029644
0.031416
0.030734
0.028773
0.028772
0.029704
0.029092
0.029199
0.029433
0.033600
0.029681
0.041775
0.041520
0.046837
0.042120
0.042256
0.044983
0.042731
0.044397
0.042119
0.041526
0.042407
0.038620
0.048604
0.041922
0.040959
0.038609
0.035726
0.040375
0.040418
0.042765
0.041358
0.044193
0.041785
0.055077
0.040919
0.042287
0.045958
0.038539
0.039817
0.041935
0.040411
0.043231
0.039903
0.045802
0.042076
0.042112
0.042988
0.043012
0.042148
0.041522
0.041169
0.042809
0.042684
0.042979
0.042507
0.047559
0.047385
0.056005
0.042325
0.043245
0.044862
0.042212
0.046982
0.044126
0.053649
0.045752
0.049604
0.044547
0.048666
0.047354
0.051837
0.043942
0.048592
0.042105
0.045682
0.041546
0.044583
0.041829
0.045303
0.042397
0.043758
0.046375
0.043635
0.048330
0.047599
0.046945
0.044859
0.045238
0.045301
0.056112
0.049812
0.056111
0.047073
0.051460
0.045493
0.046305
0.046864
0.043948
0.047306
0.045658
0.050679
0.057895
0.064471
0.048105
0.044149
0.048929
0.046587
0.046834
0.051161
0.046180
0.046634
0.047255
0.049442
0.046459
0.046728
0.048155
0.046679
0.046995
0.046662
0.043861
0.046831
0.049238
0.046174
0.048934
0.046744
0.046137
0.046410
0.038023
0.048934
0.046502
0.047177
0.046261
0.038756
0.046496
0.047498
0.047648
0.047177
0.046415
0.046118
0.046017
0.045704
0.032659
0.035194
0.037066
0.036967
0.039609
0.041002
0.040312
0.047153
0.042304
0.046677
0.048318
0.051917
0.046259
0.051519
0.046604
0.047491
0.047132
0.048488
0.046428
0.046017
0.046214
0.048183
0.046038
0.047901
0.048463
0.053737
0.047018
0.046605
0.044535
0.046179
0.048923
0.046597
0.048090
0.047947
0.045748
0.049003
0.046428
0.048649
0.049431
0.045928
0.049324
0.046987
0.049896
0.049313
0.048296
0.044678
0.046792
0.045963
0.039620
0.040839
0.043404
0.049573
0.048437
0.047415
0.046579
0.047940
0.053921
0.047259
0.047837
0.050138
0.047059
0.055213
0.047715
0.045876
0.046711
0.049550
0.051828
0.045959
0.046902
0.045813
0.050985
0.045900
0.065454
0.048465
0.052556
0.038884
0.048518
0.041504
0.050896
0.057154
0.046195
0.043788
0.046402
0.031742
0.041447
0.042336
0.042235
0.043717
0.044440
0.048379
0.039517
0.044785
0.048751
0.046031
0.049040
0.046910
0.046259
0.044566
0.044746
0.041272
0.045645
0.044561
0.045767
0.046073
0.046353
0.051626
0.046825
0.049565
0.049182
0.048031
0.046500
0.051790
0.046117
0.049609
0.048449
0.047659
0.046720
0.046062
0.046368
0.037030
0.046774
0.046590
0.049523
0.031672
0.049018
0.045743
0.046262
0.047319
0.046666
0.046948
0.048526
0.048922
0.043798
0.038176
0.048729
0.050016
0.056520
0.055258
0.051647
0.047289
0.049063
0.049646
0.050407
0.047370
0.050620
0.046108
0.061517
0.053227
0.056118
0.048537
0.057616
0.048261
0.051800
0.050330
0.053771
0.046834
0.051362
0.047451
0.048933
0.051851
0.029488
0.053546
0.047356
0.058191
0.064569
0.048580
0.056151
0.059508
0.070238
0.057162
0.047327
0.048282
0.047407
0.047745
0.057321
0.049324
0.049175
0.046229
0.045864
0.047275
0.046666
0.047151
0.047185
0.055129
0.051431
0.055648
0.048607
0.072662
0.049456
0.053520
0.045693
0.048002
0.049365
0.060717
0.057119
0.046074
0.046630
0.053788
0.054469
0.047860
0.046072
0.046108
0.047981
0.048929
0.046921
0.046438
0.047009
0.046890
0.039403
0.062123
0.060899
0.047903
0.065478
0.051738
0.058766
0.052963
0.051754
0.054518
0.046500
0.052089
0.050136
0.048721
0.046214
0.049886
0.046683
0.046107
0.048268
0.046659
0.045986
0.053853
0.049863
0.054129
0.046952
0.049339
0.048449
0.046683
0.063057
0.051550
0.063471
0.051779
0.057266
0.057239
0.046221
0.050281
0.049093
0.048177
0.031687
0.038192
0.033203
0.052303
0.050127
0.032449
0.049422
0.046863
0.031921
0.033218
0.034064
0.036930
0.050637
0.046098
0.020653
0.032968
0.043169
0.027618
0.031096
0.030827
0.030684
0.026949
0.031347
0.027637
0.027337
0.035589
0.043684
0.044569
0.041591
0.039537
0.046047
0.039117
0.039569
0.042643
0.041564
0.042121
0.044983
0.036722
0.039221
0.037530
0.026361
0.039136
0.037632
0.038829
0.040284
0.037892
0.040061
0.042279
0.040088
0.055525
0.053891
0.042086
0.039217
0.035609
0.026172
0.037267
0.039593
0.039278
0.042130
0.034975
0.027401
0.035798
0.025975
0.035290
0.036757
0.035867
0.035452
0.039407
0.026742
0.027784
0.034286
0.028508
0.028790
0.036703
0.024534
0.020758
0.017442
0.023480
0.021613
0.036183
0.035633
0.036013
0.036945
0.035419
0.035755
0.035443
0.032494
0.032230
0.033229
0.035982
0.022991
0.040873
0.026561
0.035457
0.034329
0.034011
0.034331
0.037593
0.022907
0.024374
0.040650
0.034943
0.022980
0.036335
0.035847
0.035845
0.038956
0.037049
0.034997
0.036610
0.040210
0.051561
0.036070
0.056415
0.036193
0.038542
0.045152
0.039998
0.037390
0.039457
0.038968
0.036483
0.049944
0.036797
0.035501
0.035856
0.041408
0.042312
0.027371
0.028355
0.029542
0.042406
0.041284
0.040458
0.039678
0.040030
0.040264
0.030150
0.036742
0.042793
0.032391
0.025166
0.025972
0.039176
0.036865
0.026681
0.027851
0.026011
0.029787
0.041019
0.035162
0.043354
0.040785
0.039001
0.039197
0.040095
0.029511
0.031922
0.040694
0.044249
0.040665
0.029716
0.028222
0.027502
0.032704
0.039888
0.027798
0.044785
0.039741
0.051855
0.041277
0.032289
0.029927
0.040449
0.027964
0.028673
0.029090
0.027998
0.029678
0.027937
0.027786
0.045076
0.040780
0.042455
0.026247
0.041578
0.029951
0.029088
0.031067
0.033314
0.029074
0.030233
0.028984
0.029529
0.031709
0.029556
0.029168
0.033221
0.045306
0.054812
0.043271
0.031136
0.030422
0.037308
0.046039
0.040918
0.034180
0.029541
0.028867
0.037133
0.031865
0.026534
0.025964
0.029690
0.025904
0.026261
0.025825
0.026638
0.026684
0.026398
0.026470
0.027873
0.043500
0.028100
0.029600
0.028745
0.027896
0.028829
0.028612
0.028059
0.027802
0.040682
0.047179
0.029174
0.029687
0.029264
0.040766
0.041462
0.040736
0.043818
0.041545
0.041104
0.034247
0.035097
0.030128
0.041426
0.038484
0.036005
0.025388
0.035130
0.025991
0.029890
0.027841
0.036919
0.030051
0.064076
0.051430
0.044840
0.034873
0.047843
0.028769
0.043750
0.041839
0.046808
0.031379
0.043579
0.040619
0.040784
0.031375
0.043664
0.028636
0.041732
0.035363
0.035571
0.027622
0.037635
0.028884
0.036537
0.041367
0.031772
0.031889
0.027544
0.032576
0.028238
0.028966
0.027663
0.028380
0.027796
0.031142
0.033777
0.038760
0.044960
0.044787
0.033243
0.025433
0.027580
0.024973
0.024702
0.025568
0.024868
0.026590
0.025732
0.024692
0.025437
0.025470
0.017680
0.015553
0.015496
0.019532
0.014545
0.014137
0.014064
0.015138
0.015714
0.014680
0.015167
0.014662
0.035924
0.015564
0.015212
0.014499
0.015135
0.015764
0.015129
0.014991
0.014506
0.014660
0.023924
0.016811
0.017959
0.018125
0.017987
0.027054
0.021411
0.018683
0.018565
0.018381
0.019363
0.020366
0.020160
0.022397
0.021721
0.020150
0.021218
0.020054
0.019940
0.024128
0.021448
0.020574
0.020227
0.021643
0.020903
0.020038
0.022457
0.030126
0.029551
0.035336
0.026868
0.025442
0.027547
0.025450
0.030078
0.026392
0.039278
0.020171
0.018197
0.021695
0.024923
0.034749
0.051365
0.030056
0.034996
0.029709
0.021281
0.018189
0.018029
0.029479
0.018920
0.016843
0.021662
0.017424
0.024771
0.016536
0.025978
0.017469
0.018816
0.016955
0.016868
0.024273
0.026204
0.029017
0.024077
0.024078
0.025229
0.026237
0.017900
0.024585
0.027351
0.027734
0.025977
0.017898
0.025855
0.027083
0.020082
0.019244
0.020431
0.023748
0.022002
0.025519
0.031731
0.022182
0.024435
0.022043
0.021694
0.022935
0.021780
0.021748
0.027860
0.022535
0.022398
0.023066
0.023458
0.024361
0.019359
0.017980
0.019766
0.020437
0.022736
0.017992
0.017915
0.018048
0.017876
0.019310
0.019809
0.022913
0.019360
0.019425
0.019509
0.019631
0.021754
0.019842
0.020411
0.019930
0.021757
0.019482
0.020121
0.020721
0.021770
0.021156
0.022110
0.023660
0.023253
0.025388
0.025579
0.023560
0.023548
0.027609
0.024118
0.022105
0.021446
0.026958
0.036122
0.034640
0.029330
0.020075
0.022320
0.021308
0.023291
0.024904
0.024784
0.029656
0.024925
0.027948
0.037579
0.022260
0.022270
0.021524
0.033563
0.025312
0.024715
0.047975
0.025388
0.024880
0.028485
0.027089
0.026212
0.024734
0.031787
0.025624
0.024967
0.030132
0.039067
0.039975
0.042681
0.021097
0.020538
0.022407
0.020259
0.031909
0.033705
0.024057
0.023838
0.024735
0.023326
0.023141
0.039653
0.038603
0.040988
0.033330
0.024060
0.028253
0.036266
0.038452
0.036298
0.031381
0.025736
0.025115
0.024925
0.024719
0.024776
0.025288
0.025017
0.025532
0.024787
0.024700
0.028033
0.027150
0.026135
0.026368
0.039491
0.029287
0.027784
0.027735
0.027515
0.059554
0.061800
0.027693
0.042579
0.039106
0.038878
0.029439
0.030822
0.028973
0.022515
0.035048
0.041504
0.038816
0.026172
0.036450
0.025908
0.037280
0.037094
0.027445
0.028269
0.027650
0.028289
0.037834
0.025261
0.031363
0.032141
0.046350
0.043785
0.041861
0.048980
0.043106
0.042786
0.041828
0.043998
0.059496
0.042281
0.051353
0.066952
0.043818
0.043669
0.048347
0.056278
0.044334
0.060736
0.063433
0.045309
0.044177
0.046605
0.046493
0.046320
0.043943
0.045877
0.044247
0.044535
0.040119
0.037720
0.038692
0.039744
0.042044
0.039006
0.041388
0.045962
0.042490
0.042183
0.044366
0.045312
0.041924
0.043220
0.043238
0.041755
0.043747
0.044188
0.039019
0.040484
0.042816
0.040594
0.050524
0.043696
0.052227
0.052256
0.049985
0.053544
0.043449
0.042160
0.041184
0.052885
0.038837
0.041107
0.044672
0.040566
0.043041
0.039685
0.039256
0.038890
0.041165
0.039222
0.038879
0.038544
0.041350
0.041199
0.038534
0.040590
0.040445
0.039646
0.050123
0.040992
0.049725
0.039161
0.038520
0.043430
0.040035
0.041245
0.039726
0.040408
0.039794
0.040802
0.038541
0.040098
0.049377
0.062654
0.050205
0.038337
0.038235
0.059249
0.038401
0.038211
0.040558
0.038912
0.045106
0.062467
0.043218
0.031202
0.039892
0.038756
0.041349
0.038951
0.055410
0.059812
0.041652
0.048130
0.048097
0.045377
0.046432
0.044009
0.044340
0.050586
0.048028
0.044357
0.044194
0.047121
0.047012
0.047673
0.031313
0.033625
0.048720
0.044717
0.045787
0.053745
0.048623
0.047905
0.047632
0.045959
0.047776
0.045648
0.049474
0.047119
0.049974
0.045853
0.045742
0.051616
0.049440
0.046067
0.055015
0.047965
0.045529
0.047392
0.048623
0.046512
0.048088
0.046625
0.046009
0.046526
0.046040
0.046212
0.046821
0.048867
0.046016
0.051762
0.046502
0.047530
0.048493
0.045789
0.049443
0.046818
0.048622
0.046871
0.047347
0.046159
0.045680
0.046169
0.051878
0.046584
0.047312
0.049227
0.048429
0.052296
0.047192
0.046482
0.045585
0.048526
0.047400
0.045721
0.045617
0.050166
0.045918
0.051676
0.046072
0.047437
0.048431
0.045749
0.046699
0.049307
0.045903
0.049091
0.047705
0.046654
0.046740
0.046269
0.049818
0.047952
0.049449
0.048814
0.044348
0.054029
0.046005
0.045501
0.071580
0.062834
0.055894
0.049042
0.048224
0.046661
0.046820
0.048097
0.048506
0.049714
0.049317
0.049656
0.047120
0.045462
0.046024
0.047761
0.046175
0.047863
0.043867
0.049142
0.050715
0.051684
0.043799
0.043297
0.044984
0.043443
0.043242
0.044469
0.045446
0.047534
0.057038
0.055729
0.047628
0.050258
0.047469
0.048852
0.049729
0.046985
0.050713
0.047641
0.051939
0.050967
0.048623
0.053934
0.060873
0.050605
0.048795
0.047433
0.058924
0.078860
0.068309
0.040002
0.036024
0.048009
0.048226
0.048973
0.048098
0.058184
0.048234
0.047227
0.070712
0.044587
0.044988
0.048826
0.044738
0.045125
0.043163
0.040298
0.071022
0.058221
0.045618
0.070023
0.047809
0.030773
0.043936
0.049697
0.054992
0.044701
0.058471
0.044311
0.038950
0.038885
0.025767
0.038968
0.041677
0.028956
0.044490
0.044446
0.044105
0.043200
0.047143
0.043604
0.044855
0.042547
0.045302
0.042468
0.044380
0.044006
0.045571
0.044569
0.046167
0.049631
0.038784
0.049299
0.047371
0.052155
0.055836
0.046248
0.047972
0.048722
0.047232
0.048041
0.052780
0.050440
0.050437
0.046810
0.050386
0.046626
0.046399
0.047414
0.047510
0.047842
0.048115
0.049119
0.046747
0.045637
0.046579
0.047695
0.045386
0.048893
0.046176
0.050020
0.050392
0.048754
0.046987
0.042763
0.043608
0.050407
0.045891
0.069042
0.046298
0.056687
0.047783
0.045846
0.045604
0.064907
0.060949
0.048212
0.052354
0.048913
0.051700
0.067707
0.053348
0.048664
0.065111
0.056488
0.048949
0.047162
0.049756
0.047346
0.062359
0.063127
0.048894
0.051077
0.048222
0.046253
0.062520
0.051860
0.045235
0.048109
0.047628
0.035659
0.040869
0.043037
0.042519
0.041484
0.051697
0.044857
0.034388
0.036899
0.031362
0.031140
0.033043
0.035789
0.017012
0.018250
0.018633
0.027221
0.017867
0.040531
0.036083
0.019989
0.018641
0.018031
0.017856
0.019516
0.018626
0.041418
0.021556
0.050894
0.037830
0.034979
0.019462
0.021703
0.045945
0.056063
0.036185
0.028888
0.035357
0.052401
0.017437
0.020840
0.018247
0.018235
0.019558
0.020042
0.023704
0.022894
0.021579
0.051423
0.024366
0.020195
0.029890
0.020270
0.023075
0.038585
0.043846
0.046691
0.029565
0.031004
0.021521
0.024653
0.019988
0.017220
0.035472
0.017705
0.019174
0.025485
0.021330
0.019462
0.019401
0.043154
0.027902
0.032574
0.031853
0.030924
0.032234
0.037712
0.031734
0.040405
0.052183
0.047732
0.034168
0.032757
0.032025
0.043389
0.044869
0.024619
0.028676
0.027689
0.032865
0.031938
0.030486
0.043849
0.052594
0.031894
0.043423
0.044086
0.040695
0.040601
0.051216
0.029077
0.026386
0.044196
0.043348
0.048175
0.035543
0.029018
0.034633
0.042773
0.034817
0.033833
0.035095
0.041278
0.047708
0.045874
0.034262
0.032765
0.039205
0.034200
0.034055
0.036669
0.036374
0.033279
0.048424
0.036699
0.036489
0.038306
0.035999
0.035731
0.036462
0.038547
0.032709
0.025108
0.025579
0.023663
0.033701
0.027202
0.026070
0.024164
0.023656
0.024485
0.024382
0.023980
0.023736
0.025033
0.027801
0.023343
0.023928
0.027629
0.025751
0.023324
0.023583
0.024735
0.021512
0.025562
0.021483
0.021518
0.027439
0.025888
0.028078
0.024358
0.025991
0.024846
0.026191
0.030801
0.030379
0.031865
0.032876
0.034614
0.033539
0.038294
