0.483122
0.053536
0.066663
0.042391
0.049950
0.061266
0.051209
0.042514
0.043932
0.042576
0.042273
0.044021
0.044730
0.045491
0.042600
0.042195
0.042114
0.046624
0.049849
0.045100
0.048805
0.062854
0.045403
0.049605
0.035329
0.041124
0.040202
0.043087
0.047138
0.041056
0.041735
0.043446
0.039383
0.046174
0.038926
0.038941
0.041156
0.040156
0.039021
0.039001
0.046793
0.054796
0.039326
0.039698
0.046379
0.043248
0.044644
0.043186
0.046504
0.043585
0.043316
0.043545
0.043975
0.045287
0.042386
0.046315
0.042471
0.045710
0.043667
0.044665
0.044646
0.042328
0.044681
0.045403
0.045920
0.043968
0.043540
0.043877
0.043775
0.047519
0.045596
0.030497
0.031425
0.030600
0.031719
0.033763
0.030527
0.032825
0.045880
0.030834
0.031016
0.038320
0.028888
0.028030
0.044353
0.041213
0.041110
0.042211
0.042088
0.041140
0.041880
0.041497
0.040971
0.042477
0.042035
0.046850
0.042021
0.040663
0.043537
0.052922
0.041558
0.040788
0.041542
0.041660
0.042137
0.033157
0.036257
0.041322
0.040988
0.040631
0.040554
0.042491
0.043588
0.042799
0.042063
0.040329
0.040144
0.039289
0.041596
0.039913
0.043724
0.041694
0.040072
0.040517
0.043964
0.044034
0.044898
0.035177
0.041656
0.041199
0.045701
0.043932
0.043298
0.043123
0.044074
0.044111
0.054116
0.056460
0.052817
0.044536
0.067482
0.051520
0.045716
0.045289
0.052760
0.045847
0.045793
0.044642
0.044561
0.044060
0.045918
0.048192
0.042991
0.044387
0.045867
0.044912
0.043683
0.059721
0.049659
0.054973
0.044064
0.048346
0.044444
0.044868
0.048569
0.044046
0.049259
0.047925
0.049721
0.045831
0.044718
0.053057
0.062893
0.046500
0.044869
0.047180
0.044694
0.045814
0.044511
0.044211
0.046058
0.044437
0.045689
0.040976
0.048709
0.067768
0.046570
0.047771
0.044297
0.054502
0.053777
0.044629
0.052552
0.070494
0.059023
0.052194
0.066558
0.057885
0.046966
0.046597
0.048280
0.046816
0.046545
0.042492
0.053275
0.043605
0.046607
0.043014
0.044165
0.045736
0.048032
0.044724
0.043632
0.046270
0.046038
0.033414
0.035134
0.034729
0.034856
0.047210
0.042228
0.043613
0.041766
0.037644
0.043034
0.044675
0.047363
0.040387
0.050741
0.044006
0.047554
0.043974
0.046372
0.046549
0.046168
0.048495
0.046350
0.046803
0.046685
0.050601
0.046306
0.046097
0.057220
0.046776
0.048667
0.055113
0.046415
0.046730
0.046659
0.050539
0.047218
0.053137
0.049644
0.050885
0.053993
0.047661
0.046496
0.053981
0.049242
0.047453
0.051402
0.046490
0.046293
0.048655
0.046798
0.046145
0.042624
0.044209
0.051020
0.052689
0.046231
0.044901
0.048506
0.044912
0.043080
0.051865
0.050132
0.043001
0.043720
0.043429
0.043965
0.043443
0.044047
0.046016
0.044205
0.043151
0.044308
0.043952
0.043350
0.043323
0.053956
0.061081
0.046762
0.046975
0.045678
0.046570
0.046349
0.045125
0.043751
0.045366
0.044051
0.048716
0.043694
0.043823
0.048455
0.044052
0.047605
0.043796
0.044203
0.044023
0.047796
0.043675
0.045014
0.045907
0.040452
0.053056
0.046158
0.046718
0.042471
0.043955
0.046352
0.046269
0.051781
0.047557
0.052394
0.046253
0.049323
0.046377
0.048898
0.047539
0.047292
0.048216
0.047074
0.053656
0.046184
0.052810
0.043545
0.050328
0.046558
0.046263
0.047600
0.049956
0.047829
0.047197
0.047902
0.047723
0.046126
0.043989
0.051818
0.047142
0.051140
0.046303
0.048582
0.046759
0.046378
0.046828
0.039640
0.048593
0.045292
0.045961
0.049242
0.046230
0.048635
0.045719
0.046783
0.047614
0.048739
0.047612
0.046829
0.048313
0.047078
0.046124
0.046616
0.045971
0.050091
0.046012
0.046776
0.045977
0.035947
0.036284
0.029893
0.040328
0.026440
0.035420
0.037500
0.053942
0.041496
0.056363
0.046933
0.042927
0.044380
0.043446
0.051629
0.047230
0.051552
0.045795
0.046878
0.047118
0.047189
0.048764
0.046421
0.048031
0.046126
0.034087
0.044986
0.032265
0.048393
0.046439
0.048476
0.046240
0.047914
0.044929
0.047572
0.053348
0.069356
0.041139
0.042896
0.035578
0.035902
0.045334
0.041999
0.037502
0.038339
0.044614
0.039565
0.037510
0.046151
0.039286
0.040998
0.050696
0.036614
0.038881
0.036163
0.029251
0.036897
0.032943
0.030441
0.034172
0.031290
0.032478
0.035470
0.034185
0.036326
0.033527
0.031122
0.030603
0.031635
0.034311
0.043881
0.057578
0.038839
0.044425
0.047572
0.052612
0.044842
0.040063
0.040720
0.041008
0.053917
0.059077
0.049273
0.039197
0.051161
0.050879
0.045874
0.048004
0.051708
0.049782
0.061894
0.048912
0.048469
0.064740
0.059103
0.044761
0.057576
0.048472
0.065689
0.064755
0.032236
0.039365
0.039560
0.035604
0.045093
0.029727
0.033612
0.035286
0.039367
0.042190
0.044169
0.038488
0.035720
0.035604
0.046322
0.032873
0.036473
0.038500
0.035605
0.036747
0.042773
0.039257
0.035927
0.035581
0.031006
0.033990
0.037261
0.034165
0.035416
0.036260
0.034868
0.035656
0.040391
0.032454
0.035151
0.050088
0.048370
0.058463
0.047482
0.048552
0.046755
0.050823
0.046702
0.045464
0.049547
0.052658
0.048218
0.049711
0.050393
0.067769
0.062663
0.050772
0.058190
0.054487
0.052140
0.051907
0.069506
0.045160
0.046550
0.047000
0.030262
0.020906
0.035927
0.036172
0.055207
0.038141
0.052310
0.036588
0.037593
0.054586
0.038201
0.035543
0.056434
0.040610
0.036724
0.034797
0.033204
0.040232
0.040776
0.057195
0.039231
0.046546
0.041745
0.040067
0.056774
0.038454
0.040360
0.043385
0.056190
0.060102
0.042735
0.041054
0.042166
0.041952
0.061622
0.056783
0.041904
0.045205
0.060031
0.057194
0.041872
0.038055
0.045754
0.045650
0.042117
0.047681
0.062012
0.059541
0.059530
0.063623
0.040829
0.042622
0.044767
0.042073
0.031313
0.032330
0.042807
0.042188
0.053754
0.030153
0.040609
0.058005
0.054847
0.038929
0.052757
0.055472
0.039360
0.050084
0.041131
0.043542
0.047716
0.042897
0.031430
0.029287
0.026648
0.028815
0.041487
0.025641
0.043044
0.060373
0.043436
0.044761
0.054651
0.030279
0.045638
0.042691
0.021666
0.030202
0.023840
0.024213
0.023794
0.044964
0.044938
0.042876
0.028132
0.025817
0.026181
0.039329
0.041943
0.027999
0.033058
0.031135
0.028815
0.028071
0.031070
0.042462
0.037984
0.033876
0.030408
0.031356
0.028631
0.033169
0.033497
0.038355
0.031936
0.037402
0.035943
0.039960
0.033851
0.036754
0.037834
0.042175
0.037344
0.034577
0.044883
0.034534
0.037898
0.033491
0.032422
0.028132
0.026348
0.030863
0.028750
0.034182
0.029472
0.029120
0.036284
0.033679
0.020686
0.023176
0.020578
0.044727
0.037261
0.020408
0.021603
0.020506
0.025454
0.021540
0.022017
0.026716
0.023606
0.026493
0.025244
0.024702
0.023579
0.028177
0.022021
0.020450
0.020429
0.019977
0.036600
0.021332
0.020561
0.039875
0.042963
0.044853
0.043964
0.033409
0.026628
0.022502
0.022576
0.027040
0.026541
0.029062
0.030546
0.050405
0.024035
0.027860
0.043370
0.036237
0.024410
0.024255
0.025946
0.029179
0.027881
0.026896
0.028998
0.033362
0.034980
0.032076
0.047770
0.042312
0.045269
0.042553
0.043468
0.051773
0.043588
0.044923
0.046360
0.030105
0.034074
0.034822
0.031131
0.030865
0.034950
0.030866
0.038907
0.050976
0.031316
0.039891
0.030712
0.033638
0.032520
0.032834
0.036144
0.043684
0.036487
0.033368
0.034074
0.035388
0.036386
0.036007
0.045779
0.040312
0.037777
0.038348
0.040551
0.036804
0.030792
0.037033
0.033403
0.050719
0.048617
0.035679
0.036258
0.035996
0.044255
0.037911
0.039934
0.047356
0.041445
0.042426
0.040222
0.041254
0.041099
0.039860
0.044353
0.039936
0.042116
0.040460
0.046670
0.040164
0.040066
0.042420
0.042912
0.039959
0.040788
0.040350
0.044555
0.038081
0.041173
0.040797
0.042342
0.040765
0.047497
0.040455
0.042915
0.042406
0.040260
0.041968
0.040286
0.040751
0.040938
0.040615
0.043862
0.040820
0.041971
0.040034
0.044563
0.042072
0.043057
0.042869
0.045208
0.043585
0.045433
0.044110
0.042890
0.044935
0.045479
0.043957
0.036852
0.038737
0.038516
0.051508
0.036848
0.038143
0.038914
0.047372
0.039692
0.037627
0.044679
0.047473
0.044375
0.048089
0.046031
0.043226
0.055020
0.045604
0.038147
0.035874
0.040763
0.044981
0.039834
0.042169
0.041715
0.043531
0.044149
0.041589
0.040517
0.054063
0.046409
0.049222
0.042796
0.045252
0.056652
0.054812
0.046759
0.046000
0.042093
0.044653
0.047254
0.044384
0.041986
0.047866
0.042117
0.042727
0.045132
0.042661
0.050560
0.045369
0.048444
0.045939
0.049828
0.053170
0.048880
0.056267
0.046201
0.047688
0.050661
0.035735
0.047534
0.037464
0.036978
0.036180
0.036514
0.027438
0.023003
0.021025
0.027902
0.025902
0.029510
0.035591
0.029918
0.031404
0.034015
0.033928
0.045610
0.050570
0.042358
0.041776
0.045992
0.034563
0.032218
0.032023
0.041540
0.040518
0.034216
0.034606
0.048858
0.036914
0.035948
0.033763
0.022878
0.023331
0.019379
0.017785
0.036165
0.034889
0.054625
0.047488
0.049130
0.053555
0.053612
0.052523
0.055009
0.056090
0.052258
0.037266
0.031532
0.031327
0.034688
0.024925
0.025160
0.036032
0.052023
0.040662
0.045038
0.037008
0.040716
0.045090
0.041012
0.048685
0.045835
0.040165
0.042735
0.049940
0.043325
0.043473
0.052861
0.045741
0.046874
0.043246
0.043414
0.046297
0.045958
0.034077
0.036466
0.039105
0.041886
0.043863
0.047780
0.059459
0.043241
0.043256
0.053673
0.038493
0.039249
0.043795
0.041301
0.047058
0.055869
0.043638
0.041150
0.043036
0.046221
0.046576
0.043522
0.044127
0.044210
0.043837
0.044270
0.043380
0.043761
0.045400
0.044227
0.044149
0.043405
0.043732
0.043437
0.045131
0.045075
0.029664
0.032621
0.031677
0.058009
0.045986
0.043869
0.047406
0.044883
0.043226
0.044791
0.043372
0.048262
0.043385
0.043177
0.045780
0.043457
0.044327
0.044223
0.046905
0.044855
0.042966
0.036487
0.039906
0.042867
0.028089
0.033795
0.042962
0.039464
0.037343
0.036436
0.037615
0.038800
0.036399
0.036798
0.041373
0.035319
0.037482
0.036708
0.045314
0.037946
0.037922
0.039639
0.036676
0.036421
0.034284
0.041199
0.036299
0.041564
0.035396
0.039689
0.040116
0.041873
0.041033
0.041640
0.044592
0.045849
0.042102
0.035275
0.042368
0.048693
0.037621
0.039555
0.038877
0.040774
0.037021
0.040298
0.038564
0.039351
0.049722
0.041749
0.039568
0.039928
0.039687
0.044746
0.042350
0.039615
0.033785
0.040534
0.039090
0.038429
0.046160
0.036474
0.038974
0.043468
0.040060
0.026336
0.039767
0.028517
0.034164
0.034878
0.041807
0.027272
0.030869
0.028576
0.031590
0.033856
0.034626
0.035074
0.037323
0.036601
0.035787
0.034954
0.038370
0.040969
0.033486
0.034052
0.038453
0.043005
0.041895
0.039286
0.040828
0.038406
0.038406
0.040565
0.038818
0.051391
0.039781
0.042203
0.037885
0.046494
0.039842
0.037453
0.037946
0.035948
0.036105
0.034969
0.034843
0.041858
0.044734
0.036785
0.037411
0.037519
0.043304
0.043355
0.037946
0.040002
0.046565
0.038917
0.039388
0.043446
0.042321
0.039829
0.041451
0.041745
0.043851
0.040055
0.042115
0.037138
0.037224
0.037334
0.045906
0.040429
0.037316
0.041456
0.037606
0.042018
0.044379
0.042781
0.039907
0.039628
0.042467
0.041202
0.042243
0.039185
0.039417
0.033670
0.039095
0.038582
0.040497
0.039239
0.039563
0.045007
0.043988
0.057338
0.058683
0.038169
0.039018
0.037472
0.040690
0.026362
0.022818
0.027648
0.042817
0.040795
0.041567
0.041665
0.041110
0.030423
0.028287
0.040526
0.049675
0.044632
0.061682
0.070437
0.047479
0.048496
0.047587
0.062240
0.046378
0.041317
0.040384
0.041385
0.036990
0.044835
0.048964
0.047025
0.045966
0.051249
0.030153
0.048005
0.047473
0.051196
0.047105
0.052385
0.039633
0.052110
0.052362
0.049952
0.048109
0.047800
0.047093
0.045714
0.049770
0.046057
0.050368
0.053197
0.048691
0.050974
0.045685
0.044636
0.051679
0.047624
0.051736
0.052290
0.048624
0.047619
0.047981
0.049990
0.045993
0.040386
0.042526
0.045051
0.046628
0.060977
0.046308
0.047383
0.049313
0.045246
0.048473
0.045285
0.047252
0.049193
0.047605
0.046934
0.044092
0.043728
0.048443
0.050708
0.054349
0.046686
0.044866
0.044065
0.038369
0.046450
0.053126
0.043599
0.047605
0.043776
0.045223
0.047919
0.044426
0.046178
0.046764
0.053586
0.052907
0.051472
0.045429
0.045388
0.032795
0.037522
0.041477
0.032053
0.032327
0.047365
0.031946
0.048071
0.039276
0.035946
0.035295
0.035314
0.031298
0.050863
0.032590
0.032558
0.046920
0.031253
0.034736
0.042567
0.044147
0.047049
0.045693
0.049471
0.047358
0.040654
0.035836
0.034732
0.052034
0.066980
0.047338
0.045232
0.044133
0.047935
0.044526
0.047223
0.044982
0.044030
0.047276
0.040483
0.047169
0.046549
0.049156
0.047344
0.058452
0.045914
0.048772
0.046965
0.048050
0.048342
0.050416
0.055738
0.047505
0.048496
0.047359
0.046497
0.041377
0.040465
0.037616
0.055590
0.053539
0.047469
0.046301
0.048756
0.043818
0.045483
0.045689
0.047299
0.047076
0.043728
0.051401
0.044104
0.049360
0.048815
0.049498
0.045314
0.062961
0.067477
0.047155
0.047944
0.049979
0.050560
0.052648
0.047989
0.048330
0.036818
0.034244
0.043488
0.047252
0.049402
0.046924
0.045342
0.045754
0.047658
0.045037
0.048917
0.045974
0.044304
0.046922
0.044489
0.045412
0.046704
0.044069
0.046501
0.044399
0.048458
0.044863
0.045768
0.054683
0.051822
0.046592
0.048640
0.045187
0.046241
0.046972
0.045459
0.055145
0.044090
0.046490
0.051366
0.039331
0.043370
0.042971
0.050015
0.047099
0.050586
0.040879
0.043334
0.036381
0.028327
0.028905
0.039490
0.038355
0.031732
0.023304
0.022696
0.031135
0.027170
0.025578
0.025153
0.027249
0.025577
0.026072
0.029083
0.034679
0.026838
0.030396
0.030646
0.026479
0.026415
0.027347
0.022527
0.020211
0.030471
0.023337
0.023134
0.023108
0.027642
0.026108
0.026829
0.031292
0.028563
0.032081
0.025090
0.027528
0.024841
0.023897
0.035882
0.031755
0.025175
0.042048
0.030413
0.029400
0.028481
0.025146
0.027560
0.026090
0.028403
0.052516
0.026537
0.039020
0.022525
0.025759
0.035655
0.027539
0.029391
0.026296
0.024557
0.024435
0.024599
0.027198
0.025290
0.053908
0.035450
0.027878
0.030286
0.027282
0.027674
0.028365
0.028214
0.028630
0.035724
0.043703
0.027439
0.031147
0.024318
0.025174
0.040012
0.039946
0.047985
0.040488
0.041565
0.041175
0.037245
0.047259
0.041895
0.047030
0.041523
0.037034
0.040004
0.034333
0.041747
0.035467
0.040708
0.051924
0.055029
0.040240
0.036364
0.036949
0.036109
0.038981
0.042099
0.042562
0.031078
0.026097
0.036223
0.036531
0.046201
0.046493
0.048224
0.041271
0.035059
0.033026
0.037824
0.032801
0.034732
0.032520
0.036466
0.035389
0.032969
0.032430
0.032429
0.037364
0.033000
0.032534
0.038952
0.035160
0.034920
0.037124
0.038123
0.037082
0.036027
0.034510
0.038399
0.035083
0.035873
0.037552
0.034572
0.037347
0.034654
0.041952
0.035646
0.036642
0.042969
0.051705
0.040350
0.038154
0.043224
0.045785
0.045735
0.047108
0.042546
0.034929
0.038913
0.041409
0.039221
0.039406
0.038259
0.037584
0.043587
0.038063
0.053076
0.038849
0.041427
0.037914
0.043338
0.039939
0.039912
0.039000
0.040935
0.040382
0.055076
0.038474
0.042988
0.044573
0.040327
0.041546
0.041909
0.037897
0.039050
0.037859
0.040254
0.038214
0.038336
0.038094
0.039713
0.038761
0.040054
0.043054
0.051309
0.058894
0.048171
0.055714
0.043694
0.048302
0.055413
0.042723
0.041947
0.060248
0.056659
0.046491
0.050324
0.048769
0.042485
0.041859
0.070693
0.041842
0.047330
0.042023
0.049147
0.042570
0.042966
0.049246
0.032316
0.036991
0.031656
0.033584
0.032331
0.037879
0.039158
0.036388
0.037769
0.034698
0.033952
0.038070
0.036891
0.037274
0.042029
0.040029
0.042854
0.040162
0.039090
0.046986
0.038480
0.039622
0.037323
0.040051
0.036661
0.036200
0.043561
0.038379
0.038075
0.048497
0.039869
0.040548
0.039838
0.037864
0.038804
0.038570
0.036810
0.039585
0.041138
0.041489
0.038758
0.040990
0.041048
0.047841
0.040426
0.040435
0.043085
0.041113
0.041358
0.039187
0.039556
0.048838
0.041274
0.042326
0.044423
0.061514
0.059873
0.066247
0.044749
0.030542
0.025642
0.025527
0.025595
0.025797
0.029449
0.026171
0.028413
0.031263
0.026190
0.027826
0.029020
0.028917
0.027311
0.029733
0.033751
0.034409
0.027396
0.027307
0.034696
0.028793
0.027251
0.034997
0.028251
0.027328
0.027558
0.027331
0.029164
0.024869
0.029554
0.028156
0.028000
0.028035
0.037279
0.028872
0.028985
0.027814
0.032843
0.030053
0.028531
0.029898
0.030407
0.027898
0.029951
0.029985
0.028131
0.035226
0.032292
0.030988
0.028365
0.028574
0.030029
0.030185
0.030814
0.036692
0.036382
0.034440
0.038793
0.036323
0.036316
0.035161
0.035675
0.036796
0.035217
0.038052
0.035696
0.034006
0.037400
0.042571
0.037584
0.040659
0.037089
0.039123
0.038732
0.037344
0.035841
0.039083
0.040285
0.038531
0.038197
0.040751
0.038180
0.038225
0.040116
0.039460
0.038290
0.039169
0.039944
0.039107
0.038810
0.043919
0.042761
0.042206
0.045851
0.053367
0.035753
0.031010
0.025472
0.024236
0.022766
0.027369
0.025842
0.031453
0.024381
0.035732
0.025832
0.039518
0.042861
0.040775
0.051614
0.035524
0.032229
0.035361
0.032934
0.038726
0.037027
0.035546
0.034687
0.036392
0.039766
0.036041
0.034029
0.035502
0.036872
0.027145
0.041259
0.042299
0.038577
0.041024
0.043725
0.040500
0.022302
0.027267
0.024621
0.026504
0.030376
0.038309
0.024093
0.033103
0.032274
0.026992
0.026720
0.023879
0.023537
0.037545
0.035295
0.021181
0.030592
0.022208
0.029902
0.023574
0.025347
0.023484
0.023868
0.043602
0.034775
0.027612
0.031225
0.026118
0.026275
0.032401
0.030578
0.029641
0.033456
0.036849
0.034586
0.030746
0.033510
0.028479
0.034105
0.033576
0.028183
0.033293
0.028344
0.028767
0.027971
0.035204
0.035568
0.028436
0.028093
0.027622
0.027674
0.028807
0.020955
0.022436
0.022650
0.021896
0.027017
0.023761
0.024685
0.026276
0.022837
0.025382
0.024351
0.023395
0.031580
0.025260
0.023982
0.026340
0.023324
0.025681
0.023273
0.025214
0.025156
0.024256
0.023777
0.030131
0.025374
0.030242
0.031727
0.034824
0.030342
0.035553
0.037862
0.033089
0.033777
0.033673
0.033026
0.032029
0.032392
0.032705
0.033745
0.032659
0.032997
0.034221
0.029341
0.030840
0.028945
0.027976
0.029729
0.028443
0.029052
0.033306
0.030804
0.032081
0.032415
0.033182
0.034396
0.035597
0.040118
0.040999
0.040284
0.030618
0.030287
0.036612
0.035445
0.037385
0.034223
0.037138
0.039287
0.041507
0.040641
0.045614
0.041530
0.039773
0.032258
0.030839
0.029945
0.033477
0.035482
0.034778
0.034006
0.033043
0.039444
0.034894
0.035976
0.035408
0.036911
0.037730
0.035049
0.040566
0.053303
0.037156
0.037796
0.035433
0.035264
0.037215
0.040097
0.038081
0.037493
0.036759
0.037660
0.041597
0.045827
0.040781
0.038459
0.039505
0.037908
0.044844
0.038758
0.047318
0.040367
0.041813
0.042466
0.041166
0.041871
0.038824
0.038744
0.044903
0.040600
0.040315
0.045093
0.041589
0.045105
0.042582
0.042979
0.046113
0.044288
0.046348
0.042301
0.049909
0.042765
0.048018
0.049885
0.047749
0.044626
0.044333
0.047078
0.046762
0.044712
0.045910
0.046150
0.046078
0.047401
0.047825
0.045303
0.050351
0.044097
0.042038
0.035037
0.038499
0.038517
0.035554
0.034843
0.036551
0.036565
0.037762
0.037074
0.034763
0.043733
0.035650
0.035254
0.036174
0.039174
0.040746
0.043272
0.046510
0.050774
0.046813
0.044226
0.045902
0.047548
0.045287
0.045107
0.044636
0.047319
0.047068
0.047027
0.046417
0.046478
0.044674
0.045248
0.052240
0.044864
0.037344
0.039353
0.039874
0.040745
0.039426
0.040499
0.043279
0.042468
0.047049
0.041821
0.041318
0.047455
0.035700
0.036100
0.043636
0.036055
0.038467
0.037718
0.037179
0.025669
0.038709
0.037468
0.038997
0.042311
0.039064
0.038926
0.053102
0.041485
0.038685
0.045356
0.040372
0.042837
0.058215
0.060840
0.041892
0.038678
0.040362
0.055155
0.040893
0.047380
0.040253
0.045741
0.043031
0.045426
0.043133
0.042207
0.046148
0.043513
0.049582
0.044497
0.042871
0.042606
0.043756
0.043041
0.042713
0.045169
0.046633
0.058925
0.043450
0.042927
0.049873
0.043425
0.045537
0.045465
0.048235
0.045451
0.044134
0.048555
0.044530
0.044723
0.048096
0.044554
0.044279
0.043399
0.042215
0.039557
0.045463
0.043511
0.046103
0.044535
0.045306
0.044504
0.042610
0.044761
0.044446
0.037851
0.052564
0.045651
0.040273
0.030244
0.035910
0.042323
0.038043
0.040423
0.046461
0.042060
0.041219
0.040696
0.045823
0.044871
0.031055
0.039811
0.050295
0.047978
0.048403
0.042286
0.042949
0.048795
0.044698
0.045734
0.047119
0.047498
0.047397
0.047112
0.046730
0.048054
0.046485
0.046902
0.047842
0.051131
0.046822
0.031419
0.050697
0.038490
0.041550
0.040802
0.041681
0.043358
0.045604
0.042956
0.042436
0.048860
0.049963
0.047928
0.053812
0.046052
0.045882
0.046355
0.036903
0.048114
0.042654
0.041973
0.037990
0.046291
0.050412
0.060590
0.068651
0.062333
0.061588
0.069638
0.066505
0.044362
0.044791
0.047879
0.046680
0.047017
0.046647
0.048371
0.046193
0.049411
0.047152
0.047804
0.045811
0.046779
0.052867
0.047266
0.048579
0.047358
0.048017
0.047104
0.047375
0.048840
0.058342
0.046891
0.046231
0.047947
0.046703
0.048161
0.050210
0.047162
0.046285
0.031109
0.046861
0.049588
0.046557
0.045913
0.046991
0.047174
0.046121
0.045861
0.046953
0.046785
0.046272
0.046441
0.051992
0.046021
0.046214
0.040464
0.041958
0.047119
0.046887
0.048921
0.049750
0.050704
0.046943
0.048332
0.046039
0.052229
0.060783
0.054029
0.049629
0.048719
0.054331
0.051078
0.049578
0.054325
0.062961
0.048286
0.048472
0.049466
0.049965
0.048662
0.048570
0.047843
0.059209
0.046947
0.048265
0.048333
0.046807
0.056800
0.046200
0.053186
0.046285
0.049147
0.046833
0.046484
0.058030
0.034583
0.052437
0.057463
0.050990
0.050310
0.048143
0.049009
0.046307
0.050865
0.046315
0.048041
0.048817
0.048941
0.046633
0.053100
0.046420
0.053214
0.046307
0.047913
0.043694
0.050997
0.048625
0.053086
0.045011
0.050303
0.061902
0.074770
0.046316
0.050970
0.058742
0.060036
0.070698
0.061341
0.047178
0.046350
0.062070
0.041853
0.037903
0.046757
0.045686
0.046335
0.045664
0.044491
0.045468
0.039784
0.049265
0.045515
0.049028
0.057330
0.070595
0.047850
0.046880
0.049317
0.046159
0.047058
0.049417
0.047823
0.058221
0.046090
0.052771
0.059135
0.069807
0.046052
0.049018
0.046391
0.055707
0.046246
0.047246
0.049786
0.046924
0.049703
0.050504
0.053708
0.055830
0.046184
0.051991
0.046723
0.049207
0.046661
0.055430
0.052305
0.065569
0.054020
0.047673
0.046461
0.061261
0.046552
0.064163
0.061392
0.057126
0.056260
0.055150
0.046901
0.046470
0.047777
0.046645
0.049356
0.046282
0.048829
0.048570
0.046463
0.048625
0.046762
0.047284
0.050122
0.056652
0.050331
0.041881
0.046799
0.046308
0.049549
0.047798
0.046172
0.051886
0.047148
0.049386
0.047005
0.051955
0.047349
0.049363
0.049955
0.048658
0.049984
0.048465
0.048372
0.046574
0.048172
0.049166
0.046380
0.051452
0.046872
0.047602
0.048960
0.050665
0.046637
0.046741
0.046602
0.053743
0.039912
0.052809
0.047346
0.046479
0.047741
0.050312
0.047072
0.049067
0.034892
0.036274
0.040471
0.047431
0.044800
0.034819
0.030451
0.031151
0.030718
0.032200
0.036056
0.035547
0.040908
0.037918
0.038459
0.041782
0.040116
0.041688
0.038308
0.038642
0.039056
0.042652
0.039082
0.038924
0.041366
0.039018
0.040413
0.039077
0.041943
0.039336
0.038199
0.037782
0.037448
0.038290
0.040079
0.038367
0.043126
0.040266
0.034711
0.040766
0.044229
0.040957
0.038043
0.046144
0.041375
0.045762
0.058424
0.046028
0.041348
0.039397
0.036205
0.039135
0.042246
0.040281
0.041013
0.056994
0.050622
0.046068
0.042444
0.044235
0.044706
0.046974
0.045951
0.044139
0.049041
0.045939
0.049471
0.044566
0.050790
0.044516
0.051105
0.044155
0.049977
0.048332
0.048786
0.046211
0.047596
0.047392
0.050783
0.047862
0.052883
0.047554
0.046681
0.046325
0.046999
0.047351
0.046667
0.048309
0.048050
0.050596
0.049873
0.046236
0.049370
0.046757
0.048170
0.048506
0.046427
0.047341
0.046169
0.046767
0.042886
0.047565
0.052271
0.046146
0.046250
0.056875
0.049379
0.051512
0.046699
0.050159
0.047144
0.049857
0.048164
0.047623
0.052481
0.052914
0.046454
0.047832
0.048977
0.046136
0.045202
0.046600
0.044824
0.045568
0.044847
0.045151
0.044142
0.069002
0.051512
0.050975
0.041984
0.043810
0.041421
0.044156
0.041561
0.047388
0.044077
0.049202
0.050618
0.056090
0.054277
0.065584
0.052187
0.044161
0.042425
0.041306
0.043501
0.042303
0.041413
0.042345
0.041414
0.043691
0.042288
0.043895
0.042351
0.042886
0.042292
0.048584
0.041751
0.041569
0.041324
0.043826
0.041426
0.039218
0.035548
0.041878
0.039370
0.036692
0.046566
0.038919
0.041061
0.040764
0.038899
0.045524
0.039199
0.039293
0.041058
0.039456
0.044269
0.058965
0.049402
0.046564
0.046521
0.054717
0.048201
0.052940
0.049505
0.059708
0.049979
0.042236
0.042321
0.053169
0.051675
0.043072
0.044016
0.047803
0.043727
0.047107
0.042208
0.051433
0.043959
0.046323
0.044251
0.042738
0.045079
0.045909
0.046134
0.041910
0.045776
0.042602
0.043809
0.043926
0.062346
0.051785
0.047296
0.057577
0.050411
0.052291
0.043047
0.044495
0.044929
0.042015
0.047385
0.044219
0.046074
0.044300
0.044836
0.046466
0.049354
0.045621
0.053744
0.046832
0.051013
0.046603
0.049289
0.045993
0.045975
0.047497
0.044002
0.051355
0.052795
0.050515
0.049216
0.055551
0.045092
0.044096
0.055204
0.045546
0.052247
0.054870
0.046502
0.048834
0.044495
0.039272
0.036079
0.044244
0.045231
0.047479
0.049852
0.046531
0.046951
0.055926
0.044771
0.041261
0.043929
0.044325
0.048944
0.046875
0.042068
0.044200
0.045848
0.048917
0.047323
0.046849
0.047365
0.047745
0.046708
0.047682
0.047493
0.051209
0.046602
0.044061
0.048043
0.048212
0.046765
0.047181
0.046240
0.052207
0.046545
0.052850
0.046156
0.047950
0.050950
0.051014
0.047276
0.049932
0.048491
0.047786
0.048057
0.048354
0.046358
0.047938
0.048026
0.049107
0.051254
0.047212
0.047656
0.046144
0.024832
0.046796
0.044655
0.048515
0.045355
0.052579
0.056902
0.047283
0.048755
0.050346
0.046615
0.049520
0.046669
0.049585
0.051129
0.058816
0.048538
0.048058
0.053577
0.048045
0.050750
0.047259
0.048584
0.046640
0.047385
0.050325
0.049626
0.050373
0.048302
0.047203
0.048475
0.050652
0.054832
0.048612
0.046449
0.046624
0.049747
0.047587
0.046400
0.049711
0.058598
0.047614
0.049958
0.046937
0.050994
0.048208
0.055539
0.048851
0.050292
0.047844
0.049409
0.042114
0.043379
0.043064
0.046220
0.047920
0.044518
0.044567
0.047297
0.045213
0.045787
0.044275
0.056572
0.045607
0.030787
0.046873
0.044201
0.042125
0.029850
0.043343
0.049759
0.043361
0.048309
0.048912
0.043702
0.043834
0.045643
0.046178
0.043608
0.044336
0.043196
0.046286
0.054399
0.045997
0.046769
0.044556
0.043213
0.047522
0.044955
0.042792
0.044275
0.043193
0.046042
0.046535
0.047730
0.042970
0.045793
0.045857
0.044057
0.049388
0.045740
0.054300
0.046634
0.042676
0.044816
0.043298
0.044295
0.046265
0.048537
0.044351
0.046174
0.043008
0.038426
0.047652
0.043281
0.033857
0.050233
0.055737
0.032151
0.039902
0.043674
0.038387
0.036031
0.034791
0.033370
0.032115
0.033944
0.052395
0.060058
0.046643
0.039116
0.052104
0.050500
0.036285
0.036029
0.037201
0.036176
0.035885
0.035554
0.036561
0.038296
0.035297
0.038773
0.035576
0.041613
0.038902
0.035473
0.036844
0.046377
0.038091
0.038188
0.042118
0.038585
0.044947
0.034609
0.034755
0.034965
0.036902
0.037522
0.038832
0.025703
0.031836
0.036592
0.035831
0.034058
0.031125
0.034091
0.039463
0.037586
0.037918
0.036053
0.035558
0.045267
0.039579
0.050210
0.038720
0.041556
0.038108
0.029018
0.052311
0.038850
0.037678
0.036844
0.031363
0.036721
0.040461
0.035070
0.034720
0.036938
0.036035
0.039726
0.042691
0.039759
0.039573
0.034720
0.024164
0.020839
0.027838
0.026929
0.027426
0.029061
0.038046
0.037689
0.039632
0.042903
0.035388
0.038165
0.033536
0.030395
0.031829
0.022376
0.038192
0.037493
0.036076
0.046447
0.030211
0.028620
0.041156
0.041571
0.060909
0.044761
0.050262
0.042620
0.045639
0.033340
0.037567
0.036351
0.032651
0.040416
0.048784
0.037984
0.034101
0.046122
0.041773
0.046015
0.038063
0.039867
0.045556
0.045900
0.058645
0.044312
0.044223
0.046134
0.041130
0.045278
0.041661
0.041102
0.048017
0.044355
0.046605
0.041313
0.041339
0.042292
0.043386
0.057033
0.061032
0.056007
0.041800
0.049901
0.036174
0.042033
0.042952
0.042711
0.042283
0.057101
0.041963
0.042268
0.041290
0.042684
0.037874
0.043141
0.040740
0.042155
0.041403
0.045753
0.040610
0.044487
0.044474
0.035414
0.043306
0.040168
0.044371
0.040063
0.042537
0.041164
0.040380
0.040271
0.040455
0.039142
0.042279
0.044565
0.051704
0.044136
0.042231
0.043912
0.046694
0.049995
0.044354
0.048366
0.038003
0.049486
0.044543
0.043805
0.054827
0.047270
0.048457
0.059194
0.044963
0.040682
0.045230
0.042045
0.047923
0.042360
0.041323
0.047741
0.043126
0.045476
0.044270
0.046991
0.042622
0.041112
0.044042
0.042354
0.057734
0.057783
0.047515
0.044403
0.046648
0.047300
0.033491
0.040451
0.041493
0.043588
0.042094
0.039037
0.040122
0.047339
0.042374
0.050055
0.045945
0.042898
0.050425
0.054951
0.048981
0.049245
0.049532
0.049562
0.046191
0.044699
0.051560
0.050607
0.045175
0.053614
0.048300
0.052243
0.046815
0.046846
0.046608
0.051524
0.045899
0.047102
0.047578
0.047929
0.047318
0.047681
0.048630
0.047163
0.046374
0.046498
0.051932
0.046812
0.047300
0.046240
0.057291
0.049723
0.046465
0.046114
0.045714
0.052964
0.045719
0.045675
0.048888
0.043993
0.044799
0.049598
0.044219
0.043044
0.042661
0.048172
0.065147
0.046106
0.050636
0.063684
0.050936
0.046564
0.062096
0.052418
0.061712
0.047241
0.063725
0.065024
0.055032
0.046065
0.046758
0.068929
0.047409
0.065348
0.047387
0.063050
0.046328
0.051167
0.050238
0.046225
0.050379
0.032549
0.036659
0.031897
0.031819
0.039429
0.046700
0.046947
0.052087
0.047112
0.051709
0.046328
0.048218
0.051450
0.048089
0.050596
0.046369
0.045958
0.046753
0.048315
0.047024
0.046935
0.050356
0.047849
0.047804
0.047957
0.046728
0.047210
0.046685
0.049874
0.050673
0.047287
0.047374
0.047738
0.047588
0.052095
0.047129
0.046594
0.049218
0.048795
0.047670
0.052504
0.046972
0.046879
0.046719
0.041495
0.043478
0.045000
0.051163
0.044836
0.041851
0.040946
0.040738
0.048047
0.042702
0.042998
0.040979
0.046998
0.047233
0.042294
0.041511
0.047811
0.046960
0.045955
0.046033
0.044285
0.046602
0.048917
0.048758
0.046819
0.047012
0.047315
0.046565
0.046639
0.050289
0.051573
0.048051
0.047498
0.047280
0.047518
0.050792
0.049407
0.047273
0.049802
0.052305
0.046322
0.048769
0.045947
0.047861
0.050216
0.046881
0.047188
0.044816
0.048532
0.048521
0.046105
0.050306
0.046161
0.048696
0.046418
0.049477
0.047060
0.046118
0.053146
0.047070
0.053602
0.047786
0.046473
0.048281
0.048637
0.043702
0.045837
0.043731
0.044618
0.040954
0.058380
0.040741
0.045027
0.041183
0.041128
0.042064
0.041120
0.041535
0.043247
0.041889
0.042610
0.043344
0.043663
0.043880
0.050168
0.047390
0.050347
0.055746
0.049402
0.051821
0.048623
0.048457
0.050813
0.050216
0.046036
0.052122
0.049658
0.051166
0.048434
0.047537
0.048226
0.046809
0.052255
0.047517
0.050536
0.049222
0.049501
0.049096
0.047893
0.047181
0.048193
0.050549
0.047726
0.052006
0.047270
0.046108
0.050199
0.048844
0.048746
0.048010
0.046348
0.048575
0.047997
0.053121
0.053087
0.047934
0.042033
0.041866
0.042295
0.044943
0.045483
0.048196
0.038018
0.046125
0.045969
0.051376
0.047864
0.049970
0.048724
0.051544
0.046395
0.049358
0.041482
0.041156
0.045922
0.041202
0.040034
0.051709
0.046911
0.049600
0.048903
0.047535
0.047258
0.053731
0.059487
0.060952
0.050967
0.059455
0.064008
0.054540
0.046460
0.064896
0.056707
0.050247
0.051873
0.047025
0.047701
0.058213
0.046311
0.047034
0.046618
0.049393
0.048441
0.047095
0.047106
0.047516
0.046891
0.048722
0.048543
0.046181
0.048747
0.049320
0.046243
0.048530
0.046229
0.046483
0.046309
0.049932
0.050194
0.050076
0.049760
0.046319
0.048444
0.046493
0.048307
0.048454
0.051775
0.046090
0.050714
0.049827
0.047873
0.051875
0.046429
0.053720
0.046969
0.049430
0.047010
0.046252
0.046881
0.048470
0.051103
0.047542
0.070124
0.065413
0.047971
0.048743
0.063390
0.045090
0.049869
0.060963
0.047092
0.048715
0.049950
0.050610
0.046199
0.047584
0.047078
0.047678
0.039505
0.044372
0.050707
0.048349
0.046661
0.046835
0.046676
0.046948
0.048281
0.045915
0.048804
0.046023
0.060631
0.046713
0.049270
0.047632
0.057290
0.048668
0.049381
0.047917
0.047669
0.046586
0.047353
0.049726
0.046883
0.046184
0.049120
0.048208
0.045945
0.045574
0.047446
0.046570
0.048811
0.046086
0.048427
0.036477
0.048770
0.044156
0.046802
0.046555
0.047677
0.045998
0.049992
0.047295
0.047705
0.036279
0.039865
0.048623
0.048507
0.047598
0.047153
0.046429
0.042200
0.045169
0.045104
0.052106
0.049060
0.047038
0.043470
0.047866
0.045726
0.051634
0.046147
0.048283
0.046556
0.053300
0.049574
0.045898
0.048595
0.046244
0.065870
0.047721
0.048090
0.052518
0.051738
0.047263
0.045987
0.054110
0.049419
0.049585
0.048302
0.049251
0.046175
0.062465
0.052747
0.046319
0.052492
0.047996
0.046540
0.050191
0.046488
0.046355
0.047081
0.046138
0.050120
0.046491
0.049922
0.047390
0.048480
0.049560
0.048341
0.047226
0.046752
0.048829
0.042762
0.049065
0.049099
0.034792
0.041673
0.035863
0.042584
0.048181
0.046706
0.043865
0.033983
0.038558
0.047541
0.048851
0.050285
0.045931
0.049766
0.046737
0.050405
0.041295
0.040850
0.046588
0.047912
0.047325
0.047381
0.049675
0.054346
0.047725
0.053554
0.046455
0.049327
0.044229
0.047610
0.044497
0.048871
0.046117
0.062723
0.039075
0.057175
0.050891
0.047283
0.050838
0.049735
0.046174
0.048560
0.046111
0.046763
0.054963
0.048360
0.047493
0.046268
0.046000
0.049346
0.036719
0.041312
0.040555
0.081603
0.039622
0.046214
0.049296
0.052470
0.046054
0.048672
0.046028
0.048871
0.046396
0.046949
0.050944
0.047251
0.045986
0.046986
0.048270
0.051837
0.049237
0.047320
0.046682
0.046973
0.049465
0.055583
0.048883
0.048769
0.053447
0.044209
0.046949
0.046029
0.057138
0.055411
0.049531
0.052022
0.046758
0.055627
0.041115
0.041258
0.063648
0.046692
0.053283
0.046662
0.051057
0.049800
0.033363
0.038082
0.043320
0.041372
0.047302
0.048619
0.051404
0.046074
0.052140
0.048402
0.052242
0.046886
0.046807
0.049583
0.047249
0.053236
0.047386
0.047394
0.047531
0.046714
0.047125
0.049003
0.061234
0.056637
0.047249
0.046556
0.048861
0.048706
0.045963
0.049067
0.046504
0.059414
0.047849
0.046686
0.050447
0.048039
0.052020
0.051020
0.047717
0.047337
0.048576
0.047327
0.048210
0.048891
0.053144
0.047802
0.052897
0.051585
0.049216
0.046417
0.046344
0.047577
0.049653
0.056758
0.048685
0.046879
0.046866
0.046747
0.047359
0.046137
0.059961
0.039035
0.047682
0.046649
0.048014
0.045805
0.049883
0.046726
0.041263
0.044100
0.043738
0.050283
0.044209
0.045442
0.048713
0.046132
0.051490
0.046061
0.053706
0.047302
0.050131
0.046291
0.048329
0.049351
0.046151
0.056860
0.050155
0.049934
0.060652
0.057611
0.049596
0.049151
0.047580
0.045862
0.048111
0.067595
0.053508
0.056349
0.041454
0.045459
0.043759
0.040282
0.042317
0.041331
0.045990
0.042881
0.048894
0.041921
0.046748
0.046053
0.050703
0.047168
0.052031
0.045975
0.046061
0.046651
0.031819
0.032203
0.051235
0.031622
0.047730
0.045665
0.048693
0.045870
0.046336
0.046788
0.046793
0.046508
0.047935
0.046775
0.048257
0.047298
0.045943
0.047881
0.047653
0.047216
0.048060
0.051131
0.050256
0.047085
0.046308
0.050421
0.049854
0.045907
0.046246
0.049042
0.046199
0.046714
0.046375
0.048232
0.051085
0.047894
0.049908
0.046467
0.047002
0.046154
0.054166
0.037749
0.039242
0.044400
0.046367
0.046377
0.049013
0.045970
0.051422
0.043505
0.046010
0.046271
0.029948
0.039254
0.037159
0.040078
0.045706
0.042969
0.045027
0.042875
0.045478
0.060775
0.046255
0.048911
0.042862
0.045654
0.045402
0.042761
0.047405
0.043188
0.041756
0.040646
0.042483
0.043159
0.044008
0.042740
0.043299
0.043197
0.045305
0.044096
0.051074
0.043787
0.050744
0.044326
0.049751
0.044521
0.046397
0.050453
0.046836
0.048194
0.047773
0.046083
0.051192
0.046607
0.052875
0.046147
0.046731
0.048487
0.046045
0.046252
0.049318
0.046509
0.050557
0.034026
0.049969
0.043903
0.048437
0.040801
0.039339
0.043230
0.043134
0.043919
0.044959
0.042802
0.047642
0.046104
0.048706
0.046243
0.046630
0.049532
0.048177
0.046449
0.046848
0.046375
0.051491
0.047582
0.046121
0.046895
0.053547
0.052581
0.048760
0.048673
0.046094
0.053905
0.046624
0.046647
0.048190
0.046786
0.048569
0.047329
0.061601
0.045919
0.045715
0.053638
0.046891
0.055433
0.045962
0.049116
0.046863
0.046762
0.046953
0.046351
0.045870
0.049778
0.046997
0.050174
0.046947
0.045890
0.046659
0.047814
0.046418
0.052754
0.042174
0.052639
0.043602
0.045910
0.044781
0.043500
0.053344
0.043781
0.044230
0.044945
0.043799
0.047073
0.043521
0.044377
0.043869
0.045615
0.045908
0.044933
0.045576
0.045908
0.050763
0.043960
0.043030
0.044624
0.043831
0.044531
0.047505
0.043465
0.044950
0.048205
0.047083
0.043156
0.048558
0.043995
0.052366
0.047989
0.046713
0.046402
0.045833
0.043229
0.043263
0.044446
0.045002
0.047019
0.043129
0.037295
0.045180
0.042227
0.045978
0.042807
0.042023
0.051771
0.045906
0.044226
0.043109
0.045797
0.043501
0.053788
0.048069
0.052411
0.046088
0.051800
0.046519
0.047657
0.046587
0.057903
0.053532
0.045882
0.048085
0.049682
0.047441
0.049641
0.047850
0.047725
0.051696
0.059014
0.051613
0.047504
0.051368
0.057247
0.046566
0.046667
0.046429
0.049412
0.047933
0.049579
0.050447
0.048592
0.048170
0.048612
0.047865
0.047076
0.046057
0.047104
0.048528
0.048113
0.047345
0.049168
0.045963
0.049926
0.046874
0.046389
0.046047
0.046326
0.045900
0.044055
0.047728
0.047019
0.058784
0.058229
0.057903
0.033433
0.062165
0.042404
0.048448
0.064565
0.057129
0.049572
0.046580
0.045610
0.048193
0.046193
0.045695
0.048821
0.041979
0.044335
0.037072
0.044604
0.042563
0.044047
0.048143
0.046129
0.043972
0.044924
0.044424
0.045503
0.045267
0.043789
0.050875
0.044457
0.031916
0.038697
0.041417
0.040595
0.037747
0.040245
0.039818
0.042826
0.042569
0.043269
0.046403
0.049628
0.046567
0.046438
0.046464
0.048056
0.045628
0.046877
0.038848
0.043205
0.041425
0.041572
0.040946
0.044788
0.032855
0.039935
0.044403
0.040386
0.041286
0.050764
0.047674
0.047975
0.045048
0.048721
0.046238
0.045652
0.030326
0.032546
0.033240
0.032072
0.036077
0.033117
0.038140
0.032130
0.029825
0.035681
0.034546
0.027687
0.028380
0.036603
0.027049
0.027826
0.026680
0.029552
0.041264
0.067470
0.055095
0.046728
0.051173
0.069949
0.031005
0.035357
0.051745
0.055873
0.034905
0.067355
0.038244
0.065532
0.043293
0.065942
0.042410
0.048362
0.049375
0.039917
0.040637
0.042685
0.045668
0.045337
0.042608
0.042179
0.047267
0.041711
0.043007
0.044481
0.032267
0.029099
0.024406
0.027377
0.027131
0.029107
0.033836
0.026688
0.027859
0.024762
0.029282
0.037799
0.039316
0.036452
0.035741
0.050812
0.022796
0.030161
0.029529
0.024270
0.025651
0.027560
0.025996
0.028319
0.023595
0.024921
0.025374
0.023685
0.024676
0.027082
0.023941
0.030139
0.025084
0.023728
0.027394
0.022594
0.017164
0.015404
0.025133
0.035790
0.025930
0.033181
0.046669
0.032094
0.048819
0.030730
0.034265
0.032580
0.031909
0.048523
0.045862
0.031090
0.030322
0.036571
0.037102
0.044930
0.021275
0.036494
0.023719
0.015744
0.014911
0.033238
0.023823
0.057495
0.042722
0.048003
0.035185
0.032801
0.028169
0.029277
0.027833
0.042603
0.049009
0.031285
0.044659
0.041550
0.041224
0.031610
0.049777
0.044573
0.030167
0.042761
0.037783
0.047751
0.044926
0.022958
0.027502
0.029236
0.048101
0.054487
0.041401
0.046928
0.030570
0.026546
0.029281
0.025665
0.031623
0.033638
0.034273
0.029939
0.031001
0.029301
0.030826
0.030278
0.033133
0.030748
0.039591
0.031759
0.029479
0.029981
0.037486
0.034101
0.040296
0.029666
0.036596
0.031279
0.030567
0.032346
0.029845
0.032083
0.031047
0.029470
0.031973
0.029665
0.036278
0.029524
0.029191
0.029244
0.036978
0.030638
0.030242
0.032312
0.032429
0.030972
0.037391
0.035055
0.033097
0.031832
0.034615
0.032472
0.045308
0.032082
0.034603
0.032453
0.035972
0.033009
0.035720
0.031857
0.032128
0.032897
0.032245
0.032636
0.034177
0.033066
0.032073
0.032326
0.032119
0.037510
0.032106
0.032079
0.031810
0.034778
0.034944
0.032351
0.032910
0.032536
0.038057
0.032638
0.032415
0.031837
0.035695
0.033287
0.032760
0.035709
0.032126
0.034340
0.033635
0.032547
0.051745
0.032265
0.032385
0.032181
0.048400
0.047583
0.048547
0.040738
0.033687
0.037592
0.034042
0.037886
0.041460
0.034488
0.028244
0.036817
0.038545
0.037354
0.042233
0.038301
0.039011
0.041437
0.039330
0.039487
0.043439
0.039154
0.043605
0.028045
0.026457
0.017641
0.017244
0.018659
0.019373
0.020698
0.019703
0.019628
0.019487
0.027296
0.019240
0.020641
0.020224
0.021636
0.022882
0.019298
0.023769
0.022539
0.026412
0.019446
0.024523
0.019722
0.024500
0.020219
0.025625
0.028531
0.021060
0.022611
0.025519
0.024845
0.024125
0.023029
0.016695
0.033405
0.032070
0.028294
0.028702
0.030307
0.034537
0.033054
0.031385
0.033086
0.034791
0.033714
0.049806
0.036277
0.036641
0.037650
0.034487
0.036477
0.037226
0.035636
0.035664
0.023301
0.025405
0.022382
0.016239
0.035771
0.015458
0.029302
0.018585
0.019273
0.022947
0.029053
0.045977
0.043914
0.046901
0.041536
0.050579
0.045698
0.055149
0.042196
0.043787
0.023370
0.023681
0.026103
0.043364
0.035531
0.022237
0.024234
0.024314
0.024503
0.044675
0.033913
0.025670
0.025777
0.028954
0.025937
0.026605
0.028115
0.025723
0.027573
0.023303
0.021065
0.021171
0.028257
0.021742
0.021433
0.027263
0.021136
0.027276
0.021325
0.030421
0.027780
0.027862
0.027477
0.028580
0.031762
0.027852
0.029457
0.029911
0.028884
0.032436
0.028651
0.029660
0.029812
0.032377
0.037720
0.032836
0.031987
0.040523
0.036080
0.032088
0.031669
0.032004
0.032375
0.034972
0.065158
0.036531
0.035893
0.036895
0.038582
0.024872
0.043602
0.026769
0.029935
0.034531
0.034666
0.030847
0.030456
0.037368
0.034086
0.039741
