0.405873
0.027940
0.047689
0.035336
0.036996
0.048335
0.038991
0.027149
0.029484
0.027223
0.029005
0.045502
0.030199
0.031503
0.028191
0.027478
0.031341
0.028419
0.027587
0.033395
0.027771
0.027392
0.030787
0.029254
0.028959
0.026476
0.028183
0.026665
0.028766
0.027126
0.029649
0.029576
0.030180
0.032154
0.029278
0.035672
0.031638
0.042216
0.043528
0.043842
0.043000
0.042027
0.049198
0.035085
0.034006
0.030535
0.030019
0.048241
0.037165
0.033131
0.051795
0.050061
0.049597
0.049484
0.046650
0.052980
0.047574
0.047754
0.051400
0.047551
0.048570
0.052685
0.032985
0.028579
0.026835
0.027833
0.038888
0.038725
0.039358
0.039671
0.040391
0.058612
0.046106
0.040959
0.041301
0.044643
0.038813
0.036009
0.039020
0.039618
0.045206
0.039730
0.044525
0.044492
0.044767
0.044944
0.044237
0.043669
0.043109
0.042966
0.049534
0.047679
0.042522
0.044911
0.042920
0.042994
0.045238
0.042633
0.045374
0.049534
0.047293
0.041985
0.047287
0.045097
0.045797
0.043310
0.046013
0.046423
0.048939
0.039661
0.037575
0.038182
0.039446
0.037589
0.036988
0.038501
0.038438
0.041371
0.047653
0.045315
0.041945
0.040858
0.045878
0.039789
0.040487
0.046166
0.057800
0.038638
0.042996
0.044003
0.047285
0.043297
0.044968
0.047843
0.041140
0.044061
0.046696
0.042720
0.055743
0.050771
0.043981
0.045831
0.042737
0.042658
0.040795
0.040685
0.046595
0.040721
0.041986
0.045759
0.047109
0.046008
0.047484
0.045881
0.044548
0.045609
0.044191
0.045497
0.045128
0.044532
0.045743
0.046672
0.044404
0.046021
0.045098
0.044668
0.044009
0.046123
0.043723
0.044286
0.032332
0.047460
0.044803
0.043795
0.046310
0.044084
0.043974
0.046696
0.041035
0.033780
0.042505
0.039049
0.042955
0.044824
0.038574
0.040563
0.040999
0.046543
0.046013
0.039401
0.039695
0.040822
0.038899
0.038844
0.038925
0.042173
0.041422
0.039546
0.038931
0.038467
0.043815
0.039634
0.039400
0.040793
0.041421
0.040834
0.038721
0.039549
0.046576
0.053707
0.040729
0.040132
0.038536
0.041358
0.026373
0.029958
0.026953
0.032387
0.028431
0.026337
0.028423
0.026370
0.035927
0.042295
0.029604
0.026195
0.038692
0.045351
0.041924
0.038707
0.039598
0.038658
0.040588
0.039177
0.028957
0.055528
0.041463
0.042490
0.045051
0.043517
0.045245
0.043478
0.042823
0.042943
0.044672
0.046594
0.046467
0.042239
0.045913
0.044112
0.042581
0.045170
0.041790
0.050678
0.042754
0.042585
0.047374
0.042444
0.043491
0.043942
0.045050
0.041852
0.041398
0.043171
0.037798
0.037211
0.036697
0.041589
0.037929
0.042558
0.036923
0.038121
0.039369
0.041633
0.041999
0.042637
0.045043
0.045649
0.041563
0.038819
0.037865
0.039458
0.037598
0.036783
0.037055
0.044430
0.041666
0.052625
0.061356
0.055247
0.054276
0.038539
0.053198
0.057189
0.039915
0.036660
0.037047
0.042141
0.037063
0.040926
0.038855
0.041199
0.039149
0.038692
0.039060
0.035634
0.048906
0.041049
0.039046
0.038708
0.039563
0.038513
0.040946
0.040997
0.039370
0.039987
0.039042
0.046724
0.042134
0.044242
0.044207
0.041965
0.062512
0.057151
0.041208
0.063330
0.058438
0.043447
0.043003
0.045675
0.043074
0.042530
0.041865
0.041874
0.046867
0.057872
0.041923
0.045658
0.057600
0.059377
0.057928
0.057196
0.042293
0.045671
0.043325
0.042772
0.045769
0.041142
0.055691
0.050655
0.041356
0.046189
0.041873
0.048656
0.044641
0.041458
0.044112
0.041123
0.041862
0.044668
0.041480
0.047625
0.059103
0.045302
0.044207
0.042876
0.041593
0.044097
0.043617
0.042917
0.042175
0.045015
0.038872
0.041968
0.039872
0.041453
0.050788
0.045289
0.043942
0.043188
0.041762
0.042897
0.043415
0.057618
0.056487
0.042127
0.041807
0.041837
0.041564
0.043254
0.042058
0.042184
0.041596
0.043401
0.038399
0.039820
0.039443
0.029200
0.033442
0.041616
0.039224
0.041214
0.036792
0.036150
0.039704
0.043905
0.045047
0.043522
0.059814
0.042363
0.044111
0.041652
0.037459
0.065368
0.028743
0.041855
0.036212
0.028338
0.047306
0.030163
0.043129
0.031501
0.029354
0.025097
0.022546
0.022524
0.023864
0.026466
0.023285
0.042580
0.026939
0.031474
0.027322
0.030589
0.028080
0.028761
0.031473
0.027810
0.057747
0.027790
0.028768
0.030820
0.027564
0.031041
0.040659
0.029018
0.019500
0.022899
0.016639
0.017323
0.016514
0.017619
0.017193
0.019216
0.016757
0.037438
0.029658
0.025127
0.022512
0.028653
0.026701
0.022840
0.025562
0.023829
0.030335
0.033164
0.030646
0.032902
0.034589
0.047153
0.032148
0.032062
0.034084
0.031200
0.030086
0.029163
0.050299
0.032980
0.028906
0.040707
0.036037
0.052247
0.035554
0.032419
0.032061
0.032308
0.033463
0.035760
0.045147
0.025173
0.023917
0.024255
0.024439
0.025782
0.028480
0.028526
0.027861
0.032871
0.031795
0.032094
0.029874
0.034569
0.033031
0.029732
0.029973
0.029305
0.032050
0.035595
0.032682
0.036007
0.029686
0.030376
0.029482
0.033580
0.034304
0.032198
0.030503
0.029857
0.045074
0.041678
0.030614
0.031351
0.030774
0.031538
0.038902
0.045700
0.032353
0.030168
0.030090
0.030009
0.035775
0.033046
0.036151
0.037969
0.044610
0.048620
0.037063
0.030828
0.033898
0.034734
0.029725
0.043505
0.020314
0.051313
0.040227
0.046536
0.045893
0.039588
0.026506
0.024010
0.027422
0.026657
0.044001
0.052654
0.025591
0.027089
0.041911
0.027046
0.025071
0.025047
0.043559
0.056766
0.047276
0.037187
0.024551
0.025343
0.025854
0.036295
0.031917
0.027021
0.027812
0.031855
0.039456
0.038275
0.033071
0.035898
0.034406
0.032929
0.039394
0.033530
0.032062
0.043207
0.033658
0.032251
0.038265
0.045744
0.022918
0.026665
0.028095
0.024790
0.034422
0.032591
0.031541
0.036173
0.029020
0.031083
0.032983
0.035846
0.031578
0.032728
0.040864
0.029768
0.031060
0.030336
0.031046
0.034851
0.033983
0.038610
0.035898
0.032617
0.031647
0.032957
0.036138
0.041857
0.033909
0.043510
0.036008
0.037532
0.037883
0.039406
0.046255
0.043754
0.033244
0.021846
0.037971
0.027537
0.025708
0.028826
0.025588
0.026711
0.026636
0.036867
0.045789
0.057470
0.035746
0.032102
0.034710
0.027656
0.028479
0.024180
0.031793
0.024036
0.028169
0.025384
0.039991
0.042274
0.031522
0.034076
0.038995
0.030192
0.055910
0.033095
0.035695
0.033058
0.029214
0.035433
0.057857
0.039360
0.027942
0.033485
0.028382
0.033190
0.043633
0.028010
0.030903
0.027191
0.030600
0.029314
0.031280
0.030678
0.029186
0.030157
0.028507
0.030356
0.048041
0.039446
0.024945
0.030272
0.025605
0.024538
0.029425
0.045221
0.042430
0.023862
0.024245
0.024804
0.024406
0.021660
0.025817
0.035462
0.024143
0.027766
0.026450
0.026735
0.027143
0.024797
0.024794
0.024209
0.028862
0.028179
0.027069
0.043606
0.030546
0.034917
0.033089
0.031642
0.033828
0.033363
0.032327
0.033688
0.032655
0.031382
0.035830
0.032242
0.032510
0.032797
0.031770
0.037499
0.032473
0.032295
0.035126
0.032011
0.030816
0.029603
0.029776
0.030892
0.032880
0.031924
0.033196
0.036121
0.029764
0.030009
0.029746
0.029411
0.029298
0.033087
0.036077
0.033765
0.054137
0.058760
0.036681
0.033026
0.039336
0.036736
0.037013
0.037987
0.035768
0.039312
0.060266
0.047446
0.047848
0.037074
0.037376
0.041356
0.038271
0.036936
0.041340
0.041911
0.036870
0.039482
0.041234
0.037175
0.040461
0.036916
0.038883
0.038061
0.036959
0.037150
0.040270
0.037395
0.042211
0.046269
0.044277
0.038600
0.028167
0.034564
0.048634
0.023415
0.045161
0.038295
0.029022
0.027542
0.032610
0.052305
0.045147
0.055155
0.037540
0.039206
0.039069
0.038035
0.041177
0.037653
0.042426
0.037749
0.041876
0.041373
0.033454
0.041780
0.063128
0.043880
0.032261
0.035001
0.040306
0.041412
0.025796
0.042216
0.032823
0.041174
0.047532
0.039072
0.051913
0.046037
0.041673
0.043761
0.060754
0.047046
0.049533
0.048260
0.050047
0.062617
0.038420
0.042377
0.041928
0.039745
0.039534
0.044195
0.054732
0.041024
0.042193
0.039950
0.041314
0.039808
0.039294
0.042195
0.040186
0.041778
0.064349
0.044219
0.042172
0.054440
0.052183
0.042058
0.040733
0.054356
0.042064
0.043441
0.043353
0.045992
0.047590
0.043451
0.046189
0.062832
0.065748
0.048507
0.051616
0.053539
0.057369
0.041940
0.040820
0.043046
0.043193
0.042428
0.050053
0.063820
0.050824
0.044216
0.040909
0.027483
0.039500
0.027283
0.044783
0.040435
0.040640
0.041750
0.031165
0.043011
0.029673
0.028790
0.029934
0.037338
0.032539
0.025732
0.024846
0.035283
0.041982
0.037896
0.036785
0.036062
0.036125
0.038204
0.037163
0.041352
0.039018
0.036578
0.042397
0.038062
0.044089
0.045726
0.049186
0.043412
0.042234
0.040458
0.043335
0.048015
0.040770
0.048595
0.051397
0.048672
0.040130
0.044474
0.045521
0.048130
0.051741
0.043179
0.030326
0.024515
0.029257
0.045734
0.053050
0.033087
0.037355
0.048098
0.038034
0.041197
0.039015
0.042405
0.048721
0.039430
0.037667
0.038902
0.038437
0.026594
0.037859
0.038376
0.039096
0.037147
0.039921
0.038907
0.047822
0.044054
0.040993
0.039952
0.041623
0.043189
0.042184
0.042128
0.047695
0.044344
0.044416
0.043668
0.043359
0.043188
0.039459
0.050988
0.036103
0.041413
0.041364
0.040875
0.047197
0.040550
0.039827
0.046254
0.025269
0.028005
0.032171
0.029804
0.028146
0.038315
0.036264
0.031070
0.032503
0.028894
0.027903
0.016275
0.020268
0.020061
0.027338
0.025633
0.027088
0.032568
0.024765
0.024379
0.023073
0.026399
0.032304
0.026746
0.026453
0.023349
0.017552
0.024032
0.025227
0.024976
0.020581
0.028352
0.024029
0.019561
0.017512
0.017265
0.037066
0.040690
0.040818
0.040204
0.045802
0.032124
0.033974
0.035450
0.037455
0.034338
0.037458
0.045088
0.037271
0.036671
0.036042
0.039579
0.035733
0.036157
0.039603
0.051956
0.049097
0.043406
0.036353
0.035357
0.043924
0.035558
0.034658
0.047146
0.038620
0.037979
0.034254
0.034737
0.035875
0.035584
0.035190
0.041336
0.034790
0.039517
0.030561
0.044828
0.032358
0.030113
0.035049
0.029756
0.032295
0.033314
0.031952
0.030867
0.035455
0.030982
0.033264
0.028833
0.032615
0.037831
0.034216
0.031851
0.031753
0.043339
0.034590
0.035292
0.045983
0.043780
0.030485
0.019529
0.029366
0.021524
0.028764
0.030211
0.020741
0.027546
0.038472
0.027266
0.028656
0.024781
0.028716
0.051748
0.035032
0.032243
0.031250
0.030390
0.030465
0.042460
0.033748
0.029857
0.030535
0.030441
0.030822
0.032112
0.031721
0.029958
0.031922
0.029456
0.032615
0.034422
0.030514
0.029830
0.037833
0.043571
0.044645
0.042178
0.034004
0.042373
0.048625
0.036598
0.029840
0.039262
0.029457
0.030930
0.032484
0.030190
0.030305
0.032073
0.031837
0.031609
0.031680
0.034831
0.051555
0.031692
0.035398
0.032646
0.035863
0.035657
0.035608
0.028674
0.029024
0.028255
0.028890
0.024951
0.022328
0.025145
0.026534
0.025661
0.028363
0.047031
0.026056
0.025957
0.026250
0.029864
0.030996
0.034009
0.028421
0.028024
0.029385
0.046853
0.037901
0.029600
0.028205
0.030060
0.029294
0.050833
0.041265
0.027696
0.033921
0.029586
0.037961
0.033571
0.035375
0.036867
0.039968
0.044620
0.031251
0.034407
0.032951
0.036397
0.034986
0.033002
0.032773
0.033792
0.037592
0.056169
0.033224
0.033763
0.036619
0.052810
0.047655
0.045688
0.033869
0.044052
0.031830
0.031933
0.038661
0.041126
0.044877
0.042216
0.036014
0.033668
0.030555
0.034459
0.037704
0.033510
0.028876
0.030431
0.034138
0.044347
0.035861
0.033263
0.033372
0.038768
0.036552
0.032896
0.038325
0.042191
0.022170
0.023725
0.024532
0.023265
0.024631
0.023959
0.030822
0.026003
0.027508
0.025967
0.026615
0.029082
0.027556
0.026458
0.048604
0.046433
0.028437
0.027611
0.025651
0.024953
0.040083
0.046584
0.030211
0.025123
0.026843
0.047054
0.029256
0.030142
0.030741
0.029537
0.031157
0.023049
0.024878
0.027547
0.028318
0.028955
0.028768
0.030662
0.026106
0.026206
0.027043
0.028934
0.031470
0.028117
0.030172
0.029938
0.030926
0.028501
0.030222
0.031106
0.028493
0.031238
0.029313
0.029105
0.029487
0.035722
0.032026
0.031722
0.032161
0.032149
0.039325
0.035778
0.037427
0.037740
0.038614
0.037620
0.041524
0.038557
0.038931
0.043082
0.041644
0.038050
0.038975
0.038192
0.035159
0.037277
0.059218
0.045029
0.042996
0.029976
0.041785
0.044706
0.045160
0.043561
0.044182
0.042402
0.043460
0.061164
0.058813
0.041779
0.044682
0.042956
0.042007
0.045296
0.041710
0.057474
0.058194
0.045356
0.027663
0.039539
0.045718
0.040076
0.040449
0.029556
0.051722
0.059000
0.040989
0.042510
0.034642
0.035061
0.034780
0.035221
0.034615
0.035181
0.036709
0.034640
0.041150
0.040151
0.039730
0.048506
0.042244
0.043317
0.039906
0.042973
0.044418
0.040578
0.046230
0.042923
0.045648
0.042037
0.042365
0.042019
0.029708
0.034442
0.034527
0.033741
0.039580
0.038957
0.042852
0.043712
0.041099
0.049764
0.056872
0.035334
0.045270
0.045293
0.035704
0.052552
0.057934
0.035827
0.035837
0.044334
0.036838
0.037907
0.040277
0.036774
0.037121
0.040562
0.041745
0.041691
0.043001
0.042439
0.041120
0.047163
0.042846
0.042844
0.040083
0.043910
0.039898
0.051950
0.041428
0.044369
0.041075
0.042634
0.041427
0.041433
0.043293
0.039754
0.053377
0.042601
0.039928
0.043013
0.039101
0.037881
0.038911
0.038123
0.038907
0.045107
0.039464
0.038614
0.039461
0.038042
0.041773
0.050914
0.043974
0.043965
0.030548
0.031780
0.050185
0.050573
0.035962
0.043441
0.059467
0.047255
0.046468
0.047220
0.039667
0.037811
0.038249
0.041414
0.039165
0.041368
0.037742
0.040099
0.038060
0.038645
0.044970
0.051900
0.050022
0.035323
0.038945
0.026569
0.026139
0.040324
0.041568
0.041394
0.029001
0.041940
0.037543
0.037677
0.041396
0.040269
0.040781
0.050035
0.041140
0.040403
0.041396
0.043781
0.040385
0.040530
0.028286
0.041264
0.032970
0.043783
0.042558
0.041666
0.042369
0.051788
0.028601
0.027740
0.041213
0.040035
0.042924
0.054741
0.042523
0.041601
0.039745
0.047777
0.040468
0.041518
0.039999
0.028993
0.040238
0.047195
0.047228
0.041807
0.044300
0.029107
0.042992
0.044585
0.041766
0.045266
0.044418
0.047268
0.042874
0.044318
0.042714
0.046220
0.047123
0.052088
0.046798
0.048290
0.049570
0.031788
0.032780
0.048344
0.049834
0.046627
0.072424
0.046801
0.049782
0.040994
0.039714
0.046866
0.043552
0.031579
0.039859
0.041139
0.049984
0.049135
0.053125
0.055670
0.058841
0.058478
0.056513
0.050468
0.049721
0.052628
0.052790
0.065398
0.068693
0.056668
0.045921
0.059630
0.045627
0.032858
0.033260
0.046740
0.045789
0.048131
0.046873
0.050421
0.048188
0.048441
0.046499
0.051365
0.045953
0.049303
0.046745
0.049884
0.048072
0.045886
0.048692
0.046079
0.052727
0.054205
0.070768
0.063997
0.047224
0.065427
0.070844
0.056109
0.042781
0.042117
0.056776
0.043134
0.046322
0.045256
0.044499
0.046074
0.044891
0.047323
0.048576
0.046554
0.050249
0.045087
0.045369
0.044758
0.047408
0.043959
0.049841
0.043879
0.044913
0.047673
0.049526
0.048280
0.043730
0.047943
0.044420
0.044524
0.045428
0.046659
0.045552
0.045005
0.047705
0.045857
0.046130
0.045652
0.046749
0.049490
0.048571
0.047290
0.048267
0.060857
0.050134
0.046489
0.048609
0.056880
0.049500
0.046657
0.046320
0.048382
0.048738
0.046929
0.046522
0.060503
0.046085
0.047590
0.048820
0.046243
0.051092
0.046159
0.046100
0.047866
0.052039
0.052331
0.058911
0.060412
0.050126
0.050682
0.047555
0.047461
0.048045
0.048600
0.059889
0.045962
0.049071
0.046280
0.047931
0.045952
0.051013
0.046636
0.047053
0.052624
0.045985
0.057031
0.049308
0.046118
0.049681
0.048908
0.048784
0.051805
0.047051
0.047711
0.046313
0.047559
0.046495
0.039320
0.041899
0.045927
0.046165
0.045810
0.047169
0.046986
0.045954
0.049062
0.046969
0.047593
0.045875
0.046314
0.048164
0.046158
0.046832
0.048132
0.060722
0.048196
0.046281
0.049376
0.048397
0.046671
0.050492
0.050189
0.047222
0.063014
0.048549
0.046991
0.050170
0.048112
0.050555
0.047240
0.048544
0.046528
0.047416
0.046524
0.050087
0.047658
0.047016
0.045834
0.053555
0.054754
0.049974
0.052751
0.049552
0.050284
0.046523
0.047096
0.046703
0.046181
0.046722
0.047042
0.056189
0.046360
0.046832
0.047319
0.047233
0.045800
0.046883
0.047129
0.049933
0.047893
0.046449
0.048222
0.047656
0.046132
0.046142
0.049248
0.047987
0.046260
0.047586
0.049001
0.047263
0.039519
0.051342
0.042895
0.045655
0.044358
0.045584
0.043566
0.045622
0.043870
0.051381
0.050700
0.044186
0.063065
0.051384
0.052238
0.053540
0.051727
0.046000
0.043560
0.043282
0.045229
0.047249
0.051891
0.050021
0.046170
0.046100
0.047031
0.033678
0.046065
0.048143
0.050670
0.046455
0.050995
0.043969
0.049890
0.046775
0.047945
0.047239
0.047869
0.046705
0.046759
0.049365
0.045931
0.046601
0.046088
0.047026
0.046089
0.047290
0.047220
0.044162
0.048865
0.047703
0.046057
0.046512
0.045641
0.047839
0.046159
0.047508
0.048309
0.045934
0.047606
0.046016
0.064825
0.048745
0.046567
0.046260
0.047215
0.046290
0.048316
0.047634
0.046101
0.046652
0.047231
0.046396
0.052096
0.046561
0.048822
0.046001
0.045905
0.049039
0.049651
0.055229
0.047229
0.048603
0.046210
0.045594
0.050517
0.053813
0.046201
0.046924
0.046077
0.050356
0.046251
0.045987
0.045903
0.048605
0.046103
0.045665
0.046845
0.050481
0.046919
0.049671
0.047615
0.048210
0.048381
0.049792
0.046149
0.046194
0.048035
0.051364
0.048956
0.047789
0.045758
0.049778
0.047662
0.050137
0.045967
0.048189
0.045759
0.053121
0.059055
0.048904
0.045997
0.049000
0.046929
0.048463
0.046825
0.046443
0.046644
0.049914
0.053559
0.047254
0.052467
0.045840
0.047386
0.046261
0.050397
0.047767
0.044113
0.046838
0.046051
0.049927
0.048431
0.057222
0.045772
0.045610
0.055055
0.040562
0.044461
0.043837
0.043537
0.056195
0.045970
0.062297
0.055364
0.046932
0.046413
0.050388
0.045254
0.043802
0.048284
0.048272
0.049474
0.044502
0.047186
0.046351
0.049752
0.044137
0.048511
0.047611
0.044324
0.043874
0.048877
0.043908
0.051320
0.047047
0.044255
0.045316
0.047060
0.050422
0.054528
0.049795
0.049455
0.046278
0.069196
0.049007
0.057482
0.062012
0.045863
0.043868
0.048946
0.044621
0.045047
0.048156
0.048640
0.043873
0.058707
0.044162
0.052567
0.047020
0.049834
0.051504
0.046361
0.049764
0.044959
0.050229
0.045404
0.043854
0.054135
0.051414
0.053522
0.045815
0.048381
0.046466
0.050462
0.048794
0.050672
0.052830
0.049207
0.051751
0.046174
0.053737
0.046103
0.071586
0.067546
0.048004
0.048979
0.045766
0.050205
0.046695
0.048008
0.051309
0.045830
0.048180
0.046298
0.047975
0.054192
0.047005
0.049520
0.051271
0.046171
0.046880
0.048581
0.046295
0.046372
0.048218
0.046826
0.048933
0.046076
0.041644
0.046825
0.051050
0.046642
0.046779
0.046346
0.045834
0.047948
0.048250
0.046549
0.046549
0.045932
0.046143
0.048928
0.047498
0.046842
0.046217
0.047783
0.061229
0.048054
0.047670
0.047004
0.060175
0.047586
0.047244
0.048951
0.046540
0.047894
0.045913
0.049866
0.060175
0.047402
0.046108
0.051379
0.049724
0.046541
0.046752
0.046183
0.048027
0.049440
0.051422
0.045963
0.047565
0.061848
0.047882
0.048990
0.047486
0.046522
0.048959
0.046741
0.046409
0.046909
0.049324
0.053081
0.048044
0.047257
0.046387
0.051523
0.048033
0.051880
0.046211
0.052858
0.046152
0.048417
0.047849
0.046036
0.048630
0.046177
0.046309
0.046849
0.048603
0.047073
0.046649
0.048881
0.047076
0.046296
0.054044
0.045385
0.040113
0.040464
0.046398
0.046253
0.045979
0.045780
0.048345
0.046335
0.045977
0.046749
0.046220
0.046267
0.045914
0.048376
0.046002
0.046521
0.045934
0.047707
0.046185
0.046735
0.045169
0.039649
0.046146
0.046058
0.051921
0.047545
0.046822
0.046079
0.045749
0.049590
0.060506
0.046080
0.048567
0.047169
0.046181
0.059810
0.045937
0.046844
0.046229
0.047767
0.045877
0.045681
0.050299
0.046723
0.046057
0.046604
0.045942
0.047172
0.048501
0.048501
0.049578
0.046665
0.048003
0.046379
0.047519
0.047024
0.047572
0.046142
0.050459
0.054004
0.046746
0.045846
0.048566
0.046321
0.047181
0.049356
0.046648
0.049314
0.046619
0.046132
0.046681
0.046695
0.049814
0.047582
0.056315
0.045923
0.046441
0.046221
0.052335
0.047715
0.056158
0.045933
0.050697
0.046140
0.047368
0.046759
0.051817
0.054913
0.053461
0.048020
0.047061
0.035326
0.041761
0.044731
0.050770
0.044597
0.045343
0.070106
0.044743
0.044829
0.044616
0.045494
0.044753
0.043789
0.043808
0.059299
0.052034
0.043607
0.047640
0.044988
0.051120
0.044752
0.047072
0.046100
0.043831
0.044045
0.044877
0.044198
0.043842
0.047762
0.045109
0.044532
0.046732
0.046448
0.047231
0.045840
0.046697
0.048368
0.049548
0.049643
0.049376
0.046189
0.045719
0.049772
0.046497
0.049603
0.046766
0.048128
0.048531
0.052801
0.046218
0.046575
0.065256
0.046971
0.048573
0.049062
0.046804
0.047040
0.047670
0.047653
0.047161
0.046428
0.048807
0.048220
0.046470
0.047221
0.046036
0.048630
0.046839
0.046658
0.047050
0.047446
0.046191
0.046962
0.041538
0.048420
0.046619
0.045966
0.048631
0.045814
0.049535
0.047613
0.050411
0.045878
0.046070
0.046943
0.050653
0.051665
0.057051
0.055223
0.050603
0.046063
0.050475
0.047186
0.046856
0.046408
0.047182
0.050946
0.053196
0.047905
0.045913
0.047277
0.049940
0.045964
0.049051
0.046111
0.047503
0.047061
0.047009
0.048019
0.046582
0.047115
0.047997
0.045858
0.051592
0.046240
0.047437
0.046801
0.046956
0.047262
0.032770
0.045683
0.047787
0.045791
0.046043
0.045965
0.044245
0.049881
0.046153
0.046554
0.051168
0.031746
0.046823
0.032025
0.032186
0.048374
0.032103
0.032688
0.047467
0.033899
0.032088
0.045707
0.047717
0.049633
0.048713
0.048259
0.045914
0.050804
0.046517
0.049558
0.046898
0.046731
0.047269
0.047030
0.055835
0.051183
0.055415
0.053375
0.058494
0.049814
0.053489
0.049038
0.046427
0.047970
0.046195
0.049646
0.046604
0.049868
0.048541
0.048206
0.047306
0.049300
0.047897
0.046271
0.048843
0.045824
0.046153
0.048056
0.044356
0.047819
0.046891
0.048407
0.049136
0.045996
0.046854
0.045887
0.046029
0.046560
0.045353
0.047968
0.046683
0.047680
0.046558
0.031661
0.046698
0.045879
0.048154
0.047749
0.045718
0.049120
0.045660
0.045896
0.049193
0.046349
0.045832
0.048842
0.046427
0.031620
0.033201
0.046029
0.049485
0.048213
0.047385
0.043481
0.046484
0.045516
0.049388
0.048222
0.049402
0.053475
0.045913
0.048246
0.046278
0.052472
0.046241
0.046393
0.047188
0.045808
0.045562
0.047251
0.046196
0.044007
0.046449
0.045747
0.046873
0.046213
0.048976
0.049943
0.048023
0.045804
0.048727
0.045936
0.045862
0.046452
0.048401
0.047300
0.046648
0.041762
0.043067
0.064325
0.046031
0.046691
0.046026
0.048281
0.047675
0.051177
0.046550
0.048151
0.046551
0.048513
0.046388
0.046801
0.049673
0.048923
0.045875
0.047920
0.048140
0.048512
0.046643
0.049721
0.051259
0.050855
0.045949
0.050479
0.047083
0.050331
0.046405
0.045817
0.050543
0.047704
0.048786
0.046970
0.048579
0.046316
0.045768
0.047724
0.047559
0.049686
0.049182
0.046882
0.047163
0.048679
0.046517
0.046002
0.046750
0.050921
0.046041
0.049766
0.046885
0.046675
0.047713
0.048047
0.047984
0.046974
0.039992
0.039453
0.049942
0.046517
0.051958
0.046051
0.047091
0.046567
0.049896
0.046610
0.050750
0.046124
0.047835
0.046758
0.046624
0.045929
0.047820
0.046063
0.049433
0.047408
0.046381
0.045056
0.042796
0.049301
0.050071
0.047220
0.046394
0.049353
0.047238
0.051246
0.047332
0.047083
0.045853
0.047458
0.047918
0.046222
0.051524
0.046224
0.048298
0.047235
0.052092
0.046013
0.048670
0.046866
0.048096
0.048042
0.046780
0.047770
0.047420
0.048913
0.047168
0.046168
0.050575
0.046487
0.048121
0.046707
0.046593
0.046770
0.047251
0.045871
0.049426
0.047407
0.046928
0.046616
0.046622
0.042669
0.038329
0.035316
0.037938
0.039354
0.038538
0.040648
0.038731
0.040346
0.039013
0.039079
0.038908
0.045178
0.044811
0.056441
0.042506
0.047334
0.042711
0.052501
0.042194
0.042641
0.044638
0.047346
0.042390
0.042734
0.042258
0.047016
0.053947
0.038456
0.038492
0.038727
0.042045
0.039388
0.041025
0.042622
0.042028
0.030873
0.040622
0.046432
0.044718
0.049178
0.046064
0.048335
0.045913
0.047917
0.042425
0.030041
0.033916
0.032634
0.033061
0.031044
0.034602
0.034710
0.034571
0.036109
0.035303
0.036662
0.037993
0.037917
0.037801
0.038933
0.040139
0.035740
0.035018
0.047572
0.040638
0.039549
0.051347
0.055516
0.036564
0.033763
0.045879
0.045764
0.044157
0.034469
0.033468
0.038576
0.046354
