1
588.5000,304.5000,103.0000,111.0000
588.5000,304.5000,103.0000,111.0000
588.5000,304.5000,103.0000,111.0000
588.5000,304.5000,103.0000,111.0000
66.5000,519.5000,103.0000,111.0000
91.5000,533.5000,103.0000,111.0000
588.5000,304.5000,103.0000,111.0000
588.5000,304.5000,103.0000,111.0000
588.5000,304.5000,103.0000,111.0000
588.5000,304.5000,103.0000,111.0000
107.5000,547.5000,103.0000,111.0000
588.5000,304.5000,103.0000,111.0000
588.5000,304.5000,103.0000,111.0000
588.5000,304.5000,103.0000,111.0000
588.5000,304.5000,103.0000,111.0000
588.5000,304.5000,103.0000,111.0000
588.5000,304.5000,103.0000,111.0000
588.5000,304.5000,103.0000,111.0000
588.5000,304.5000,103.0000,111.0000
588.5000,304.5000,103.0000,111.0000
588.5000,304.5000,103.0000,111.0000
588.5000,304.5000,103.0000,111.0000
588.5000,304.5000,103.0000,111.0000
588.5000,304.5000,103.0000,111.0000
588.5000,304.5000,103.0000,111.0000
588.5000,304.5000,103.0000,111.0000
588.5000,304.5000,103.0000,111.0000
588.5000,304.5000,103.0000,111.0000
588.5000,304.5000,103.0000,111.0000
588.5000,304.5000,103.0000,111.0000
588.5000,304.5000,103.0000,111.0000
588.5000,304.5000,103.0000,111.0000
588.5000,304.5000,103.0000,111.0000
588.5000,304.5000,103.0000,111.0000
588.5000,304.5000,103.0000,111.0000
588.5000,304.5000,103.0000,111.0000
263.5000,474.5000,103.0000,111.0000
262.5000,474.5000,103.0000,111.0000
490.0036,277.5036,68.9929,72.9929
263.5000,474.5000,103.0000,111.0000
263.5000,518.5000,103.0000,111.0000
263.5000,474.5000,103.0000,111.0000
588.5000,304.5000,103.0000,111.0000
588.5000,304.5000,103.0000,111.0000
588.5000,304.5000,103.0000,111.0000
588.5000,304.5000,103.0000,111.0000
131.5000,533.5000,103.0000,111.0000
588.5000,304.5000,103.0000,111.0000
588.5000,304.5000,103.0000,111.0000
262.5000,518.5000,103.0000,111.0000
246.5000,488.5000,103.0000,111.0000
488.9939,258.9939,82.0123,86.0123
246.5000,489.5000,103.0000,111.0000
246.5000,431.5000,103.0000,111.0000
493.1064,273.1064,60.7871,64.7871
262.5000,460.5000,103.0000,111.0000
246.5000,431.5000,103.0000,111.0000
246.5000,430.5000,103.0000,111.0000
246.5000,431.5000,103.0000,111.0000
246.5000,431.5000,103.0000,111.0000
246.5000,430.5000,103.0000,111.0000
588.5000,304.5000,103.0000,111.0000
588.5000,304.5000,103.0000,111.0000
588.5000,304.5000,103.0000,111.0000
588.5000,304.5000,103.0000,111.0000
246.5000,489.5000,103.0000,111.0000
246.5000,489.5000,103.0000,111.0000
247.5000,431.5000,103.0000,111.0000
498.9584,257.9584,86.0832,90.0832
502.9750,268.4750,64.0499,68.0499
246.5000,489.5000,103.0000,111.0000
246.5000,489.5000,103.0000,111.0000
540.8094,270.3094,70.3812,74.3812
531.5445,264.0445,66.9110,70.9110
530.6577,244.1577,124.6847,128.6847
529.5272,246.5272,108.9456,112.9456
538.4171,246.9171,120.1659,124.1659
521.1694,246.1695,113.6611,117.6611
543.8182,253.8183,106.3635,110.3635
562.0114,250.5114,89.9773,93.9773
540.3055,250.3055,104.3890,108.3890
553.8513,261.8513,98.2974,102.2974
531.0239,251.0239,108.9522,112.9522
585.9258,272.4258,91.1485,95.1485
571.7535,259.7535,105.4931,109.4931
568.9453,258.4453,112.1094,116.1094
567.6315,251.1315,111.7370,115.7370
583.9823,263.9823,101.0353,105.0353
572.7656,262.2656,107.4687,111.4687
540.0087,251.0087,115.9826,119.9826
520.7193,248.7193,108.5614,112.5614
506.7895,243.7895,108.4210,112.4210
487.2025,232.2025,126.5949,130.5949
482.8089,228.8089,136.3823,140.3823
483.2725,214.2725,126.4550,130.4550
482.6773,229.6773,130.6454,134.6454
483.8858,228.8858,134.2285,138.2285
488.8000,240.8000,126.3999,130.3999
483.0917,255.5917,84.8167,88.8167
502.8555,232.3555,108.2891,112.2891
523.4171,211.4171,111.1657,115.1657
516.9087,216.9087,113.1827,117.1827
488.2032,225.7032,123.5937,127.5937
453.1605,222.1605,134.6790,138.6790
507.8089,222.3089,136.3823,140.3823
490.7127,233.2127,128.5746,132.5746
497.2377,226.7377,122.5246,126.5246
473.3030,224.3030,130.3939,134.3939
485.3722,215.3722,135.2556,139.2556
500.8989,227.3989,99.2022,103.2022
498.9645,201.9645,129.0709,133.0709
490.8899,198.8899,128.2203,132.2203
498.1777,204.1777,140.6445,144.6445
510.2708,187.2708,135.4583,139.4583
494.1626,206.6626,141.6748,145.6748
472.4366,208.4367,158.1267,162.1267
467.4692,215.9692,155.0616,159.0616
450.0093,227.5093,151.9813,155.9813
434.9930,237.4930,149.0141,153.0141
438.9348,228.4347,152.1305,156.1305
446.6428,240.1428,136.7144,140.7144
445.6310,232.1310,137.7380,141.7380
454.2260,241.7260,129.5481,133.5481
459.0277,243.5277,134.9446,138.9446
467.7209,228.7209,139.5582,143.5582
466.0949,223.5949,150.8101,154.8101
496.6516,209.6516,150.6968,154.6968
491.0983,227.0983,132.8035,136.8035
464.0719,237.0719,121.8562,125.8562
483.5050,251.5050,125.9899,129.9899
514.9227,251.4227,125.1546,129.1546
522.0639,239.5639,120.8722,124.8722
516.9160,215.9160,134.1680,138.1680
532.3631,216.8631,134.2738,138.2738
542.7034,213.2034,110.5931,114.5931
520.6188,206.6188,119.7624,123.7624
539.0115,232.5115,132.9770,136.9770
205.5000,518.5000,103.0000,111.0000
222.5000,533.5000,103.0000,111.0000
549.0319,186.5319,123.9362,127.9362
531.0105,195.5105,128.9790,132.9790
551.2728,215.7727,95.4545,99.4545
562.1691,201.6691,122.6618,126.6618
568.5231,216.5232,118.9537,122.9537
571.1554,209.6554,113.6892,117.6892
568.0636,205.5636,142.8729,146.8729
589.5240,207.0240,100.9520,104.9520
600.7812,179.7813,121.4375,125.4375
594.8670,204.8670,135.2660,139.2660
593.1092,197.6092,105.7817,109.7817
600.8160,195.8161,105.3679,109.3679
579.8423,182.8423,133.3153,137.3153
213.5000,634.5000,103.0000,111.0000
214.5000,634.5000,103.0000,111.0000
577.4552,193.9552,131.0896,135.0896
626.1006,226.6006,86.7987,90.7987
572.2932,214.2931,109.4137,113.4137
585.8674,203.8674,123.2652,127.2652
612.7457,209.7457,95.5085,99.5085
213.5000,634.5000,103.0000,111.0000
641.9947,214.9947,75.0106,79.0106
213.5000,634.5000,103.0000,111.0000
646.6486,214.6485,78.7029,82.7029
666.5008,224.5008,128.9984,132.9984
661.9251,216.4251,104.1498,108.1498
630.2353,183.7353,119.5294,123.5294
189.5000,649.5000,103.0000,111.0000
662.7188,212.2188,79.5624,83.5624
671.6987,223.6988,79.6025,83.6025
588.5000,304.5000,103.0000,111.0000
694.7812,243.2813,107.4375,111.4375
687.3752,222.3752,119.2495,123.2495
662.5682,208.0682,134.8637,138.8637
667.5357,213.5357,131.9285,135.9285
671.9034,218.4034,131.1932,135.1932
692.1564,226.1564,107.6872,111.6872
681.7216,226.2215,130.5569,134.5569
669.3235,213.3235,142.3529,146.3529
660.8309,201.3309,133.3383,137.3383
229.5000,693.5000,103.0000,111.0000
688.7463,216.2463,119.5074,123.5074
703.7715,226.2716,80.4569,84.4569
214.5000,664.5000,103.0000,111.0000
694.5989,242.5989,122.8022,126.8022
715.2787,222.2787,88.4425,92.4425
698.8000,219.3000,96.3999,100.3999
689.7711,197.7711,131.4578,135.4578
687.5887,192.0887,133.8225,137.8225
678.6468,192.1468,126.7064,130.7064
686.0454,194.0454,129.9092,133.9092
716.8959,216.8958,91.2083,95.2083
213.5000,693.5000,103.0000,111.0000
714.3012,220.3012,84.3976,88.3976
214.5000,721.5000,103.0000,111.0000
708.9494,219.9494,91.1011,95.1011
230.5000,693.5000,103.0000,111.0000
206.5000,664.5000,103.0000,111.0000
214.5000,663.5000,103.0000,111.0000
213.5000,721.5000,103.0000,111.0000
206.5000,722.5000,103.0000,111.0000
213.5000,721.5000,103.0000,111.0000
214.5000,693.5000,103.0000,111.0000
206.5000,722.5000,103.0000,111.0000
214.5000,663.5000,103.0000,111.0000
197.5000,693.5000,103.0000,111.0000
222.5000,649.5000,103.0000,111.0000
213.5000,663.5000,103.0000,111.0000
686.6822,219.1822,97.6357,101.6357
229.5000,693.5000,103.0000,111.0000
222.5000,649.5000,103.0000,111.0000
222.5000,649.5000,103.0000,111.0000
222.5000,649.5000,103.0000,111.0000
222.5000,649.5000,103.0000,111.0000
588.5000,304.5000,103.0000,111.0000
588.5000,304.5000,103.0000,111.0000
588.5000,304.5000,103.0000,111.0000
588.5000,304.5000,103.0000,111.0000
588.5000,304.5000,103.0000,111.0000
588.5000,304.5000,103.0000,111.0000
588.5000,304.5000,103.0000,111.0000
588.5000,304.5000,103.0000,111.0000
588.5000,304.5000,103.0000,111.0000
393.5000,649.5000,103.0000,111.0000
588.5000,304.5000,103.0000,111.0000
588.5000,304.5000,103.0000,111.0000
222.5000,649.5000,103.0000,111.0000
393.5000,635.5000,103.0000,111.0000
394.5000,635.5000,103.0000,111.0000
394.5000,634.5000,103.0000,111.0000
394.5000,635.5000,103.0000,111.0000
393.5000,635.5000,103.0000,111.0000
394.5000,635.5000,103.0000,111.0000
394.5000,634.5000,103.0000,111.0000
588.5000,304.5000,103.0000,111.0000
393.5000,634.5000,103.0000,111.0000
394.5000,634.5000,103.0000,111.0000
410.5000,634.5000,103.0000,111.0000
410.5000,634.5000,103.0000,111.0000
410.5000,634.5000,103.0000,111.0000
327.5000,649.5000,103.0000,111.0000
328.5000,649.5000,103.0000,111.0000
426.5000,634.5000,103.0000,111.0000
426.5000,634.5000,103.0000,111.0000
426.5000,634.5000,103.0000,111.0000
328.5000,649.5000,103.0000,111.0000
312.5000,663.5000,103.0000,111.0000
328.5000,649.5000,103.0000,111.0000
312.5000,663.5000,103.0000,111.0000
312.5000,663.5000,103.0000,111.0000
442.5000,605.5000,103.0000,111.0000
312.5000,663.5000,103.0000,111.0000
443.5000,606.5000,103.0000,111.0000
442.5000,606.5000,103.0000,111.0000
442.5000,606.5000,103.0000,111.0000
442.5000,634.5000,103.0000,111.0000
442.5000,634.5000,103.0000,111.0000
442.5000,634.5000,103.0000,111.0000
443.5000,606.5000,103.0000,111.0000
443.5000,634.5000,103.0000,111.0000
443.5000,606.5000,103.0000,111.0000
443.5000,606.5000,103.0000,111.0000
459.5000,634.5000,103.0000,111.0000
459.5000,634.5000,103.0000,111.0000
459.5000,634.5000,103.0000,111.0000
459.5000,634.5000,103.0000,111.0000
459.5000,634.5000,103.0000,111.0000
459.5000,634.5000,103.0000,111.0000
631.7813,467.7813,77.4374,81.4374
631.8441,469.3441,75.3118,79.3118
629.6641,463.6641,80.6719,84.6719
632.7188,469.7188,73.5624,77.5624
626.4125,460.4125,85.1749,89.1749
624.7273,461.7273,84.5454,88.5454
629.9071,467.4071,79.1857,83.1857
620.6669,463.6669,84.6662,88.6662
624.8068,464.8067,83.3865,87.3865
631.8337,472.3337,72.3327,76.3327
459.5000,634.5000,103.0000,111.0000
467.5000,606.5000,103.0000,111.0000
467.5000,606.5000,103.0000,111.0000
459.5000,591.5000,103.0000,111.0000
312.5000,635.5000,103.0000,111.0000
312.5000,634.5000,103.0000,111.0000
467.5000,606.5000,103.0000,111.0000
459.5000,591.5000,103.0000,111.0000
467.5000,606.5000,103.0000,111.0000
467.5000,605.5000,103.0000,111.0000
459.5000,591.5000,103.0000,111.0000
459.5000,591.5000,103.0000,111.0000
459.5000,591.5000,103.0000,111.0000
459.5000,591.5000,103.0000,111.0000
459.5000,591.5000,103.0000,111.0000
459.5000,591.5000,103.0000,111.0000
459.5000,591.5000,103.0000,111.0000
312.5000,634.5000,103.0000,111.0000
312.5000,634.5000,103.0000,111.0000
459.5000,591.5000,103.0000,111.0000
459.5000,591.5000,103.0000,111.0000
459.5000,591.5000,103.0000,111.0000
459.5000,591.5000,103.0000,111.0000
650.5417,321.0417,79.9165,83.9165
459.5000,591.5000,103.0000,111.0000
459.5000,591.5000,103.0000,111.0000
459.5000,591.5000,103.0000,111.0000
614.0953,473.0952,67.8095,71.8095
635.9252,319.4252,84.1497,88.1497
646.6669,322.6669,78.6662,82.6662
614.8128,479.3128,65.3744,69.3744
612.7644,472.2644,77.4711,81.4711
613.8807,471.8807,76.2386,80.2386
610.0845,471.5845,75.8310,79.8310
609.2619,474.7619,72.4762,76.4762
604.1607,465.1607,88.6786,92.6786
606.5154,465.0154,87.9692,91.9692
605.4271,466.4271,84.1458,88.1458
604.6793,467.1793,81.6413,85.6413
602.2898,466.2898,84.4204,88.4204
600.3085,465.8084,81.3831,85.3831
597.9702,464.9702,85.0596,89.0596
601.0637,471.0638,79.8725,83.8725
601.0588,472.5588,75.8824,79.8824
459.5000,591.5000,103.0000,111.0000
603.1714,472.1715,74.6571,78.6571
605.7144,478.2144,65.5713,69.5713
602.5897,475.5898,68.8205,72.8205
459.5000,590.5000,103.0000,111.0000
603.3969,474.3969,72.2063,76.2063
603.0588,473.5588,75.8824,79.8824
599.3834,469.8834,83.2333,87.2333
599.7793,473.7793,83.4414,87.4414
599.8710,475.3711,79.2579,83.2579
601.6434,477.6434,72.7132,76.7132
597.0426,471.0426,74.9147,78.9147
467.5000,576.5000,103.0000,111.0000
475.5000,576.5000,103.0000,111.0000
598.8959,479.3958,70.2083,74.2083
589.3423,472.8423,89.3153,93.3153
586.5291,471.0291,87.9417,91.9417
587.7969,474.2969,91.4061,95.4061
584.8709,470.8709,93.2582,97.2582
584.5943,473.5943,93.8113,97.8113
596.4159,485.9159,70.1682,74.1682
475.5000,576.5000,103.0000,111.0000
475.5000,576.5000,103.0000,111.0000
475.5000,576.5000,103.0000,111.0000
595.1263,495.1263,63.7474,67.7475
584.7858,490.2858,79.4285,83.4285
593.1790,498.6789,65.6421,69.6421
591.5542,501.5542,69.8916,73.8916
587.1715,497.6715,78.6570,82.6570
581.9346,493.4347,83.1307,87.1307
580.6118,497.6118,78.7764,82.7764
579.9736,497.4736,87.0528,91.0528
577.0722,494.0722,93.8556,97.8556
589.1542,506.6542,77.6916,81.6916
598.6421,518.1421,59.7158,63.7158
588.0169,518.5169,69.9662,73.9662
579.4437,517.9437,77.1125,81.1125
572.9822,507.9821,90.0357,94.0357
565.7234,502.7234,98.5532,102.5532
573.9030,512.4030,92.1940,96.1940
572.6286,513.6286,90.7428,94.7428
571.6721,519.6721,87.6559,91.6559
568.9197,516.9197,88.1606,92.1606
571.4627,521.9627,90.0746,94.0746
563.1050,515.6050,100.7900,104.7900
576.7063,529.7063,81.5874,85.5874
572.9320,528.9320,79.1360,83.1360
573.4257,526.4257,80.1487,84.1487
567.0300,526.0300,88.9399,92.9399
569.9949,526.9949,88.0103,92.0103
571.1965,531.6965,86.6070,90.6070
577.8625,535.8625,80.2750,84.2750
572.3688,533.3688,89.2624,93.2624
566.0739,530.5739,92.8521,96.8521
569.2134,538.2134,80.5732,84.5732
574.0026,542.0026,75.9949,79.9949
566.4808,537.4808,84.0384,88.0384
558.1161,528.6161,91.7679,95.7679
566.0218,545.0218,62.9564,66.9564
566.7779,549.7779,60.4443,64.4443
567.7174,543.7174,74.5651,78.5651
540.5000,547.5000,103.0000,111.0000
540.5000,547.5000,103.0000,111.0000
563.8212,544.8212,73.3575,77.3575
558.0028,536.0028,73.9944,77.9944
524.5000,533.5000,103.0000,111.0000
525.5000,533.5000,103.0000,111.0000
540.5000,547.5000,103.0000,111.0000
540.5000,547.5000,103.0000,111.0000
559.3008,536.8008,83.3983,87.3983
548.5179,536.5179,82.9643,86.9643
551.5917,531.5917,84.8167,88.8167
550.7500,536.7500,74.5000,78.5000
549.7520,531.7520,83.4961,87.4961
549.6313,535.1313,73.7374,77.7374
550.6257,534.1257,72.7485,76.7485
549.6980,526.1980,87.6040,91.6040
558.7189,536.2189,59.5623,63.5623
516.5000,533.5000,103.0000,111.0000
516.5000,533.5000,103.0000,111.0000
524.5000,532.5000,103.0000,111.0000
516.5000,533.5000,103.0000,111.0000
542.2589,513.2589,79.4821,83.4821
508.5000,532.5000,103.0000,111.0000
492.5000,532.5000,103.0000,111.0000
508.5000,533.5000,103.0000,111.0000
508.5000,533.5000,103.0000,111.0000
508.5000,533.5000,103.0000,111.0000
556.3510,522.3510,61.2980,65.2980
550.0028,512.0028,73.9944,77.9944
492.5000,532.5000,103.0000,111.0000
492.5000,533.5000,103.0000,111.0000
588.5000,304.5000,103.0000,111.0000
492.5000,532.5000,103.0000,111.0000
491.5000,533.5000,103.0000,111.0000
588.5000,304.5000,103.0000,111.0000
588.5000,304.5000,103.0000,111.0000
588.5000,304.5000,103.0000,111.0000
459.5000,532.5000,103.0000,111.0000
588.5000,304.5000,103.0000,111.0000
588.5000,304.5000,103.0000,111.0000
588.5000,304.5000,103.0000,111.0000
588.5000,304.5000,103.0000,111.0000
588.5000,304.5000,103.0000,111.0000
588.5000,304.5000,103.0000,111.0000
588.5000,304.5000,103.0000,111.0000
588.5000,304.5000,103.0000,111.0000
458.5000,532.5000,103.0000,111.0000
588.5000,304.5000,103.0000,111.0000
588.5000,304.5000,103.0000,111.0000
588.5000,304.5000,103.0000,111.0000
588.5000,304.5000,103.0000,111.0000
588.5000,304.5000,103.0000,111.0000
588.5000,304.5000,103.0000,111.0000
588.5000,304.5000,103.0000,111.0000
588.5000,304.5000,103.0000,111.0000
442.5000,518.5000,103.0000,111.0000
588.5000,304.5000,103.0000,111.0000
588.5000,304.5000,103.0000,111.0000
588.5000,304.5000,103.0000,111.0000
588.5000,304.5000,103.0000,111.0000
588.5000,304.5000,103.0000,111.0000
588.5000,304.5000,103.0000,111.0000
588.5000,304.5000,103.0000,111.0000
588.5000,304.5000,103.0000,111.0000
426.5000,533.5000,103.0000,111.0000
588.5000,304.5000,103.0000,111.0000
588.5000,304.5000,103.0000,111.0000
588.5000,304.5000,103.0000,111.0000
588.5000,304.5000,103.0000,111.0000
588.5000,304.5000,103.0000,111.0000
588.5000,304.5000,103.0000,111.0000
588.5000,304.5000,103.0000,111.0000
426.5000,533.5000,103.0000,111.0000
434.5000,547.5000,103.0000,111.0000
426.5000,533.5000,103.0000,111.0000
418.5000,533.5000,103.0000,111.0000
418.5000,533.5000,103.0000,111.0000
426.5000,533.5000,103.0000,111.0000
426.5000,576.5000,103.0000,111.0000
410.5000,576.5000,103.0000,111.0000
410.5000,576.5000,103.0000,111.0000
410.5000,533.5000,103.0000,111.0000
410.5000,547.5000,103.0000,111.0000
409.5000,547.5000,103.0000,111.0000
394.5000,533.5000,103.0000,111.0000
394.5000,533.5000,103.0000,111.0000
394.5000,533.5000,103.0000,111.0000
394.5000,532.5000,103.0000,111.0000
393.5000,532.5000,103.0000,111.0000
549.4808,396.4808,84.0384,88.0384
547.7344,402.2344,75.5312,79.5312
393.5000,532.5000,103.0000,111.0000
385.5000,532.5000,103.0000,111.0000
377.5000,518.5000,103.0000,111.0000
532.0868,390.5868,83.8265,87.8265
533.6726,391.6726,80.6548,84.6548
526.3314,385.8314,91.3372,95.3372
532.5619,378.0619,94.8763,98.8763
530.2973,378.7973,96.4055,100.4055
524.0720,376.0720,94.8561,98.8561
536.6050,390.1050,75.7899,79.7899
534.1370,393.1369,73.7261,77.7261
511.1409,379.6409,99.7183,103.7183
505.2446,377.7446,97.5109,101.5109
501.3520,379.8520,94.2960,98.2960
498.9343,377.9343,99.1314,103.1314
499.1254,386.1254,91.7492,95.7492
494.1663,391.1663,86.6675,90.6675
493.0443,386.0443,90.9113,94.9113
492.1115,392.1115,82.7770,86.7770
485.9789,384.9789,93.0421,97.0421
482.0357,382.0357,96.9285,100.9285
480.7429,378.7429,95.5142,99.5142
474.3904,384.8904,93.2193,97.2193
471.6960,389.1960,88.6079,92.6079
472.6499,397.6499,69.7003,73.7003
466.0472,392.5472,81.9056,85.9056
460.1257,394.1257,73.7486,77.7486
456.6671,399.1671,69.6659,73.6659
446.1036,389.1036,85.7929,89.7929
435.4542,385.9542,91.0917,95.0917
434.8000,381.8000,96.3999,100.3999
433.1688,401.1688,64.6624,68.6624
434.4152,403.9152,61.1695,65.1695
414.1983,389.1983,86.6034,90.6034
407.2763,385.2763,89.4473,93.4473
406.3248,392.3248,82.3504,86.3504
392.8958,384.8958,94.2083,98.2083
400.8336,391.3336,84.3329,88.3329
390.1053,384.6053,88.7894,92.7894
394.4611,387.9611,82.0778,86.0778
383.8174,382.3174,90.3652,94.3652
392.4390,391.9390,75.1220,79.1220
380.3401,387.8401,83.3198,87.3198
385.8914,395.3914,75.2171,79.2171
383.7933,391.2933,77.4133,81.4133
375.6323,384.1323,87.7353,91.7353
370.4574,379.9574,94.0852,98.0852
378.0448,386.0448,84.9103,88.9103
374.6483,389.6483,81.7035,85.7035
369.5117,384.0117,88.9767,92.9767
372.6968,387.6968,85.6065,89.6065
364.7469,380.2469,92.5061,96.5061
363.9276,379.4276,92.1448,96.1448
361.6402,378.1402,93.7197,97.7197
985.1518,107.6518,98.6964,102.6964
359.8652,382.8652,88.2696,92.2696
357.6565,375.6565,93.6871,97.6871
360.9886,379.9886,90.0227,94.0227
363.2260,378.2260,90.5480,94.5480
360.1785,374.1785,92.6430,96.6430
359.5417,373.0417,94.9166,98.9166
356.8989,368.3989,99.2022,103.2022
355.3510,369.3510,100.2980,104.2980
356.2813,362.7813,103.4375,107.4375
357.7761,365.2761,99.4479,103.4479
359.9698,371.4698,95.0603,99.0603
357.8513,365.3513,98.2974,102.2974
365.5417,375.0417,82.9166,86.9166
364.5147,366.5147,93.9706,97.9706
369.5562,358.5562,95.8875,99.8875
372.5377,359.5377,92.9246,96.9246
374.2262,356.2262,93.5476,97.5476
374.7350,351.7350,97.5299,101.5299
374.4938,357.4938,92.0123,96.0123
368.7500,349.2500,101.5000,105.5000
370.1688,344.1688,104.6625,108.6625
371.2130,344.2130,105.5740,109.5740
377.3938,344.3938,102.2124,106.2124
373.5960,344.0960,102.8079,106.8079
376.5787,346.0787,99.8425,103.8425
379.1409,342.6409,99.7183,103.7183
379.5508,342.0508,101.8984,105.8984
383.3672,343.8672,97.2657,101.2657
382.2188,342.7188,99.5625,103.5625
385.4168,343.4168,92.1663,96.1663
384.9328,337.4328,97.1344,101.1344
389.9399,338.9399,92.1202,96.1202
387.7561,338.7561,92.4878,96.4878
390.8245,336.3245,93.3509,97.3509
390.2935,333.2935,97.4130,101.4130
392.1706,334.6706,95.6588,99.6588
389.5323,332.5323,97.9354,101.9354
394.3353,331.8353,98.3295,102.3295
396.9765,330.4765,102.0470,106.0470
395.7400,329.2400,101.5200,105.5200
396.9737,329.9737,99.0526,103.0526
399.8574,327.8574,100.2852,104.2852
401.5646,327.5646,98.8709,102.8709
398.5632,325.0632,101.8736,105.8736
400.6838,325.6838,100.6325,104.6325
402.2318,325.7318,99.5364,103.5364
399.2316,324.2316,102.5368,106.5368
398.5855,324.0855,101.8289,105.8289
394.5121,326.0121,97.9758,101.9758
391.2125,327.2125,96.5749,100.5749
389.9197,326.9197,95.1606,99.1606
388.8666,326.3666,94.2668,98.2668
387.6253,324.1253,96.7493,100.7493
378.9399,326.4399,92.1202,96.1202
378.6948,326.1948,94.6103,98.6103
377.9879,325.9879,93.0241,97.0241
374.5417,325.5417,88.9166,92.9166
377.0634,325.0634,90.8732,94.8732
369.4630,323.4630,97.0741,101.0741
369.9789,323.9789,96.0421,100.0421
367.0385,324.0385,96.9230,100.9230
363.6201,323.1201,99.7597,103.7597
357.0974,321.5974,100.8052,104.8052
360.4520,321.9520,97.0961,101.0961
359.6944,320.6944,97.6113,101.6113
353.2934,320.7934,100.4132,104.4132
356.4383,321.4383,96.1234,100.1234
349.8556,317.3556,102.2888,106.2888
345.5923,320.5923,100.8153,104.8153
346.5284,320.5284,99.9433,103.9433
340.6253,320.1253,100.7494,104.7494
334.4382,319.9382,103.1236,107.1236
335.0170,318.0170,102.9660,106.9660
331.0170,319.0170,102.9660,106.9660
325.0149,315.5149,105.9702,109.9702
322.7917,315.2917,105.4166,109.4166
326.5981,315.5981,99.8037,103.8037
324.3502,316.3502,101.2996,105.2996
321.3753,317.3753,99.2493,103.2493
321.5063,315.5063,100.9874,104.9874
319.7565,314.7565,99.4870,103.4870
315.4005,309.9005,101.1991,105.1991
319.1876,309.6876,95.6248,99.6248
315.8781,308.3781,97.2439,101.2439
313.1103,309.1103,88.7794,92.7794
304.1706,304.1706,95.6588,99.6588
305.9396,298.4396,98.1208,102.1208
311.8781,294.3781,97.2439,101.2439
305.5725,293.0725,98.8550,102.8550
306.2110,288.7110,99.5781,103.5781
301.1088,287.1088,100.7823,104.7823
305.3753,276.3753,107.2494,111.2494
312.1136,263.6136,115.7729,119.7729
292.8182,269.8182,107.3637,111.3637
299.9453,261.4453,112.1094,116.1094
306.6272,254.6272,116.7457,120.7457
314.2014,247.2014,123.5972,127.5972
314.4612,249.9612,124.0775,128.0775
314.5585,248.0585,120.8830,124.8830
310.8922,248.3922,125.2157,129.2157
294.0483,256.5483,114.9035,118.9035
316.1449,244.1449,127.7102,131.7102
316.7028,248.7028,129.5945,133.5945
325.4073,246.9073,133.1854,137.1854
317.5709,250.0709,129.8582,133.8582
327.8903,245.3903,134.2194,138.2194
319.8847,247.3847,130.2306,134.2306
317.9387,247.9387,131.1225,135.1225
280.5053,254.5053,121.9894,125.9894
287.1505,252.6505,125.6991,129.6991
270.9066,256.9066,121.1868,125.1868
233.9515,262.9515,112.0970,116.0970
226.5707,263.5707,108.8585,112.8585
219.1732,266.1732,103.6536,107.6536
209.5252,265.5252,105.9495,109.9495
209.3228,264.8228,106.3544,110.3544
215.1833,260.1833,110.6333,114.6333
205.8335,261.8335,108.3331,112.3331
203.9435,260.9435,109.1129,113.1129
196.9758,259.4759,111.0483,115.0483
187.4750,260.4750,109.0500,113.0500
188.1471,258.6471,108.7058,112.7058
182.4850,258.4850,110.0299,114.0299
180.5587,257.0587,107.8826,111.8826
177.6333,257.6334,105.7333,109.7333
179.5966,257.0966,103.8068,107.8068
180.6375,257.6375,102.7250,106.7250
175.4659,257.9659,101.0681,105.0681
165.6659,258.1659,97.6682,101.6682
154.5329,257.5329,98.9342,102.9342
152.2727,258.2727,95.4545,99.4545
143.6267,255.6267,97.7466,101.7466
145.1793,255.1793,96.6414,100.6414
146.6267,254.6267,97.7466,101.7466
142.6005,254.1005,96.7990,100.7990
139.4027,254.4027,97.1946,101.1946
131.6974,255.1974,89.6051,93.6051
132.6974,254.1974,89.6051,93.6051
133.0785,248.0785,92.8431,96.8431
132.5936,247.5936,94.8128,98.8128
135.3069,249.8069,84.3862,88.3862
135.3557,242.3557,86.2887,90.2887
139.8091,239.3091,87.3818,91.3818
140.2843,241.2843,82.4314,86.4314
143.5532,245.5532,67.8936,71.8936
145.2212,246.7212,64.5576,68.5576
222.5000,125.5000,103.0000,111.0000
221.5000,125.5000,103.0000,111.0000
221.5000,125.5000,103.0000,111.0000
154.3758,231.3758,71.2484,75.2484
150.7308,236.2308,64.5384,68.5384
150.7751,237.2751,61.4499,65.4499
147.7933,229.2933,77.4133,81.4133
153.1421,236.6421,59.7158,63.7158
151.3756,226.3756,77.2488,81.2488
151.2120,226.7120,74.5760,78.5760
213.5000,125.5000,103.0000,111.0000
205.5000,125.5000,103.0000,111.0000
144.6913,209.1913,85.6174,89.6174
148.5179,209.0179,82.9643,86.9643
141.5117,207.0117,88.9767,92.9767
137.8008,200.8008,99.3983,103.3983
138.7415,203.2415,95.5170,99.5170
133.6832,201.1832,94.6335,98.6335
137.7566,204.2566,89.4868,93.4868
142.0513,207.0513,81.8974,85.8974
139.6367,201.6367,84.7265,88.7265
138.8091,203.3091,87.3818,91.3818
140.0583,210.0583,72.8834,76.8834
143.1753,210.6753,71.6494,75.6494
143.0637,207.5637,81.8727,85.8727
149.2821,203.2821,88.4358,92.4358
146.4486,196.9486,94.1028,98.1028
142.5139,200.0139,91.9722,95.9722
146.6286,199.1286,90.7428,94.7428
145.8022,196.8022,93.3957,97.3957
148.9399,197.4399,92.1202,96.1202
145.4636,195.4636,91.0727,95.0727
145.0840,195.5840,90.8319,94.8319
144.3555,193.3555,92.2891,96.2891
150.2222,189.2222,87.5555,91.5555
152.3948,185.8948,90.2105,94.2105
152.1614,187.6614,89.6772,93.6772
151.6931,186.6931,85.6138,89.6138
151.1116,178.1116,87.7767,91.7767
155.1683,186.6683,80.6633,84.6633
151.7596,187.2596,77.4808,81.4808
163.5418,191.0418,67.9165,71.9165
149.8866,179.3866,85.2268,89.2268
151.4713,179.4713,82.0573,86.0573
173.5000,140.5000,103.0000,111.0000
164.5000,126.5000,103.0000,111.0000
169.8591,174.3591,66.2817,70.2817
154.3892,153.3892,92.2216,96.2216
154.5857,140.5857,98.8286,102.8286
165.5946,145.5946,81.8109,85.8109
865.0894,103.5894,110.8212,114.8212
906.6669,121.1669,81.6662,85.6662
894.1876,126.6877,77.6247,81.6247
165.2292,152.2292,78.5416,82.5416
148.5000,140.5000,103.0000,111.0000
866.9083,112.4083,108.1833,112.1833
854.1441,97.6441,130.7117,134.7117
878.2059,106.2059,119.5882,123.5882
881.2059,106.2059,119.5882,123.5882
904.3282,114.8282,107.3435,111.3435
904.5286,109.5286,114.9429,118.9429
901.7334,111.7334,115.5332,119.5332
901.9541,105.9541,125.0918,129.0918
896.7123,111.2123,114.5754,118.5754
881.5827,101.0827,139.8346,143.8346
904.2429,113.2429,121.5143,125.5143
897.2622,111.7622,133.4756,137.4756
889.0038,118.5038,132.9923,136.9923
902.3093,132.3093,128.3814,132.3814
926.9482,147.9482,107.1035,111.1035
908.8159,138.3158,146.3683,150.3683
924.9821,156.9820,135.0359,139.0359
933.6479,167.1479,128.7043,132.7043
922.8876,172.8876,122.2248,126.2248
978.1768,207.6768,68.6464,72.6464
947.6634,191.6634,100.6732,104.6732
213.5000,954.5000,103.0000,111.0000
213.5000,954.5000,103.0000,111.0000
950.5620,213.0620,104.8760,108.8760
939.8153,210.3153,120.3694,124.3694
925.2927,207.2927,133.4146,137.4146
115.5000,373.5000,103.0000,111.0000
247.5000,998.5000,103.0000,111.0000
988.3754,256.8755,86.2491,90.2491
952.8492,244.8492,104.3015,108.3015
963.7827,244.7826,120.4348,124.4348
400.5708,127.5708,123.8585,127.8585
986.1256,73.6256,76.7488,80.7488
66.5000,940.5000,103.0000,111.0000
1001.9789,273.9789,93.0421,97.0421
884.0129,48.0129,133.9742,137.9742
965.3301,63.3301,101.3397,105.3397
58.5000,998.5000,103.0000,111.0000
958.6355,76.6355,88.7290,92.7290
164.5000,402.5000,103.0000,111.0000
180.5000,402.5000,103.0000,111.0000
66.5000,882.5000,103.0000,111.0000
935.8735,91.8735,83.2530,87.2530
115.5000,373.5000,103.0000,111.0000
588.5000,304.5000,103.0000,111.0000
588.5000,304.5000,103.0000,111.0000
197.5000,402.5000,103.0000,111.0000
588.5000,304.5000,103.0000,111.0000
952.6358,112.1358,87.7284,91.7284
964.5656,118.0656,82.8688,86.8688
588.5000,304.5000,103.0000,111.0000
588.5000,304.5000,103.0000,111.0000
588.5000,304.5000,103.0000,111.0000
148.5000,489.5000,103.0000,111.0000
246.5000,896.5000,103.0000,111.0000
140.5000,984.5000,103.0000,111.0000
148.5000,547.5000,103.0000,111.0000
132.5000,998.5000,103.0000,111.0000
132.5000,649.5000,103.0000,111.0000
1016.5538,162.0538,61.8923,65.8923
132.5000,998.5000,103.0000,111.0000
148.5000,489.5000,103.0000,111.0000
148.5000,489.5000,103.0000,111.0000
148.5000,489.5000,103.0000,111.0000
524.3358,132.8358,105.3284,109.3284
131.5000,532.5000,103.0000,111.0000
588.5000,304.5000,103.0000,111.0000
148.5000,489.5000,103.0000,111.0000
148.5000,518.5000,103.0000,111.0000
148.5000,518.5000,103.0000,111.0000
148.5000,518.5000,103.0000,111.0000
148.5000,605.5000,103.0000,111.0000
148.5000,721.5000,103.0000,111.0000
596.0838,148.0838,111.8324,115.8324
588.5000,304.5000,103.0000,111.0000
697.6979,123.6980,117.6041,121.6041
588.5000,304.5000,103.0000,111.0000
745.4828,125.4828,124.0345,128.0345
700.9626,151.4626,110.0747,114.0747
148.5000,664.5000,103.0000,111.0000
148.5000,722.5000,103.0000,111.0000
645.3847,138.8847,130.2306,134.2306
508.5000,53.5000,103.0000,111.0000
66.0696,506.0696,108.8607,112.8607
70.3420,506.3420,119.3159,123.3159
74.1698,512.6698,93.6604,97.6604
68.1854,502.6854,109.6292,113.6292
74.2652,511.2652,88.4696,92.4696
62.7682,497.7682,106.4636,110.4636
65.8080,493.8080,120.3840,124.3840
67.9339,500.4339,111.1322,115.1322
68.1965,500.6965,114.6071,118.6071
71.3280,504.3280,116.3440,120.3440
783.8236,139.8236,136.3528,140.3528
780.2997,136.7997,139.4005,143.4005
69.8090,507.8090,103.3821,107.3821
76.9046,517.4046,94.1908,98.1908
778.0787,140.5787,99.8425,103.8425
68.5709,503.5709,122.8583,126.8583
758.5674,129.5674,121.8651,125.8651
65.6637,502.1637,119.6726,123.6726
64.8064,499.8064,122.3872,126.3872
713.2026,132.2026,109.5947,113.5947
696.8679,125.3679,119.2643,123.2643
684.8480,138.3480,83.3041,87.3041
718.4678,143.4678,98.0645,102.0645
719.1892,128.1892,125.6215,129.6215
718.2016,132.7016,131.5968,135.5968
739.4243,128.9242,143.1515,147.1515
729.1007,122.6007,153.7986,157.7986
721.1827,127.6827,142.6345,146.6345
746.4623,132.9623,136.0754,140.0754
737.1954,134.6953,131.6093,135.6093
774.4704,134.9704,138.0592,142.0592
753.8282,138.8282,135.3436,139.3436
748.5756,129.0756,149.8489,153.8489
788.3381,127.3381,154.3239,158.3239
748.2812,132.7813,143.4375,147.4375
760.4614,132.9614,147.0772,151.0772
730.2735,137.2735,144.4529,148.4529
729.7742,138.7742,144.4516,148.4516
715.6788,137.1788,137.6423,141.6423
724.3458,130.3458,145.3083,149.3083
722.6244,141.6244,131.7512,135.7512
708.6962,126.6962,145.6077,149.6077
696.8407,135.3407,131.3185,135.3185
685.3458,133.3458,130.3083,134.3083
669.2222,132.2222,123.5555,127.5555
653.6088,130.1088,127.7824,131.7824
630.7852,124.7852,131.4297,135.4297
620.3551,131.8551,107.2898,111.2898
646.3365,130.8365,106.3270,110.3270
642.5852,144.5852,110.8296,114.8296
673.6755,163.1755,108.6489,112.6489
181.5000,721.5000,103.0000,111.0000
181.5000,663.5000,103.0000,111.0000
181.5000,663.5000,103.0000,111.0000
588.5000,304.5000,103.0000,111.0000
197.5000,765.5000,103.0000,111.0000
588.5000,304.5000,103.0000,111.0000
132.5000,518.5000,103.0000,111.0000
156.5000,635.5000,103.0000,111.0000
148.5000,518.5000,103.0000,111.0000
148.5000,489.5000,103.0000,111.0000
588.5000,304.5000,103.0000,111.0000
181.5000,664.5000,103.0000,111.0000
588.5000,304.5000,103.0000,111.0000
588.5000,304.5000,103.0000,111.0000
181.5000,663.5000,103.0000,111.0000
181.5000,693.5000,103.0000,111.0000
147.5000,460.5000,103.0000,111.0000
588.5000,304.5000,103.0000,111.0000
588.5000,304.5000,103.0000,111.0000
140.5000,460.5000,103.0000,111.0000
148.5000,460.5000,103.0000,111.0000
131.5000,416.5000,103.0000,111.0000
116.5000,489.5000,103.0000,111.0000
540.6519,137.6518,63.6963,67.6963
530.6559,123.6559,112.6882,116.6882
806.8364,221.3363,109.3273,113.3273
558.5445,140.0445,66.9110,70.9110
536.0100,111.5100,119.9799,123.9799
539.4793,118.9793,127.0414,131.0414
493.2386,126.7386,106.5227,110.5227
525.2515,132.2514,94.4971,98.4971
816.2656,233.2656,115.4687,119.4687
846.0699,230.5699,123.8602,127.8602
550.1876,130.6876,113.6249,117.6249
553.2929,122.2929,121.4142,125.4142
542.6187,120.6186,117.7627,121.7627
544.2789,138.2789,103.4423,107.4423
566.0456,136.5456,104.9088,108.9088
538.0012,136.0012,101.9975,105.9975
542.2727,131.7727,117.4545,121.4545
518.6086,151.1086,65.7829,69.7829
148.5000,519.5000,103.0000,111.0000
544.7540,128.2540,113.4919,117.4919
562.3823,136.8823,105.2355,109.2355
524.8773,134.8773,112.2454,116.2454
525.9119,131.9119,116.1761,120.1761
555.1982,136.6982,104.6037,108.6037
560.4333,132.9333,118.1333,122.1333
562.3723,134.3723,114.2555,118.2555
564.0630,126.0630,126.8741,130.8741
574.1545,131.6545,119.6909,123.6909
551.3752,133.8753,111.2495,115.2495
556.7891,131.7891,123.4218,127.4218
575.1945,135.1945,123.6110,127.6110
568.4403,140.9403,109.1194,113.1194
543.3867,128.3867,122.2266,126.2266
536.3635,134.3635,115.2730,119.2730
556.1965,130.6965,114.6071,118.6071
556.3864,141.3864,102.2272,106.2272
605.7693,161.7693,64.4615,68.4615
590.4490,136.9490,109.1021,113.1021
581.4382,139.9382,105.1237,109.1237
548.5555,132.0555,117.8890,121.8890
528.3550,134.3551,110.2899,114.2899
549.3872,132.8872,114.2256,118.2256
544.0751,132.5751,118.8498,122.8498
156.5000,533.5000,103.0000,111.0000
588.5000,304.5000,103.0000,111.0000
148.5000,547.5000,103.0000,111.0000
603.0374,144.0374,99.9252,103.9252
615.2812,140.7813,103.4375,107.4375
618.9314,137.4314,107.1372,111.1372
164.5000,634.5000,103.0000,111.0000
633.5417,172.0418,67.9165,71.9165
617.2813,174.2813,83.4374,87.4374
603.1454,147.1454,128.7091,132.7091
618.9693,142.4693,135.0614,139.0614
656.5645,135.0644,133.8711,137.8711
634.1860,138.6860,133.6279,137.6279
634.5228,138.0228,119.9544,123.9544
621.3911,151.8910,99.2179,103.2179
648.5508,143.0508,101.8984,105.8984
642.1769,163.1769,86.6461,90.6461
660.3752,141.3752,123.2496,127.2496
676.1188,164.6188,109.7623,113.7623
641.8561,180.3561,90.2879,94.2879
664.6434,191.6434,72.7132,76.7132
621.0596,161.5596,104.8807,108.8807
639.5250,179.0250,83.9500,87.9500
653.3713,203.3713,64.2573,68.2573
180.5000,634.5000,103.0000,111.0000
181.5000,634.5000,103.0000,111.0000
665.4406,196.4405,63.1189,67.1189
181.5000,634.5000,103.0000,111.0000
630.2243,182.2243,102.5514,106.5514
180.5000,634.5000,103.0000,111.0000
181.5000,634.5000,103.0000,111.0000
662.7778,152.7778,132.4444,136.4444
656.0114,169.5114,111.9773,115.9773
691.0701,150.5701,137.8597,141.8597
677.9073,164.9073,135.1854,139.1854
696.8034,145.3034,133.3932,137.3932
678.8162,152.8162,137.3676,141.3676
675.6679,159.1679,124.6642,128.6642
680.5107,174.0107,103.9786,107.9786
772.8167,133.8167,97.3667,101.3667
686.3613,160.3613,141.2775,145.2775
148.5000,751.5000,103.0000,111.0000
132.5000,751.5000,103.0000,111.0000
148.5000,722.5000,103.0000,111.0000
781.4708,140.4708,75.0584,79.0584
764.6631,115.6632,120.6737,124.6737
116.5000,751.5000,103.0000,111.0000
796.1389,133.6388,79.7223,83.7223
124.5000,751.5000,103.0000,111.0000
132.5000,751.5000,103.0000,111.0000
131.5000,751.5000,103.0000,111.0000
132.5000,751.5000,103.0000,111.0000
123.5000,751.5000,103.0000,111.0000
116.5000,751.5000,103.0000,111.0000
800.4252,120.9251,89.1497,93.1497
132.5000,649.5000,103.0000,111.0000
148.5000,635.5000,103.0000,111.0000
148.5000,634.5000,103.0000,111.0000
588.5000,304.5000,103.0000,111.0000
230.5000,635.5000,103.0000,111.0000
132.5000,649.5000,103.0000,111.0000
132.5000,649.5000,103.0000,111.0000
148.5000,635.5000,103.0000,111.0000
140.5000,663.5000,103.0000,111.0000
657.5009,168.5009,124.9983,128.9983
794.5883,126.5882,103.8235,107.8235
124.5000,693.5000,103.0000,111.0000
763.1514,111.6514,132.6973,136.6973
768.9523,106.4522,147.0955,151.0955
780.0637,108.5636,136.8727,140.8727
682.0410,138.0410,78.9181,82.9181
665.1674,146.6674,60.6651,64.6652
670.7558,129.7558,94.4884,98.4884
725.5752,128.0752,83.8497,87.8497
735.0163,126.5163,85.9674,89.9674
792.8384,116.3384,102.3232,106.3232
116.5000,663.5000,103.0000,111.0000
123.5000,692.5000,103.0000,111.0000
712.5737,131.5737,93.8527,97.8527
691.6650,126.6650,98.6699,102.6699
703.8830,127.8830,100.2340,104.2340
728.4500,119.4500,114.0999,118.0999
131.5000,649.5000,103.0000,111.0000
698.1291,136.6291,85.7418,89.7418
124.5000,693.5000,103.0000,111.0000
699.1281,129.6280,97.7439,101.7439
711.6530,131.1530,96.6940,100.6940
710.7664,122.2664,112.4672,116.4672
686.5751,128.0751,103.8498,107.8498
679.7520,141.7520,83.4961,87.4961
713.6332,135.6333,98.7335,102.7335
732.3795,138.8794,83.2411,87.2411
132.5000,751.5000,103.0000,111.0000
132.5000,635.5000,103.0000,111.0000
669.3834,138.3834,83.2333,87.2333
675.2969,135.2969,99.4062,103.4062
663.1751,133.6751,96.6497,100.6497
662.1494,127.6494,113.7013,117.7013
670.6271,122.6271,118.7458,122.7458
666.6309,127.1309,117.7382,121.7382
677.0417,128.5417,109.9166,113.9166
678.7273,132.7273,106.5454,110.5454
687.2510,130.2511,110.4979,114.4979
685.7750,136.2750,106.4500,110.4500
710.6924,129.6924,115.6151,119.6151
691.3243,156.8243,78.3514,82.3514
701.7227,148.2227,83.5546,87.5546
669.2744,143.7744,92.4512,96.4512
693.5644,140.5644,102.8712,106.8712
674.3127,151.3127,76.3747,80.3747
659.3934,142.3933,93.2133,97.2133
657.9822,135.4821,104.0357,108.0357
674.4031,142.9031,83.1938,87.1938
663.1751,136.1751,91.6497,95.6497
666.0346,144.5346,74.9307,78.9307
132.5000,649.5000,103.0000,111.0000
672.4659,142.4660,79.0681,83.0681
670.0220,138.0220,96.9560,100.9560
672.8214,134.8214,101.3573,105.3573
676.3371,138.3371,97.3258,101.3258
687.3568,133.3568,102.2863,106.2863
677.0812,139.0812,86.8377,90.8377
677.7578,155.7578,59.4844,63.4844
132.5000,649.5000,103.0000,111.0000
132.5000,649.5000,103.0000,111.0000
673.4390,145.4390,75.1220,79.1220
132.5000,649.5000,103.0000,111.0000
132.5000,649.5000,103.0000,111.0000
132.5000,649.5000,103.0000,111.0000
140.5000,314.5000,103.0000,111.0000
148.5000,300.5000,103.0000,111.0000
306.8938,157.8938,72.2123,76.2123
295.8569,159.3569,78.2862,82.2862
588.5000,304.5000,103.0000,111.0000
140.5000,285.5000,103.0000,111.0000
148.5000,285.5000,103.0000,111.0000
588.5000,304.5000,103.0000,111.0000
148.5000,285.5000,103.0000,111.0000
156.5000,271.5000,103.0000,111.0000
148.5000,285.5000,103.0000,111.0000
307.7188,161.7188,61.5623,65.5623
289.0950,154.0950,94.8099,98.8099
302.2947,152.2947,79.4106,83.4106
309.5066,159.0066,60.9868,64.9868
304.4669,151.9669,76.0662,80.0662
300.4899,159.9899,70.0203,74.0203
272.9393,147.9393,107.1215,111.1215
283.0632,150.5632,99.8735,103.8735
298.9322,151.9322,80.1356,84.1356
536.2934,485.2934,64.4132,68.4132
475.5000,518.5000,103.0000,111.0000
475.5000,518.5000,103.0000,111.0000
525.7813,488.7813,73.4374,77.4374
515.9070,487.9071,81.1859,85.1859
147.5000,285.5000,103.0000,111.0000
148.5000,256.5000,103.0000,111.0000
521.5168,505.5168,84.9664,88.9664
514.6340,508.6341,87.7319,91.7319
535.1337,527.6337,67.7327,71.7327
524.5000,518.5000,103.0000,111.0000
528.2917,527.2917,75.4165,79.4165
517.0129,511.5128,104.9743,108.9743
512.7123,502.7123,119.5753,123.5753
516.8031,508.3031,117.3939,121.3939
514.9877,501.9877,128.0245,132.0245
509.1688,510.1688,124.6625,128.6625
510.0295,517.5295,112.9410,116.9410
504.1045,521.1045,120.7911,124.7911
504.3674,527.8674,115.2652,119.2652
656.3726,161.3726,122.2549,126.2549
654.7803,164.7803,115.4394,119.4394
651.4418,164.9418,117.1163,121.1163
651.9344,177.4344,100.1313,104.1313
690.5240,197.0240,74.9521,78.9521
666.5556,184.5556,91.8887,95.8887
688.0226,190.5226,81.9549,85.9549
654.7234,172.2234,112.5533,116.5533
665.6473,180.6474,99.7053,103.7053
296.0406,194.5406,89.9187,93.9187
676.2589,194.7589,79.4821,83.4821
283.8115,187.8115,112.3769,116.3769
282.2418,186.7418,112.5164,116.5164
636.9135,174.9134,120.1731,124.1731
648.4339,169.9339,128.1322,132.1322
641.9944,168.9944,130.0111,134.0111
652.2418,169.7418,127.5164,131.5164
655.4750,173.4750,119.0500,123.0500
659.2667,170.2667,122.4665,126.4665
654.1690,170.1690,125.6620,129.6620
666.8439,175.8439,117.3122,121.3122
653.4757,171.9757,126.0486,130.0486
655.1690,172.1690,125.6620,129.6620
647.2225,174.2225,126.5550,130.5550
648.6830,177.1830,120.6339,124.6339
643.0091,172.5091,126.9818,130.9818
652.0459,174.5459,120.9082,124.9082
657.8417,172.3417,122.3167,126.3167
661.8598,177.3598,116.2804,120.2804
657.2606,176.7606,122.4789,126.4789
654.3297,173.8296,128.3407,132.3407
667.2258,184.7258,113.5484,117.5484
655.4552,176.9552,131.0896,135.0896
662.6533,179.1533,122.6934,126.6934
658.5682,172.0682,134.8637,138.8637
661.6042,176.1042,128.7917,132.7917
656.1688,176.1688,131.6623,135.6623
662.5229,178.5229,127.9542,131.9542
660.9574,174.4574,138.0852,142.0852
662.9689,174.9689,138.0621,142.0621
660.9831,170.4831,144.0338,148.0338
659.1072,175.6072,141.7857,145.7857
661.5413,168.0412,146.9175,150.9175
657.4443,166.4443,148.1113,152.1113
642.6266,181.6266,140.7468,144.7468
629.7153,179.2153,141.5694,145.5694
631.7867,186.7867,131.4265,135.4265
615.6510,181.1510,138.6980,142.6980
601.1853,176.6853,134.6294,138.6294
593.5861,176.0861,137.8279,141.8279
581.1010,181.1010,136.7980,140.7980
569.0445,180.0445,125.9110,129.9110
561.7711,180.7711,131.4578,135.4578
553.9180,182.4180,133.1639,137.1639
553.8434,187.3435,130.3131,134.3131
541.0209,175.5210,137.9581,141.9581
531.5253,183.0253,132.9494,136.9494
533.2609,174.2609,143.4783,147.4783
520.2972,178.2972,141.4055,145.4055
507.9372,181.9372,138.1256,142.1256
497.3547,175.8547,149.2906,153.2906
488.2968,178.7967,150.4065,154.4065
484.3547,175.3547,152.2906,156.2906
468.6042,174.6042,155.7917,159.7917
469.0899,167.0899,157.8203,161.8203
470.8697,162.8697,155.2605,159.2605
463.1097,171.1097,152.7805,156.7805
452.4308,178.9308,148.1385,152.1385
461.8932,176.3932,155.2135,159.2135
445.1463,175.6463,157.7074,161.7074
447.6135,178.6135,153.7729,157.7729
437.6667,177.6667,156.6665,160.6665
427.8763,176.3763,157.2473,161.2473
436.7710,178.2710,158.4579,162.4579
424.7710,177.2710,158.4579,162.4579
421.1252,177.1252,157.7497,161.7497
425.1064,184.1064,154.7872,158.7872
430.7834,185.2833,156.4333,160.4333
421.3598,183.8598,157.2804,161.2804
419.6287,181.6287,156.7426,160.7426
415.5006,184.5006,156.9988,160.9988
428.3686,184.3686,156.2628,160.2628
432.7360,185.2360,158.5280,162.5280
428.5669,185.0669,158.8662,162.8662
428.3073,186.8073,158.3855,162.3855
425.4438,189.9438,157.1125,161.1125
432.9826,189.9826,159.0349,163.0349
430.2460,188.2460,160.5080,164.5080
414.4610,190.9610,162.0780,166.0780
412.0436,190.0436,161.9129,165.9129
422.9825,189.4825,162.0351,166.0351
412.3546,194.8546,161.2907,165.2907
419.8315,194.3315,160.3370,164.3370
419.5204,194.0204,158.9593,162.9593
409.2460,196.2460,160.5080,164.5080
405.9825,196.4825,162.0351,166.0351
410.9937,199.9937,160.0127,164.0127
410.4171,203.4171,160.1658,164.1658
419.1512,201.6512,161.6976,165.6976
420.7000,204.2000,161.6000,165.6000
413.7601,206.2601,162.4797,166.4797
397.4504,212.4504,161.0993,165.0993
402.4778,219.4777,161.0445,165.0445
393.3616,216.8616,162.2768,166.2768
391.1433,222.1434,164.7133,168.7133
388.5667,221.5667,164.8667,168.8667
390.4356,222.4356,166.1288,170.1288
383.0628,223.5628,165.8744,169.8744
381.2832,223.2832,166.4337,170.4337
372.4165,231.9165,163.1669,167.1669
375.4514,225.9514,166.0971,170.0971
373.0975,226.0975,166.8050,170.8050
369.2898,236.7898,164.4203,168.4203
371.3495,229.8494,168.3011,172.3011
365.8978,234.3978,167.2044,171.2044
364.2744,231.7744,169.4513,173.4513
364.9233,236.9233,168.1533,172.1533
358.3857,240.3857,169.2285,173.2285
353.1491,247.1491,168.7018,172.7018
354.7982,248.7982,169.4036,173.4036
357.8681,239.3681,176.2638,180.2638
346.9715,251.9715,172.0570,176.0570
345.7531,253.2531,171.4937,175.4937
338.7359,266.7359,171.5281,175.5281
342.7968,266.7968,174.4065,178.4065
333.7350,267.2350,176.5300,180.5300
326.9447,272.4447,177.1105,181.1105
323.1052,277.6052,176.7897,180.7897
323.2398,268.2398,180.5203,184.5203
319.3587,271.8587,181.2825,185.2825
315.3980,276.8980,177.2040,181.2040
306.5992,267.0992,181.8016,185.8016
295.2575,266.2575,185.4851,189.4851
278.6042,263.6042,188.7917,192.7917
306.5221,255.0221,189.9558,193.9558
306.3613,260.3613,182.2775,186.2775
308.3318,256.8318,178.3365,182.3365
301.5585,276.0585,167.8830,171.8830
273.2246,273.2246,169.5508,173.5508
252.3741,292.8741,167.2519,171.2519
264.9591,258.9591,160.0818,164.0818
242.2456,278.2456,165.5088,169.5088
243.2835,253.7835,163.4330,167.4330
253.3543,268.3543,156.2915,160.2915
250.7143,269.2143,142.5714,146.5714
226.3651,257.3651,151.2697,155.2697
248.9801,269.9801,133.0399,137.0399
212.9222,276.9222,135.1555,139.1555
217.7619,290.7620,119.4761,123.4761
192.4272,290.9272,121.1455,125.1455
192.5011,295.5011,106.9977,110.9977
988.0538,236.0538,104.8924,108.8924
582.5000,532.5000,103.0000,111.0000
945.1642,241.6642,99.6716,103.6716
946.0146,253.5146,89.9708,93.9708
589.5000,518.5000,103.0000,111.0000
886.6530,250.1530,87.6939,91.6939
508.0658,587.5658,80.8683,84.8683
496.8001,585.8001,76.3998,80.3998
496.2422,587.7422,67.5156,71.5156
843.4833,232.9833,115.0335,119.0335
826.2656,240.2656,115.4687,119.4687
573.5000,474.5000,103.0000,111.0000
566.5000,460.5000,103.0000,111.0000
818.7257,245.7257,105.5486,109.5486
832.2017,229.2017,104.5966,108.5966
825.0014,251.5014,95.9972,99.9972
799.7948,234.7948,118.4104,122.4104
805.7570,247.2569,105.4861,109.4861
808.1921,255.6922,92.6157,96.6157
789.9152,231.9152,131.1696,135.1696
793.6229,230.6229,133.7542,137.7542
807.8804,236.8804,124.2393,128.2393
792.3562,265.8562,77.2876,81.2876
788.9486,251.4486,94.1028,98.1028
778.5739,246.0739,92.8521,96.8521
808.6473,251.1473,102.7055,106.7055
565.5000,460.5000,103.0000,111.0000
557.5000,460.5000,103.0000,111.0000
279.5000,766.5000,103.0000,111.0000
588.5000,304.5000,103.0000,111.0000
262.5000,765.5000,103.0000,111.0000
752.6609,267.1609,86.6781,90.6781
765.2715,261.2715,118.4571,122.4571
541.5000,431.5000,103.0000,111.0000
763.3432,290.8432,94.3136,98.3136
540.5000,460.5000,103.0000,111.0000
540.5000,460.5000,103.0000,111.0000
540.5000,460.5000,103.0000,111.0000
540.5000,460.5000,103.0000,111.0000
533.5000,460.5000,103.0000,111.0000
533.5000,460.5000,103.0000,111.0000
532.5000,460.5000,103.0000,111.0000
532.5000,460.5000,103.0000,111.0000
222.5000,663.5000,103.0000,111.0000
532.5000,460.5000,103.0000,111.0000
532.5000,460.5000,103.0000,111.0000
532.5000,489.5000,103.0000,111.0000
254.5000,664.5000,103.0000,111.0000
588.5000,304.5000,103.0000,111.0000
320.5000,708.5000,103.0000,111.0000
311.5000,722.5000,103.0000,111.0000
320.5000,721.5000,103.0000,111.0000
320.5000,708.5000,103.0000,111.0000
588.5000,304.5000,103.0000,111.0000
320.5000,765.5000,103.0000,111.0000
328.5000,765.5000,103.0000,111.0000
328.5000,765.5000,103.0000,111.0000
759.4386,322.4386,84.1228,88.1228
683.2523,254.2523,78.4954,82.4954
682.7533,251.2533,127.4934,131.4934
680.1316,256.6316,110.7368,114.7368
701.2813,298.7813,83.4374,87.4374
724.2728,318.2727,95.4545,99.4545
715.1111,315.1111,90.7779,94.7779
312.5000,721.5000,103.0000,111.0000
705.0880,298.0880,106.8240,110.8240
691.4390,308.4390,75.1220,79.1220
670.2692,275.2692,103.4615,107.4615
639.6610,234.6610,138.6780,142.6780
659.2661,248.2661,113.4677,117.4677
666.1292,286.6292,84.7415,88.7415
635.4078,252.4077,130.1845,134.1845
656.1254,282.1254,91.7492,95.7492
637.3543,259.8543,141.2914,145.2914
295.5000,635.5000,103.0000,111.0000
608.1182,255.6182,140.7637,144.7637
683.2787,310.2787,88.4425,92.4425
658.3024,299.3023,100.3953,104.3953
615.2148,271.7148,129.5705,133.5705
635.0803,288.0803,130.8395,134.8395
596.9399,281.4399,144.1202,148.1202
693.4171,349.9171,111.1657,115.1657
700.7925,378.7925,104.4150,108.4150
712.3465,387.8465,77.3070,81.3070
706.7581,379.7581,82.4839,86.4839
688.6155,351.6155,95.7691,99.7691
674.7192,360.7192,116.5615,120.5615
662.7670,352.7670,121.4661,125.4661
568.2926,294.2926,145.4149,149.4149
606.7294,339.7294,148.5412,152.5412
658.6345,380.1345,118.7309,122.7309
629.2837,357.2837,142.4327,146.4327
531.4904,294.9904,188.0192,192.0192
563.4513,317.4513,172.0975,176.0975
583.5843,334.0843,164.8314,168.8314
589.2679,348.7679,142.4643,146.4643
564.9599,328.4599,159.0802,163.0802
571.1012,341.1012,155.7977,159.7977
556.8441,334.8441,160.3118,164.3118
497.7950,297.2950,190.4100,194.4100
512.4694,312.9694,176.0612,180.0612
492.7461,305.2461,180.5078,184.5078
567.2885,341.2885,155.4230,159.4230
534.5251,337.5251,155.9498,159.9498
463.0311,304.0311,181.9377,185.9377
502.5654,318.5654,171.8692,175.8692
464.7361,300.2361,186.5278,190.5278
456.4483,302.4483,182.1034,186.1034
454.8698,292.3698,191.2605,195.2605
519.4500,359.4500,144.0999,148.0999
468.6054,301.1054,184.7892,188.7892
447.2048,300.7048,181.5903,185.5903
426.2740,284.2740,184.4521,188.4521
453.4600,302.4600,181.0801,185.0801
438.1960,294.6960,183.6079,187.6079
448.5506,317.0506,168.8989,172.8989
424.1252,323.6252,161.7497,165.7497
450.4378,324.9378,159.1243,163.1243
657.8943,123.3943,149.2113,153.2113
659.1715,130.6715,156.6570,160.6570
652.2789,132.2789,155.4423,159.4423
649.0546,132.0546,157.8908,161.8908
632.3439,135.3438,147.3123,151.3123
627.7672,135.2672,153.4657,157.4657
634.1960,135.6960,132.6080,136.6080
577.8830,115.8830,155.2340,159.2340
611.0146,136.0147,123.9707,127.9707
222.6810,398.1810,127.6380,131.6380
562.0227,127.0227,144.9545,148.9545
581.3547,133.3547,149.2906,153.2906
558.5895,123.0895,156.8209,160.8209
550.0589,130.0589,145.8822,149.8822
520.4547,117.9547,155.0905,159.0905
517.0007,114.5007,140.9986,144.9986
537.8978,125.8979,134.2043,138.2043
499.1889,123.6889,141.6221,145.6221
463.4445,113.9445,145.1109,149.1109
443.5000,198.5000,103.0000,111.0000
470.4620,101.4620,155.0761,159.0761
453.0635,102.5635,148.8730,152.8730
442.5442,126.0442,134.9116,138.9116
460.3604,110.8603,144.2793,148.2793
464.8066,128.3066,135.3868,139.3868
477.0955,138.0955,120.8091,124.8091
451.7769,133.7769,123.4462,127.4462
456.8286,125.8286,133.3428,137.3428
442.9401,136.9401,89.1198,93.1198
419.2096,109.2096,119.5808,123.5808
420.0836,114.0837,135.8327,139.8327
423.3985,112.8985,137.2030,141.2030
131.5000,460.5000,103.0000,111.0000
427.7295,115.2295,118.5410,122.5410
310.8755,361.3755,81.2489,85.2489
440.1263,140.6263,63.7474,67.7475
417.0390,106.0390,129.9219,133.9219
400.6042,119.6042,107.7916,111.7916
406.1188,119.6188,109.7623,113.7623
236.3126,503.3126,82.3747,86.3747
491.5000,227.5000,103.0000,111.0000
467.5000,256.5000,103.0000,111.0000
467.5000,213.5000,103.0000,111.0000
475.5000,256.5000,103.0000,111.0000
467.5000,257.5000,103.0000,111.0000
131.5000,402.5000,103.0000,111.0000
426.5000,285.5000,103.0000,111.0000
124.5000,416.5000,103.0000,111.0000
315.1754,403.6754,66.6493,70.6493
307.2475,411.2475,76.5050,80.5050
393.5000,285.5000,103.0000,111.0000
588.5000,304.5000,103.0000,111.0000
588.5000,304.5000,103.0000,111.0000
588.5000,304.5000,103.0000,111.0000
588.5000,304.5000,103.0000,111.0000
410.5000,286.5000,103.0000,111.0000
306.2515,381.2515,92.4969,96.4969
410.5000,285.5000,103.0000,111.0000
588.5000,304.5000,103.0000,111.0000
311.9104,401.4104,87.1791,91.1791
393.5000,299.5000,103.0000,111.0000
312.0023,390.0023,77.9953,81.9953
312.5000,405.5000,72.0000,76.0000
410.5000,286.5000,103.0000,111.0000
410.5000,286.5000,103.0000,111.0000
316.2500,420.2500,63.5000,67.5000
312.0264,423.0264,60.9472,64.9472
409.5000,286.5000,103.0000,111.0000
410.5000,286.5000,103.0000,111.0000
410.5000,286.5000,103.0000,111.0000
410.5000,285.5000,103.0000,111.0000
410.5000,286.5000,103.0000,111.0000
588.5000,304.5000,103.0000,111.0000
410.5000,286.5000,103.0000,111.0000
588.5000,304.5000,103.0000,111.0000
410.5000,286.5000,103.0000,111.0000
302.0898,411.0898,107.8205,111.8205
300.0116,412.0116,99.9768,103.9768
308.2834,419.2834,81.4333,85.4333
418.5000,300.5000,103.0000,111.0000
588.5000,304.5000,103.0000,111.0000
588.5000,304.5000,103.0000,111.0000
344.5000,1100.5000,103.0000,111.0000
345.5000,1100.5000,103.0000,111.0000
360.5000,1100.5000,103.0000,111.0000
345.5000,1100.5000,103.0000,111.0000
305.1688,446.1688,64.6624,68.6624
1098.8191,343.8191,99.3618,103.3618
1104.6223,340.6223,92.7553,96.7553
282.5012,436.5012,104.9977,108.9977
296.4712,453.9712,71.0576,75.0576
255.5000,533.5000,103.0000,111.0000
254.5000,532.5000,103.0000,111.0000
588.5000,304.5000,103.0000,111.0000
230.5000,518.5000,103.0000,111.0000
295.5000,518.5000,103.0000,111.0000
937.6402,186.1402,93.7197,97.7197
181.5000,954.5000,103.0000,111.0000
991.1261,197.1261,65.7478,69.7478
588.5000,304.5000,103.0000,111.0000
181.5000,896.5000,103.0000,111.0000
959.5467,190.5467,84.9066,88.9066
180.5000,896.5000,103.0000,111.0000
910.3090,197.8090,68.3819,72.3819
181.5000,896.5000,103.0000,111.0000
891.0022,194.5022,79.9956,83.9956
877.4193,179.9192,111.1615,115.1615
879.7881,182.7882,110.4237,114.4237
881.0322,190.5322,99.9355,103.9355
897.2739,182.2739,106.4523,110.4523
919.7025,182.2025,101.5949,105.5949
181.5000,954.5000,103.0000,111.0000
189.5000,824.5000,103.0000,111.0000
970.3369,194.8368,77.3263,81.3263
181.5000,954.5000,103.0000,111.0000
588.5000,304.5000,103.0000,111.0000
588.5000,304.5000,103.0000,111.0000
181.5000,896.5000,103.0000,111.0000
181.5000,896.5000,103.0000,111.0000
937.4086,191.4086,89.1829,93.1829
947.0029,187.0029,94.9943,98.9943
946.8167,186.8167,97.3667,101.3667
951.9684,185.4684,97.0631,101.0631
946.7748,173.7748,119.4503,123.4503
925.0011,178.0011,109.9979,113.9979
897.8334,183.3335,105.3331,109.3331
181.5000,896.5000,103.0000,111.0000
588.5000,304.5000,103.0000,111.0000
181.5000,896.5000,103.0000,111.0000
197.5000,867.5000,103.0000,111.0000
197.5000,867.5000,103.0000,111.0000
588.5000,304.5000,103.0000,111.0000
942.4398,178.4398,121.1204,125.1204
934.6531,178.6531,118.6937,122.6937
941.7026,181.2026,109.5947,113.5947
947.7698,187.7698,111.4604,115.4604
934.6518,185.6518,112.6964,116.6964
957.2500,194.2500,81.5000,85.5000
976.0014,192.5014,95.9972,99.9972
968.3214,186.3214,108.3573,112.3573
961.2295,185.7295,112.5410,116.5410
972.1461,189.1461,99.7079,103.7079
939.6055,185.6056,111.7889,115.7889
936.6118,205.1118,78.7764,82.7764
977.4672,204.4673,82.0655,86.0655
189.5000,940.5000,103.0000,111.0000
588.5000,304.5000,103.0000,111.0000
588.5000,304.5000,103.0000,111.0000
588.5000,304.5000,103.0000,111.0000
197.5000,940.5000,103.0000,111.0000
990.5021,208.0020,81.9959,85.9959
992.7344,214.2344,75.5312,79.5312
985.9894,206.9894,87.0211,91.0211
214.5000,954.5000,103.0000,111.0000
214.5000,896.5000,103.0000,111.0000
966.4177,221.9177,78.1646,82.1646
951.0630,197.5630,123.8740,127.8740
973.0942,193.5942,111.8117,115.8117
947.0875,197.5875,117.8250,121.8250
930.0710,197.0710,128.8579,132.8579
926.0837,201.0837,135.8327,139.8327
938.9069,193.4069,138.1862,142.1862
952.0558,195.5558,139.8884,143.8884
952.7383,194.7383,131.5234,135.5234
967.8839,189.3839,137.2321,141.2321
961.2936,188.7936,137.4128,141.4128
965.2618,182.7618,136.4765,140.4765
945.4125,188.4125,145.1750,149.1750
951.2094,185.2093,137.5814,141.5814
955.6762,185.1762,139.6476,143.6476
950.5225,186.0226,142.9549,146.9549
953.9561,189.4561,144.0878,148.0878
952.2954,192.2954,146.4092,150.4092
952.5523,200.0523,145.8954,149.8954
955.8187,191.3187,142.3625,146.3625
957.3543,187.8543,141.2914,145.2914
963.2914,190.2915,140.4171,144.4171
963.6416,188.1416,142.7168,146.7168
954.7661,190.2661,144.4677,148.4677
951.7552,194.2552,147.4896,151.4896
954.2862,194.2862,146.4276,150.4276
956.4138,192.9138,142.1725,146.1725
951.3604,189.8604,144.2793,148.2793
953.6411,191.1411,145.7178,149.7178
956.5270,192.5270,143.9459,147.9459
954.4081,195.4081,148.1838,152.1838
948.4792,201.9793,151.0414,155.0414
962.0573,191.0572,139.8855,143.8855
967.5865,192.5865,138.8270,142.8270
969.0236,195.5236,138.9529,142.9529
961.2614,197.7614,139.4773,143.4773
969.1464,202.6464,139.7071,143.7071
962.0449,200.0449,141.9102,145.9102
958.2218,202.7218,144.5564,148.5564
961.2064,200.2063,144.5873,148.5873
958.1070,203.1070,147.7860,151.7860
951.0330,205.0330,151.9341,155.9341
958.2211,202.7211,146.5579,150.5579
958.9877,207.9877,148.0246,152.0246
957.2630,213.7630,147.4740,151.4740
958.9993,205.4994,148.0013,152.0013
958.7188,200.2188,151.5625,155.5625
951.4518,201.9519,154.0963,158.0963
949.9584,205.4583,152.0833,156.0833
955.7294,204.7294,148.5412,152.5412
965.1968,205.1968,145.6063,149.6063
974.7922,205.7922,140.4157,144.4157
985.7711,199.7711,134.4578,138.4578
980.5886,207.5885,136.8229,140.8229
984.8439,201.8438,141.3123,145.3123
988.3989,198.8989,141.2023,145.2023
990.4925,200.4925,143.0150,147.0150
996.8063,201.8063,141.3874,145.3874
1001.6467,203.6467,138.7066,142.7066
999.3126,199.8125,133.3749,137.3749
995.6151,201.6151,131.7699,135.7699
989.0569,208.0569,134.8862,138.8862
987.2812,214.7813,123.4375,127.4375
995.3347,219.8347,119.3307,123.3307
993.7778,211.7778,132.4444,136.4444
994.5385,205.5385,135.9230,139.9230
996.4793,202.9793,139.0414,143.0414
996.6309,202.1308,139.7383,143.7383
1000.5250,205.0250,138.9500,142.9500
997.9728,206.9728,132.0543,136.0543
1007.1349,216.1349,103.7303,107.7303
398.1706,522.1706,95.6588,99.6588
1013.8439,228.8439,97.3121,101.3121
374.0834,498.0834,118.8331,122.8331
998.7965,209.2965,129.4070,133.4070
997.3502,212.3501,121.2997,125.2997
995.8102,206.8102,130.3797,134.3797
995.2940,202.2940,132.4120,136.4120
995.9694,208.9694,125.0612,129.0612
996.1193,205.6193,136.7614,140.7614
996.0839,205.0839,140.8322,144.8322
991.6630,206.6630,140.6740,144.6740
994.6613,212.1612,134.6775,138.6775
996.5682,210.5682,133.8635,137.8635
994.6298,210.6298,132.7404,136.7404
995.4785,206.9785,130.0430,134.0430
1001.0847,206.5847,134.8307,138.8307
1000.0991,206.5991,137.8018,141.8018
1001.7299,206.7299,135.5402,139.5402
1000.4386,206.9386,140.1228,144.1228
999.2922,208.7922,137.4156,141.4156
1002.5126,209.0126,135.9749,139.9749
1008.9299,206.9299,137.1402,141.1402
1011.2622,210.2622,133.4756,137.4756
1008.2153,213.2153,123.5694,127.5694
1021.1492,213.1492,116.7016,120.7016
1030.6781,211.1781,124.6437,128.6437
1040.2228,213.7228,120.5543,124.5543
1045.2218,205.7218,122.5563,126.5563
1037.9609,203.4609,117.0782,121.0782
1037.1616,211.6617,116.6767,120.6767
1029.7296,206.7296,100.5408,104.5408
1027.8439,208.3439,123.3123,127.3123
1031.8816,215.8817,110.2367,114.2367
1017.4786,208.9787,113.0427,117.0427
1029.7620,204.7619,119.4761,123.4761
1011.2725,200.2724,129.4551,133.4551
1016.4271,205.4271,120.1458,124.1458
1015.5767,201.5767,119.8465,123.8465
1015.1436,201.6436,119.7129,123.7129
1030.0217,203.5217,111.9566,115.9566
1029.5520,204.5520,113.8959,117.8959
1040.3220,214.3220,104.3559,108.3559
1040.2607,212.7608,109.4784,113.4784
1044.9310,204.9310,113.1381,117.1381
1036.4794,206.9793,115.0413,119.0413
1057.5679,204.5679,92.8642,96.8642
1035.1572,201.1572,92.6856,96.6856
1039.8107,208.3107,84.3786,88.3786
1038.6323,211.1323,87.7353,91.7353
1044.7715,204.7715,83.4570,87.4570
443.5000,401.5000,103.0000,111.0000
189.5000,1027.5000,103.0000,111.0000
1026.5596,207.5595,102.8809,106.8809
1041.9197,204.9197,95.1606,99.1606
1039.9399,206.9399,92.1202,96.1202
1036.6472,205.6473,102.7055,106.7055
1045.6799,217.6799,75.6402,79.6402
1049.4646,209.9646,85.0708,89.0708
1049.5244,212.5244,94.9511,98.9511
1047.9418,200.4418,74.1164,78.1164
1052.1984,203.6984,80.6033,84.6033
1056.4659,202.4660,79.0681,83.0681
180.5000,1042.5000,103.0000,111.0000
1064.6583,180.6583,70.6833,74.6833
1070.6401,184.1402,93.7197,97.7197
1066.6155,183.6155,95.7691,99.7691
197.5000,1042.5000,103.0000,111.0000
189.5000,1070.5000,103.0000,111.0000
189.5000,1071.5000,103.0000,111.0000
189.5000,1100.5000,103.0000,111.0000
426.5000,401.5000,103.0000,111.0000
1080.1050,210.6050,100.7900,104.7900
1089.4126,220.9125,85.1749,89.1749
1084.3423,221.8423,89.3153,93.3153
1082.2927,213.7927,92.4145,96.4145
1079.5016,211.0016,90.9968,94.9968
1080.7465,210.2464,86.5071,90.5071
391.6630,405.6630,89.6739,93.6739
1062.7715,193.2714,86.4571,90.4571
1063.3754,188.8754,92.2492,96.2492
1060.6669,196.1669,87.6663,91.6663
1058.8057,189.3056,96.3887,100.3887
1067.0398,191.5397,93.9205,97.9205
1081.7637,195.7637,83.4726,87.4726
1079.4927,186.9926,77.0147,81.0147
1091.7500,194.2500,68.5000,72.5000
1071.4020,186.9019,89.1962,93.1962
1081.9281,190.9281,81.1437,85.1437
1085.2942,192.2942,85.4117,89.4117
1071.0121,182.0121,97.9758,101.9758
1070.7712,196.2713,98.4574,102.4574
1074.0895,191.5894,103.8211,107.8211
1073.8444,185.8444,112.3112,116.3112
1071.0786,186.0786,115.8428,119.8428
1072.0160,187.0160,117.9680,121.9680
1072.2609,188.7609,120.4783,124.4783
1064.1326,186.6326,119.7349,123.7349
1064.5582,187.5583,116.8835,120.8835
1062.1876,184.6876,113.6249,117.6249
1051.0011,188.5011,110.9979,114.9979
1050.7849,191.7849,103.4302,107.4302
1045.1104,190.1104,101.7792,105.7792
1044.2689,187.7689,104.4622,108.4622
1054.8273,188.3273,98.3455,102.3455
1046.1075,181.1075,107.7850,111.7850
1031.4479,179.9479,115.1042,119.1042
1035.3839,186.3839,102.2321,106.2321
1046.6667,181.6668,108.6664,112.6664
1045.7545,185.7545,106.4909,110.4909
1026.1432,186.1432,110.7136,114.7136
1021.2715,183.2715,112.4570,116.4570
1014.6792,184.6792,118.6416,122.6416
1007.2095,187.2095,125.5810,129.5810
1004.2500,186.2500,123.5000,127.5000
1007.5715,190.5715,117.8570,121.8570
1004.7812,189.7813,125.4375,129.4375
1015.6469,194.1469,120.7062,124.7062
1001.7922,196.7922,128.4155,132.4155
1009.7174,200.7174,120.5652,124.5652
1006.5397,200.5397,123.9206,127.9206
1018.8958,198.8958,118.2083,122.2083
254.0153,475.0153,116.9695,120.9695
250.3752,468.8752,119.2495,123.2495
254.5216,469.0216,117.9568,121.9568
1007.5640,209.0640,116.8720,120.8720
253.7348,440.2349,117.5303,121.5303
240.9331,444.4331,129.1338,133.1338
239.8979,442.8979,134.2043,138.2043
239.0875,426.5875,137.8250,141.8250
245.0810,439.5810,127.8381,131.8381
245.7736,418.7736,133.4527,137.4527
241.8310,419.8310,129.3380,133.3380
231.2533,415.7533,127.4934,131.4934
225.5134,406.0134,139.9732,143.9732
229.9048,405.4048,140.1905,144.1905
234.0776,406.5776,140.8448,144.8448
989.2035,213.2035,137.5930,141.5930
989.7393,212.2393,133.5213,137.5213
243.8813,421.8813,123.2374,127.2374
238.9182,394.9182,124.1636,128.1636
226.7969,438.7969,111.4062,115.4062
981.6876,208.1875,137.6249,141.6249
995.7532,199.7532,130.4937,134.4937
191.7621,457.7621,134.4759,138.4759
183.7500,452.7500,146.5000,150.5000
183.7913,445.7913,148.4175,152.4175
186.2681,436.2682,144.4637,148.4637
192.0818,433.5818,143.8363,147.8363
190.0270,455.0269,134.9461,138.9461
186.6297,471.1298,133.7405,137.7405
178.5233,454.5233,147.9534,151.9534
171.5648,443.5648,147.8704,151.8704
175.6335,456.1335,141.7330,145.7330
166.0257,459.0257,138.9486,142.9486
172.6252,452.1252,144.7497,148.7497
165.5026,454.5026,147.9948,151.9948
175.1966,447.6967,147.6067,151.6067
170.4292,440.4292,152.1417,156.1417
177.9385,440.4385,152.1231,156.1231
180.4604,431.9604,154.0792,158.0792
166.6748,435.6748,154.6504,158.6504
182.3296,420.3296,161.3408,165.3408
169.1413,424.6413,159.7174,163.7174
165.2247,421.2247,162.5507,166.5507
157.1660,432.6660,161.6681,165.6681
150.4144,428.9144,166.1713,170.1713
162.3470,433.3470,160.3060,164.3060
165.2725,448.2725,151.4550,155.4550
161.6496,441.1496,158.7007,162.7007
167.3507,441.3507,156.2986,160.2986
158.7650,450.7650,155.4699,159.4699
160.9818,444.4818,158.0364,162.0364
159.1974,425.1974,165.6052,169.6052
157.3595,428.8595,163.2810,167.2810
159.9994,442.4994,157.0012,161.0012
155.8691,445.8691,154.2619,158.2619
159.8789,454.3789,152.2422,156.2422
156.2506,457.2506,150.4987,154.4987
157.8827,461.3827,151.2346,155.2346
151.9227,470.4227,146.1546,150.1546
153.1382,462.6382,147.7237,151.7237
151.7727,457.7727,150.4545,154.4545
152.1252,452.6252,152.7497,156.7497
152.3871,446.8871,156.2258,160.2258
151.9000,442.4000,157.2000,161.2000
145.9289,443.4289,156.1422,160.1422
144.4284,437.9284,157.1433,161.1433
145.9886,433.9886,156.0227,160.0227
143.1932,422.1932,161.6136,165.6136
140.8941,443.8941,150.2117,154.2117
145.3438,454.3438,147.3123,151.3123
145.6384,467.1384,145.7231,149.7231
138.2652,451.2652,154.4697,158.4697
137.8872,446.3872,155.2256,159.2256
137.2506,458.2506,150.4987,154.4987
132.0026,459.0026,148.9949,152.9949
130.5025,454.5025,151.9950,155.9950
130.6289,445.1288,152.7423,156.7423
134.4017,446.9017,150.1965,154.1965
133.8833,458.3833,143.2333,147.2333
132.0000,453.0000,147.0000,151.0000
137.9029,460.4029,146.1942,150.1942
128.0548,467.0547,143.8905,147.8905
122.4242,465.9243,143.1515,147.1515
123.5061,464.5061,142.9877,146.9877
124.5102,448.5102,149.9797,153.9797
111.2371,475.7371,138.5259,142.5259
108.2232,478.7232,135.5536,139.5536
115.0671,474.5671,139.8657,143.8657
104.6632,479.1632,133.6736,137.6736
103.3951,473.8951,139.2097,143.2097
104.9387,476.9387,136.1227,140.1227
101.1592,473.1592,139.6816,143.6816
102.1780,476.6780,136.6440,140.6440
103.7014,466.2014,141.5972,145.5972
99.0699,473.0699,140.8602,144.8602
101.4386,472.9386,140.1228,144.1228
102.7960,474.7960,138.4080,142.4080
97.2616,474.2616,137.4767,141.4767
99.7856,474.7856,137.4288,141.4288
92.4051,470.9051,139.1898,143.1898
92.0572,472.0573,139.8855,143.8855
94.9048,466.4048,140.1905,144.1905
92.5116,470.5116,137.9769,141.9769
93.7565,470.7565,137.4869,141.4869
97.5029,467.5029,137.9942,141.9942
96.0007,474.0007,135.9985,139.9985
90.3795,469.8795,139.2411,143.2411
90.0029,471.0029,138.9943,142.9943
92.1267,472.6267,134.7466,138.7466
93.2529,466.2529,137.4942,141.4942
90.6397,467.1397,137.7206,141.7206
89.9271,463.4271,138.1458,142.1458
88.7069,468.2069,135.5863,139.5863
90.0614,470.0614,133.8772,137.8772
95.6338,460.1338,138.7325,142.7325
94.8893,460.3893,140.2215,144.2215
93.5061,454.5061,142.9877,146.9877
92.3082,462.3082,138.3835,142.3835
95.5000,461.5000,134.0000,138.0000
98.0194,460.0194,131.9612,135.9612
99.5008,462.5008,130.9984,134.9984
101.2976,459.2976,135.4047,139.4047
100.9310,460.4310,132.1381,136.1381
97.2209,455.7209,137.5581,141.5581
93.0732,460.0732,136.8537,140.8537
99.0763,455.5763,135.8475,139.8475
104.5401,455.0401,130.9198,134.9198
106.1629,441.1629,137.6742,141.6742
100.1557,438.1556,141.6887,145.6887
102.5123,434.0123,147.9754,151.9754
95.7368,443.7368,146.5263,150.5263
92.0169,449.5169,143.9662,147.9662
91.1523,448.1523,143.6954,147.6954
96.8937,439.8937,149.2126,153.2126
93.5648,445.5648,147.8704,151.8704
89.6740,449.1740,143.6521,147.6521
89.4816,448.9816,143.0369,147.0369
90.9652,453.4652,143.0696,147.0696
101.0321,451.5321,146.9358,150.9358
102.6998,453.1998,148.6005,152.6005
99.4502,456.9502,143.0997,147.0997
106.2435,454.7435,147.5130,151.5130
102.3165,461.3165,145.3669,149.3669
100.6457,465.1457,142.7086,146.7086
101.4359,464.9359,144.1283,148.1283
102.5110,462.5110,141.9779,145.9779
102.3894,467.8894,139.2211,143.2211
105.0007,469.0007,139.9986,143.9986
111.7605,455.7605,146.4789,150.4789
113.0061,458.0061,143.9878,147.9878
114.2955,464.2955,139.4090,143.4090
120.5691,456.5691,141.8618,145.8618
126.5740,461.5740,135.8519,139.8519
129.4048,455.9048,140.1905,144.1905
115.9578,476.4578,130.0844,134.0844
122.5315,469.0315,128.9371,132.9371
125.5834,467.5834,133.8332,137.8332
132.3157,468.3157,130.3686,134.3686
128.8543,469.3543,129.2914,133.2914
133.5637,466.0637,130.8725,134.8725
129.6648,476.6648,125.6704,129.6704
133.6553,459.1553,138.6895,142.6895
134.0263,461.0263,136.9474,140.9474
144.4035,449.9035,144.1930,148.1930
140.5163,462.5163,135.9675,139.9675
140.0801,446.0801,145.8398,149.8398
142.9605,442.4605,148.0790,152.0790
147.8833,441.3833,144.2335,148.2335
145.3069,443.3069,140.3862,144.3862
154.0169,434.0169,143.9662,147.9662
157.6849,435.1849,145.6302,149.6302
155.2101,437.7101,148.5799,152.5799
157.1374,431.6374,153.7252,157.7252
157.8822,428.3822,158.2357,162.2357
160.2716,434.2716,155.4567,159.4567
166.6373,439.1373,154.7255,158.7255
163.6375,443.1375,152.7250,156.7250
164.2596,441.2596,155.4808,159.4808
163.1433,439.6433,154.7134,158.7134
162.2652,438.2652,154.4697,158.4697
161.6430,430.1430,156.7141,160.7141
161.2506,432.2506,158.4988,162.4988
164.7506,434.7506,157.4988,161.4988
169.2649,437.2649,156.4702,160.4702
172.6288,441.1288,154.7424,158.7424
168.5053,441.5053,156.9893,160.9893
170.6252,443.1252,155.7497,159.7497
168.8752,444.3752,156.2497,160.2497
171.1252,445.6252,155.7497,159.7497
173.8822,437.3822,158.2357,162.2357
175.3871,439.8871,156.2258,160.2258
175.2524,440.2524,155.4952,159.4952
175.3764,437.8763,155.2473,159.2473
174.7597,440.7597,154.4806,158.4806
178.1264,450.6264,150.7472,154.7472
173.3752,443.8752,153.2497,157.2497
175.3873,445.8873,154.2254,158.2254
178.7597,445.7597,154.4806,158.4806
176.2506,444.2506,156.4988,160.4988
178.4384,435.9384,160.1232,164.1232
181.3350,441.3350,157.3300,161.3300
178.1786,443.6786,156.6428,160.6428
174.5717,444.5717,156.8565,160.8565
173.4294,450.9294,155.1412,159.1412
174.5296,448.5296,154.9408,158.9408
174.9092,451.4092,154.1815,158.1815
174.4089,449.9089,155.1822,159.1822
173.3940,459.8940,151.2121,155.2121
174.2506,460.2506,152.4988,156.4988
175.0159,468.0159,149.9683,153.9683
174.2506,460.2506,152.4988,156.4988
172.1252,463.6252,151.7497,155.7497
169.1264,455.6264,153.7473,157.7473
165.6326,459.1326,152.7349,156.7349
168.1326,461.6326,151.7347,155.7347
160.1264,456.6264,150.7472,154.7472
159.7556,456.7556,151.4888,155.4888
161.0055,456.0055,153.9890,157.9890
156.8876,459.3876,152.2249,156.2249
155.5314,466.5314,148.9372,152.9372
155.2917,464.2917,147.4166,151.4166
154.0801,468.0801,145.8398,149.8398
157.9023,465.4023,148.1954,152.1954
157.2739,467.2740,145.4521,149.4521
156.8039,468.8039,145.3922,149.3922
152.3033,470.3033,146.3934,150.3934
154.2829,476.2829,144.4341,148.4341
153.3590,471.3590,148.2820,152.2820
154.1974,473.6974,146.6052,150.6052
152.5554,477.5554,142.8893,146.8893
151.9941,471.4941,147.0118,151.0118
150.4816,474.9816,143.0369,147.0369
152.3297,471.3297,146.3407,150.3407
151.7423,470.2423,148.5155,152.5155
150.9152,471.9152,148.1695,152.1695
153.8264,474.3264,146.3472,150.3472
154.1915,476.1915,145.6169,149.6169
153.4980,478.9980,144.0041,148.0041
153.5996,482.5995,141.8009,145.8009
156.8219,485.8219,138.3562,142.3562
153.0021,482.5021,140.9958,144.9958
153.5827,477.5827,142.8345,146.8345
151.5974,477.5974,143.8052,147.8052
153.5827,478.5827,142.8345,146.8345
155.8323,478.8323,143.3354,147.3354
164.1734,472.6735,144.6531,148.6531
159.5953,475.5953,145.8093,149.8093
159.2298,478.7298,144.5403,148.5403
158.9652,478.4652,143.0696,147.0696
160.0110,475.5110,147.9780,151.9780
161.9217,470.4217,148.1566,152.1566
163.9035,476.4035,144.1930,148.1930
167.3022,468.3022,148.3956,152.3956
164.0629,467.0629,150.8743,154.8743
162.4322,467.9322,150.1357,154.1357
157.7101,469.2101,148.5799,152.5799
164.5423,471.5424,145.9153,149.9153
166.3885,468.8885,145.2230,149.2230
173.6378,459.1378,150.7245,154.7245
172.2525,460.2526,149.4949,153.4949
169.6514,461.1513,151.6973,155.6973
174.7507,467.7507,145.4987,149.4987
176.0236,463.0236,146.9529,150.9529
175.6802,451.1802,153.6396,157.6396
178.6945,456.1945,150.6111,154.6111
177.2900,455.2900,151.4200,155.4200
177.4017,457.9017,150.1965,154.1965
175.2555,449.2555,154.4891,158.4891
177.3764,455.8764,151.2472,155.2472
177.5006,457.5006,152.9988,156.9988
182.2333,442.7333,156.5333,160.5333
184.3366,444.3366,155.3268,159.3268
183.9555,447.4555,154.0890,158.0890
182.9310,451.4310,152.1380,156.1380
190.1258,457.1258,148.7484,152.7484
187.0870,448.0870,154.8259,158.8259
187.8691,446.8691,154.2619,158.2619
194.4579,451.9579,151.0841,155.0841
192.6601,452.1601,151.6798,155.6798
199.5793,460.5793,146.8415,150.8415
205.4012,448.9012,152.1976,156.1976
195.8788,447.3788,155.2425,159.2425
206.6594,448.1594,153.6812,157.6812
210.5896,449.5896,151.8207,155.8207
220.9971,430.4971,159.0058,163.0058
220.4305,447.9305,153.1391,157.1391
219.9511,434.4510,160.0979,164.0979
212.2652,439.7652,158.4696,162.4696
204.2783,437.2783,157.4434,161.4434
208.8792,471.3792,145.2417,149.2417
213.5731,449.5731,154.8538,158.8538
229.7179,448.2179,156.5643,160.5643
211.1490,450.1490,158.7019,162.7019
221.6623,476.1623,145.6754,149.6754
218.0165,474.0165,145.9669,149.9669
221.1627,478.6627,144.6746,148.6746
223.0447,476.0447,140.9106,144.9106
224.6507,467.6506,144.6987,148.6987
218.7561,476.7561,143.4878,147.4878
217.0236,472.0236,146.9529,150.9529
218.7686,489.7686,135.4628,139.4628
230.5441,501.5441,120.9118,124.9118
236.4284,485.4284,130.1432,134.1432
237.2456,472.7456,136.5088,140.5088
230.0096,487.5096,135.9808,139.9808
234.6223,486.1223,137.7554,141.7554
223.8360,485.8360,139.3280,143.3280
230.2813,482.7812,135.4375,139.4375
232.6678,491.1678,133.6645,137.6645
235.9594,490.4594,133.0813,137.0813
235.7328,474.7328,138.5345,142.5345
232.5101,479.5101,137.9798,141.9798
233.1079,486.1079,134.7841,138.7841
234.4003,510.9003,126.1994,130.1994
322.0374,237.0374,124.9251,128.9251
240.3245,483.3245,135.3511,139.3511
243.0680,495.0680,125.8640,129.8640
245.4877,476.9877,138.0246,142.0246
233.6640,472.1640,141.6721,145.6721
236.9704,477.4704,138.0592,142.0592
228.6265,468.1265,145.7470,149.7470
225.3828,455.8828,149.2343,153.2343
226.7507,459.7507,145.4987,149.4987
234.2530,471.2530,135.4940,139.4940
243.7563,465.7563,141.4875,145.4875
256.9864,461.4864,139.0271,143.0271
256.1054,462.1054,136.7892,140.7892
251.9662,454.4662,142.0677,146.0677
256.7250,450.2250,141.5500,145.5500
248.6237,461.6237,136.7526,140.7526
252.5547,466.0547,134.8906,138.8906
255.5737,473.0738,126.8525,130.8525
242.8020,476.8020,128.3960,132.3960
239.1616,483.6616,123.6769,127.6769
218.7765,473.7765,136.4470,140.4470
222.5607,475.5607,134.8786,138.8786
237.5033,481.5033,127.9935,131.9935
244.1268,489.6268,127.7463,131.7463
248.5907,468.5907,134.8187,138.8187
235.0123,475.0123,132.9755,136.9755
256.4365,455.9365,143.1270,147.1270
234.7833,463.7833,143.4334,147.4334
247.0614,464.0614,133.8772,137.8772
245.8791,453.3791,146.2418,150.2418
216.8595,449.8595,151.2810,155.2810
239.3101,434.3101,155.3797,159.3797
228.5777,433.0777,156.8447,160.8447
236.9017,441.4017,150.1965,154.1965
255.8752,435.3752,143.2497,147.2497
239.0305,429.0305,151.9390,155.9390
239.2563,439.2563,140.4874,144.4874
256.1330,429.6330,146.7339,150.7339
281.0123,418.0123,132.9755,136.9755
282.7705,436.2705,118.4589,122.4589
269.9405,443.9405,125.1189,129.1190
276.8475,423.3475,137.3050,141.3050
280.8323,394.8323,143.3354,147.3354
296.5338,345.5338,169.9325,173.9325
286.2734,395.2734,147.4531,151.4531
278.7525,395.7525,152.4951,156.4951
280.5554,406.5554,142.8893,146.8893
276.7765,407.7765,136.4470,140.4470
281.6400,411.1400,135.7200,139.7200
280.5907,410.5907,134.8187,138.8187
270.2679,417.2679,135.4643,139.4643
280.0233,404.5233,139.9534,143.9534
276.6298,409.1298,132.7404,136.7404
283.6277,341.6277,171.7445,175.7445
290.4191,348.4191,158.1618,162.1618
285.0962,331.0962,178.8077,182.8077
285.1355,326.6355,171.7289,175.7289
283.8809,318.3809,181.2382,185.2382
258.9269,322.4269,184.1461,188.1461
257.9108,389.9108,146.1784,150.1784
261.6945,389.1945,141.6110,145.6110
264.3246,390.3246,144.3507,148.3507
270.8626,398.3626,141.2747,145.2747
260.9108,395.9108,146.1784,150.1784
269.7424,391.7424,150.5152,154.5152
268.4392,392.9392,143.1215,147.1215
272.2744,401.2744,133.4512,137.4512
267.5880,391.0880,138.8241,142.8241
271.7115,385.7115,142.5769,146.5769
262.1259,390.1259,140.7482,144.7482
257.1861,389.1861,140.6277,144.6277
252.7737,390.2737,146.4526,150.4526
262.8455,388.3455,144.3089,148.3089
262.0311,380.0311,149.9378,153.9378
269.8669,379.8669,149.2663,153.2663
273.1910,383.6910,142.6181,146.6181
259.9499,395.4499,140.1002,144.1002
265.6312,395.1312,134.7376,138.7376
276.9310,383.4310,132.1381,136.1381
279.1644,336.1644,148.6712,152.6712
281.1003,353.6003,126.7994,130.7994
294.6688,327.1688,154.6625,158.6625
280.7244,371.2244,134.5512,138.5512
258.4839,367.9839,156.0323,160.0323
258.7800,374.7800,153.4399,157.4399
260.3452,357.3452,162.3095,166.3095
269.9471,350.4471,166.1059,170.1059
273.2523,370.2523,157.4953,161.4953
275.8822,360.3822,157.2355,161.2355
274.5219,380.5219,153.9561,157.9561
269.5622,387.5622,151.8755,155.8755
270.6252,381.1252,152.7497,156.7497
287.1355,346.6355,171.7289,175.7289
276.5261,365.0261,163.9478,167.9478
284.0314,346.0314,178.9372,182.9372
274.6711,361.6711,169.6577,173.6577
278.1263,404.6263,155.7473,159.7473
273.4185,409.9185,155.1629,159.1629
267.8764,418.3764,149.2471,153.2471
262.5160,418.5160,148.9679,152.9679
254.7732,431.7732,148.4536,152.4536
232.1678,455.6678,133.6645,137.6645
230.3913,454.8913,129.2174,133.2174
235.0007,436.0007,141.9986,145.9986
229.5220,433.5219,153.9561,157.9561
234.4099,428.9099,152.1802,156.1802
241.8752,442.3752,140.2496,144.2496
229.0263,447.0263,136.9474,140.9474
234.5006,426.5006,150.9987,154.9987
233.9015,426.4015,151.1970,155.1970
215.6715,420.6715,156.6570,160.6570
209.9510,451.4510,142.0980,146.0980
203.1649,456.6649,139.6703,143.6703
197.1252,437.6252,155.7497,159.7497
187.7552,440.7552,159.4896,163.4896
200.6687,442.1688,154.6625,158.6625
183.8096,451.8096,156.3809,160.3809
194.2523,440.2523,159.4954,163.4954
197.2524,442.2523,157.4953,161.4953
185.4555,454.9555,154.0890,158.0890
185.6186,472.1186,146.7628,150.7628
202.3330,473.8329,143.3341,147.3341
212.2514,473.7514,141.4972,145.4972
220.6066,481.6066,135.7867,139.7867
224.8133,490.8133,131.3733,135.3733
227.4828,498.9828,128.0343,132.0343
222.3510,500.3510,126.2981,130.2981
215.1194,501.1194,126.7612,130.7612
218.4828,494.9828,128.0343,132.0343
213.5637,485.5637,130.8725,134.8725
212.0896,483.0896,135.8208,139.8208
212.3968,471.8968,138.2064,142.2064
209.4782,454.9782,146.0436,150.0436
209.7759,475.7759,138.4483,142.4483
210.7856,475.7856,137.4288,141.4288
210.8103,478.8103,135.3794,139.3794
206.7527,463.7527,142.4945,146.4945
210.7564,470.7564,139.4872,143.4872
207.9932,485.4932,134.0136,138.0136
209.8254,486.8254,134.3493,138.3493
205.7221,487.2221,136.5559,140.5559
209.2507,475.2507,140.4986,144.4986
205.0109,473.0109,142.9781,146.9781
199.0447,479.0447,140.9106,144.9106
201.5110,474.5110,141.9779,145.9779
201.1333,471.6333,143.7334,147.7334
199.2527,473.2527,143.4946,147.4946
202.6252,475.1252,140.7496,144.7496
200.1293,473.6293,141.7413,145.7413
197.1387,471.6387,143.7225,147.7225
201.7747,468.7747,142.4505,146.4505
203.1252,470.6252,141.7496,145.7496
197.0331,469.0331,143.9338,147.9338
199.5171,473.5171,142.9658,146.9658
192.6530,473.1530,145.6940,149.6940
194.4038,477.9038,143.1924,147.1924
194.7050,491.2050,137.5901,141.5901
193.1395,494.6395,138.7210,142.7210
187.7940,483.7940,142.4120,146.4120
182.8307,482.3307,144.3386,148.3386
179.6696,480.6696,145.6608,149.6608
183.1258,473.1258,148.7484,152.7484
183.1062,478.6062,143.7876,147.7876
185.3330,481.8329,143.3341,147.3341
190.4205,478.4205,145.1590,149.1590
187.6037,485.1037,144.7926,148.7926
188.2740,486.2740,142.4519,146.4519
187.1842,483.6842,144.6316,148.6316
185.0048,485.5048,141.9903,145.9903
184.6945,488.1945,141.6110,145.6110
184.7473,486.7473,142.5055,146.5055
180.0196,484.0196,143.9608,147.9608
180.3866,487.3866,144.2267,148.2267
179.7212,491.2212,142.5577,146.5577
177.4731,492.9731,142.0538,146.0538
182.1273,501.1273,138.7453,142.7453
182.4134,499.4134,138.1732,142.1732
180.8691,503.3691,133.2619,137.2619
181.7121,498.7121,135.5759,139.5759
177.4852,493.9852,140.0297,144.0297
177.0781,494.0781,141.8438,145.8438
178.2386,501.7386,139.5227,143.5227
180.1339,504.6339,137.7322,141.7322
179.0007,504.0007,135.9985,139.9985
178.8334,504.3334,138.3332,142.3332
178.4048,501.9048,140.1905,144.1905
177.8628,496.8628,142.2744,146.2744
180.1564,503.1563,139.6873,143.6873
179.9251,516.9250,134.1499,138.1499
180.9984,518.9984,131.0031,135.0031
183.1504,518.6505,130.6991,134.6991
185.7327,515.7327,127.5345,131.5345
181.9091,513.9091,136.1818,140.1818
183.6792,517.6792,133.6416,137.6416
182.4356,516.9356,132.1288,136.1288
184.0582,520.0582,129.8837,133.8837
184.0630,529.0630,119.8740,123.8740
180.4564,523.4564,126.0872,130.0872
183.2648,517.7648,127.4704,131.4704
189.2647,524.2647,119.4706,123.4706
192.3666,535.3666,109.2668,113.2668
186.1415,535.1415,116.7169,120.7169
188.0128,524.5128,124.9745,128.9745
182.7727,528.7727,128.4545,132.4545
188.0596,528.0596,124.8809,128.8809
191.3473,536.3473,116.3055,120.3055
199.3780,547.8780,98.2440,102.2440
191.2742,542.7742,113.4516,117.4516
184.9587,542.9587,115.0826,119.0826
192.7895,540.7895,108.4210,112.4210
192.2541,532.7541,112.4918,116.4918
206.2405,543.2405,84.5189,88.5189
197.4306,538.9307,101.1387,105.1387
197.7314,543.2314,98.5372,102.5372
202.9472,541.4472,100.1056,104.1056
208.2241,542.2241,92.5518,96.5518
211.6434,538.6434,89.7132,93.7132
216.6640,550.6641,80.6719,84.6719
541.5000,198.5000,103.0000,111.0000
588.5000,304.5000,103.0000,111.0000
541.5000,198.5000,103.0000,111.0000
210.1477,548.6477,79.7046,83.7046
295.5000,474.5000,103.0000,111.0000
203.3259,551.8259,84.3481,88.3481
541.5000,198.5000,103.0000,111.0000
204.4750,566.4750,79.0500,83.0500
189.3036,545.3036,107.3928,111.3928
194.2268,553.7267,94.5465,98.5465
192.2866,543.2866,104.4268,108.4268
541.5000,184.5000,103.0000,111.0000
588.5000,304.5000,103.0000,111.0000
557.5000,183.5000,103.0000,111.0000
588.5000,304.5000,103.0000,111.0000
588.5000,304.5000,103.0000,111.0000
443.5000,693.5000,103.0000,111.0000
588.5000,304.5000,103.0000,111.0000
588.5000,304.5000,103.0000,111.0000
443.5000,692.5000,103.0000,111.0000
588.5000,304.5000,103.0000,111.0000
588.5000,304.5000,103.0000,111.0000
475.5000,693.5000,103.0000,111.0000
482.4023,286.9023,93.1953,97.1953
507.6320,297.1320,71.7361,75.7361
720.0186,502.0186,64.9629,68.9629
476.5000,693.5000,103.0000,111.0000
719.1589,494.1589,90.6823,94.6823
707.1005,477.1004,101.7991,105.7991
708.0406,479.0406,106.9189,110.9189
711.5045,483.5044,107.9911,111.9911
723.7887,506.2887,93.4225,97.4225
717.2606,502.2606,104.4788,108.4788
722.6292,508.6292,99.7416,103.7416
727.2487,523.2487,100.5025,104.5025
732.2209,528.7209,94.5581,98.5581
733.4302,529.4302,98.1396,102.1396
734.9212,529.9212,99.1576,103.1576
739.1293,536.1293,98.7414,102.7414
749.8060,548.3060,89.3880,93.3880
752.5584,549.0584,88.8831,92.8831
753.0229,549.5229,97.9543,101.9543
759.3126,558.8126,81.3747,85.3747
758.5895,546.0895,96.8211,100.8211
777.7144,564.2144,65.5713,69.5713
777.4516,568.9516,76.0967,80.0967
780.9861,562.4861,83.0278,87.0278
780.6850,556.1850,99.6300,103.6300
786.4302,557.4302,98.1396,102.1396
785.8741,558.8741,105.2517,109.2517
788.0226,569.5226,81.9549,85.9549
793.6669,570.1669,84.6662,88.6662
573.5000,779.5000,103.0000,111.0000
573.5000,780.5000,103.0000,111.0000
557.5000,766.5000,103.0000,111.0000
566.5000,780.5000,103.0000,111.0000
565.5000,794.5000,103.0000,111.0000
800.4566,571.4566,86.0868,90.0868
573.5000,780.5000,103.0000,111.0000
295.5000,416.5000,103.0000,111.0000
295.5000,416.5000,103.0000,111.0000
441.8958,302.3958,94.2083,98.2083
451.5853,292.0853,107.8294,111.8294
457.7094,299.7094,94.5813,98.5813
468.8090,309.3090,68.3819,72.3819
443.3647,302.8647,98.2707,102.2707
429.5417,295.5417,112.9166,116.9166
412.6733,286.1733,121.6534,125.6534
415.7857,284.7857,114.4285,118.4285
430.1523,289.1523,104.6954,108.6954
432.9750,293.4750,99.0500,103.0500
431.7927,288.7927,111.4145,115.4145
279.5000,431.5000,103.0000,111.0000
287.5000,416.5000,103.0000,111.0000
588.5000,304.5000,103.0000,111.0000
287.5000,416.5000,103.0000,111.0000
437.6173,306.1173,65.7653,69.7653
271.5000,489.5000,103.0000,111.0000
287.5000,416.5000,103.0000,111.0000
279.5000,489.5000,103.0000,111.0000
279.5000,430.5000,103.0000,111.0000
295.5000,416.5000,103.0000,111.0000
421.2112,301.7112,96.5777,100.5777
421.4173,296.4173,93.1653,97.1653
422.1077,292.6077,115.7845,119.7845
441.9564,294.4564,116.0872,120.0872
295.5000,416.5000,103.0000,111.0000
287.5000,417.5000,103.0000,111.0000
588.5000,304.5000,103.0000,111.0000
588.5000,304.5000,103.0000,111.0000
270.5000,460.5000,103.0000,111.0000
270.5000,489.5000,103.0000,111.0000
540.4199,285.9199,60.1603,64.1603
271.5000,460.5000,103.0000,111.0000
270.5000,460.5000,103.0000,111.0000
270.5000,460.5000,103.0000,111.0000
271.5000,460.5000,103.0000,111.0000
270.5000,518.5000,103.0000,111.0000
497.3858,288.3858,70.2283,74.2283
482.1254,280.6254,88.7492,92.7492
481.8502,272.3502,101.2996,105.2996
478.0785,273.0785,92.8431,96.8431
487.3503,268.3503,91.2995,95.2995
473.1662,286.1662,80.6676,84.6676
466.2500,286.2500,87.5000,91.5000
271.5019,566.0019,84.9963,88.9963
271.6298,570.1298,80.7404,84.7404
279.5000,431.5000,103.0000,111.0000
271.5000,431.5000,103.0000,111.0000
270.5000,459.5000,103.0000,111.0000
270.5000,460.5000,103.0000,111.0000
493.6674,286.6674,60.6651,64.6652
278.5000,460.5000,103.0000,111.0000
271.5000,460.5000,103.0000,111.0000
278.5000,488.5000,103.0000,111.0000
271.5000,446.5000,103.0000,111.0000
278.5000,431.5000,103.0000,111.0000
263.5000,417.5000,103.0000,111.0000
262.5000,417.5000,103.0000,111.0000
263.5000,460.5000,103.0000,111.0000
263.5000,460.5000,103.0000,111.0000
263.5000,634.5000,103.0000,111.0000
271.5000,634.5000,103.0000,111.0000
643.4003,271.4003,84.1994,88.1994
621.3894,269.3894,87.2211,91.2211
640.9203,280.4203,82.1594,86.1594
658.6754,304.1754,66.6493,70.6493
574.7650,270.7649,118.4701,122.4701
552.2646,261.7646,128.4708,132.4708
558.5454,264.0454,118.9092,122.9092
262.5000,474.5000,103.0000,111.0000
652.3274,283.8274,64.3452,68.3452
541.7894,260.7894,97.4211,101.4211
471.3293,270.8293,70.3414,74.3414
488.0635,268.0635,86.8730,90.8730
279.5000,634.5000,103.0000,111.0000
263.5000,474.5000,103.0000,111.0000
279.5000,634.5000,103.0000,111.0000
262.5000,475.5000,103.0000,111.0000
263.5000,518.5000,103.0000,111.0000
584.3705,272.8705,103.2591,107.2591
564.6270,262.6270,120.7459,124.7459
619.3347,272.3347,102.3306,106.3306
278.5000,635.5000,103.0000,111.0000
279.5000,634.5000,103.0000,111.0000
532.7438,277.2437,71.5125,75.5125
533.5396,265.0396,90.9208,94.9208
529.3527,270.8528,73.2945,77.2945
263.5000,518.5000,103.0000,111.0000
262.5000,518.5000,103.0000,111.0000
506.1118,270.6118,78.7764,82.7764
487.1274,258.6274,110.7453,114.7453
503.5000,261.5000,104.0000,108.0000
516.9470,251.4470,121.1060,125.1060
507.3670,259.8670,112.2659,116.2659
521.0109,252.0109,125.9782,129.9782
264.4116,468.4116,132.1768,136.1768
511.1724,248.1724,125.6552,129.6552
504.7382,250.2382,125.5236,129.5237
509.4115,251.9115,127.1769,131.1769
531.4778,250.9778,122.0443,126.0443
528.5117,254.5116,115.9767,119.9767
519.8965,260.3965,116.2070,120.2070
256.1876,492.1876,119.6249,123.6249
238.6392,483.1392,131.7216,135.7216
542.0024,275.5023,77.9953,81.9953
540.2744,270.7744,92.4512,96.4512
524.3417,273.8417,92.3167,96.3167
523.4099,278.9099,84.1803,88.1803
528.2188,279.2188,99.5625,103.5625
272.6917,511.1917,96.6165,100.6165
532.2500,274.7500,108.5000,112.5000
292.9846,521.9847,80.0307,84.0307
529.5719,272.5719,101.8562,105.8562
528.1073,270.1073,124.7854,128.7854
540.6924,267.6924,116.6153,120.6153
519.5620,282.0620,104.8760,108.8760
531.8555,273.3555,108.2891,112.2891
538.2917,268.7917,114.4166,118.4166
535.3426,260.8426,124.3148,128.3148
521.1094,270.1095,102.7811,106.7811
524.8843,272.3844,93.2313,97.2313
524.7095,275.7095,88.5810,92.5810
526.5198,285.0197,79.9605,83.9605
512.1557,281.6557,92.6886,96.6886
510.1876,276.1876,104.6249,108.6249
511.5824,267.5824,112.8351,116.8351
512.4066,264.4066,115.1867,119.1867
528.0699,260.0699,123.8602,127.8602
522.0399,260.5399,121.9202,125.9202
518.0595,262.0595,122.8810,126.8810
533.2222,261.2222,123.5555,127.5555
531.7103,264.2103,117.5795,121.5795
520.7324,260.2324,122.5352,126.5352
517.6215,260.1215,118.7570,122.7570
524.7725,266.2725,101.4550,105.4550
524.0336,267.0336,97.9327,101.9327
521.4291,265.4291,107.1417,111.1417
536.2689,267.7689,104.4622,108.4622
532.0210,271.0210,110.9580,114.9580
524.5010,267.5010,114.9980,118.9980
526.0452,266.5452,110.9096,114.9096
528.6909,270.1909,108.6183,112.6183
533.8255,267.3255,114.3490,118.3490
534.4818,268.4818,103.0364,107.0364
514.8182,266.8183,106.3635,110.3635
518.4972,271.4972,96.0056,100.0056
531.0501,281.0501,78.8998,82.8998
507.3301,273.8301,101.3397,105.3397
732.6943,487.6944,97.6113,101.6113
735.4172,478.4172,105.1656,109.1656
743.6630,468.1630,117.6740,121.6740
744.0167,465.0167,118.9667,122.9667
734.5941,469.0941,119.8118,123.8118
734.6274,477.6274,110.7453,114.7453
514.2728,268.2728,114.4543,118.4543
513.3635,267.8635,115.2730,119.2730
517.3997,267.3997,110.2005,114.2005
518.6754,261.6754,128.6492,132.6492
519.2294,259.7294,130.5411,134.5411
526.5810,255.0810,127.8381,131.8381
522.7338,254.7338,128.5325,132.5325
516.2789,252.2789,129.4423,133.4423
534.8931,255.3931,121.2137,125.2137
521.9541,254.9541,125.0918,129.0918
527.5336,256.5336,112.9329,116.9329
545.2333,257.2333,111.5333,115.5333
534.5114,260.0114,111.9773,115.9773
535.9282,268.4282,108.1436,112.1436
540.2835,266.2835,120.4329,124.4329
538.9758,269.4759,111.0483,115.0483
541.8693,269.8693,114.2615,118.2615
523.5009,271.5008,126.9983,130.9983
504.7733,276.7733,126.4533,130.4533
516.6302,271.6302,126.7396,130.7396
529.4272,267.9272,121.1455,125.1455
536.5376,262.5376,132.9248,136.9248
529.7195,262.2195,133.5610,137.5610
532.2372,259.2372,134.5256,138.5256
526.8196,259.8196,131.3608,135.3608
530.0512,259.0512,125.8976,129.8976
539.7639,261.2639,114.4722,118.4722
542.3389,262.3388,113.3223,117.3223
547.0450,266.0450,113.9099,117.9099
542.3098,261.8098,118.3805,122.3805
533.0114,263.5114,111.9773,115.9773
542.5063,263.0063,120.9874,124.9874
536.9975,260.4975,126.0050,130.0050
521.5690,262.5689,124.8621,128.8621
536.7324,260.2324,122.5352,126.5352
547.2886,258.2885,124.4229,128.4229
546.5350,254.5350,129.9299,133.9299
547.3695,255.3695,128.2610,132.2610
545.4094,260.9094,128.1812,132.1812
542.9115,260.4115,127.1769,131.1769
539.3085,257.8085,128.3830,132.3830
538.0834,257.0834,130.8332,134.8332
540.5171,250.5171,131.9658,135.9658
528.6221,254.1221,132.7558,136.7558
531.7685,256.2685,132.4630,136.4630
528.9342,255.9342,135.1316,139.1316
531.1667,259.1667,129.6665,133.6665
524.8909,262.8909,135.2183,139.2183
522.9742,266.9742,129.0516,133.0516
517.4232,260.4232,136.1537,140.1537
523.7922,267.7922,128.4155,132.4155
517.7294,266.7294,133.5412,137.5412
524.6168,264.6168,133.7663,137.7663
521.6912,266.1912,136.6176,140.6176
527.0350,260.5350,138.9300,142.9300
513.0981,261.0981,143.8038,147.8038
525.4379,261.9379,141.1242,145.1242
526.6510,261.1510,138.6980,142.6980
530.3354,262.8354,136.3292,140.3292
534.7922,264.7922,134.4156,138.4156
525.1530,268.1530,134.6940,138.6940
535.7294,267.7294,127.5411,131.5411
536.9082,264.9082,129.1837,133.1837
530.4620,257.9620,132.0760,136.0760
531.4094,262.9094,128.1812,132.1812
542.3625,265.8625,120.2750,124.2750
562.9758,262.4759,111.0483,115.0483
533.9250,259.4251,124.1498,128.1498
564.1136,262.6136,115.7729,119.7729
554.3267,263.8267,113.3466,117.3466
556.5677,259.5677,117.8645,121.8645
574.3967,261.3967,121.2065,125.2065
568.2844,261.7844,120.4311,124.4311
546.7102,271.7102,131.5797,135.5797
558.1407,284.1408,131.7184,135.7184
559.3794,278.8794,140.2412,144.2412
553.2689,282.2688,134.4623,138.4623
572.4254,268.4254,121.1491,125.1491
576.4615,264.9615,118.0770,122.0770
578.3404,260.3404,114.3192,118.3192
589.6575,259.6575,107.6850,111.6850
572.2835,257.2835,120.4329,124.4329
580.3524,256.3524,117.2951,121.2951
589.8989,251.8989,120.2023,124.2023
584.9584,263.9584,110.0833,114.0833
573.4346,267.4347,127.1307,131.1307
556.2903,287.7903,141.4194,145.4194
569.6564,272.6564,117.6872,121.6872
596.1506,268.1506,88.6988,92.6988
579.6751,254.1751,111.6498,115.6498
564.5848,265.0848,125.8303,129.8303
548.8447,262.8447,127.3106,131.3106
559.0200,280.0200,132.9601,136.9601
578.1436,268.1436,119.7129,123.7129
578.3752,263.3752,125.2496,129.2496
572.7089,295.2089,124.5821,128.5821
576.8609,267.3609,130.2782,134.2782
566.6037,308.1037,138.7926,142.7926
571.4027,294.4027,133.1945,137.1945
581.3549,291.8549,125.2902,129.2902
568.9106,283.4106,122.1788,126.1788
586.2221,297.2221,116.5557,120.5557
559.4630,286.4630,146.0741,150.0741
547.3235,291.3235,142.3529,146.3529
574.7237,290.2237,146.5526,150.5526
565.6648,283.1648,136.6704,140.6704
567.0173,288.0173,141.9655,145.9655
567.9140,269.4140,119.1720,123.1720
554.9728,261.4728,132.0543,136.0543
568.3752,271.3752,125.2496,129.2496
559.9183,269.4183,121.1635,125.1635
551.1619,255.6619,119.6762,123.6762
558.6667,270.1668,117.6665,121.6665
