0.504777
0.052198
0.047432
0.046163
0.052222
0.048078
0.046312
0.046103
0.041736
0.053906
0.058241
0.050121
0.053962
0.045965
0.047713
0.047391
0.045780
0.047761
0.043910
0.046033
0.049067
0.046217
0.046557
0.049762
0.049645
0.050726
0.046330
0.046972
0.048785
0.047532
0.050053
0.046142
0.048244
0.046467
0.045848
0.048438
0.046321
0.045836
0.048374
0.046112
0.047881
0.048413
0.046632
0.047365
0.050354
0.056080
0.055891
0.046710
0.047571
0.053988
0.042558
0.044573
0.045722
0.046875
0.046254
0.049091
0.045670
0.051079
0.047791
0.045926
0.049105
0.047336
0.046357
0.052440
0.046385
0.048003
0.046169
0.046291
0.050657
0.046591
0.047216
0.049135
0.046929
0.046728
0.048614
0.045630
0.055399
0.064658
0.044498
0.052052
0.054476
0.055276
0.050574
0.046501
0.047413
0.050105
0.045624
0.049230
0.047656
0.046666
0.048295
0.048535
0.046011
0.053323
0.047592
0.046456
0.055152
0.047006
0.051125
0.046348
0.045881
0.050544
0.046750
0.045960
0.045842
0.048962
0.046020
0.050880
0.046309
0.049690
0.047760
0.045816
0.051922
0.046430
0.048044
0.047973
0.045987
0.048347
0.045896
0.049749
0.048905
0.046668
0.048671
0.045972
0.047776
0.046232
0.046399
0.046103
0.048436
0.046250
0.045939
0.049227
0.046387
0.046509
0.046472
0.047012
0.048810
0.045906
0.051454
0.047137
0.048866
0.048225
0.047536
0.046606
0.036869
0.040545
0.049376
0.043226
0.045139
0.042805
0.042714
0.044573
0.049072
0.042451
0.043970
0.049593
0.046475
0.052988
0.046756
0.047456
0.046002
0.049419
0.049152
0.049417
0.046701
0.045877
0.048057
0.045733
0.046372
0.046133
0.050386
0.045866
0.045722
0.047495
0.045830
0.047072
0.046068
0.047933
0.046353
0.048927
0.049847
0.045929
0.045820
0.050979
0.046734
0.052314
0.048959
0.049517
0.042793
0.045206
0.042899
0.042418
0.040334
0.042479
0.053034
0.039324
0.057636
0.056613
0.044363
0.046186
0.046939
0.048356
0.046361
0.046755
0.048100
0.048022
0.045604
0.045663
0.047166
0.046148
0.045780
0.047442
0.047067
0.047075
0.047640
0.047210
0.046728
0.045928
0.051783
0.046024
0.048339
0.047948
0.045873
0.049100
0.046265
0.047678
0.055610
0.049859
0.047088
0.045766
0.048784
0.046291
0.048692
0.046098
0.049832
0.047284
0.045814
0.046556
0.046649
0.048284
0.042938
0.046950
0.043512
0.043194
0.042758
0.047037
0.043194
0.051213
0.042888
0.042716
0.049912
0.045607
0.046895
0.046041
0.045006
0.043678
0.042617
0.047980
0.045968
0.047388
0.055408
0.045623
0.048919
0.051116
0.058968
0.055417
0.045727
0.049613
0.046383
0.055065
0.047848
0.047677
0.046399
0.045848
0.046764
0.045768
0.046618
0.050906
0.054254
0.046535
0.046595
0.045882
0.049955
0.048537
0.045980
0.046150
0.049596
0.055430
0.048270
0.046399
0.046893
0.045939
0.049031
0.049011
0.049973
0.048981
0.043018
0.043957
0.043041
0.050616
0.044414
0.044032
0.047277
0.046135
0.046515
0.049748
0.046971
0.047865
0.046021
0.047723
0.047781
0.054308
0.049203
0.046553
0.047487
0.045862
0.048065
0.046887
0.046731
0.049484
0.046076
0.045906
0.048012
0.048124
0.051250
0.048775
0.046103
0.059814
0.046192
0.048132
0.046024
0.052580
0.047490
0.046307
0.048974
0.058047
0.046015
0.046486
0.048198
0.050496
0.052938
0.046952
0.046854
0.048230
0.046764
0.046429
0.052302
0.045901
0.050958
0.047428
0.045943
0.048552
0.046286
0.048201
0.047217
0.046005
0.049852
0.046129
0.049486
0.047594
0.062762
0.051116
0.061574
0.046810
0.048194
0.048425
0.046664
0.052738
0.045751
0.062478
0.046126
0.046067
0.047477
0.047729
0.046859
0.047589
0.047164
0.046667
0.052813
0.046430
0.048820
0.046594
0.045774
0.049413
0.046171
0.050387
0.046826
0.046529
0.047064
0.046085
0.046474
0.047911
0.046461
0.047842
0.047550
0.049063
0.047923
0.046553
0.045989
0.046079
0.048951
0.046466
0.046464
0.046133
0.047903
0.048175
0.048202
0.050421
0.048204
0.047720
0.046236
0.047196
0.047850
0.046097
0.047972
0.046121
0.048784
0.046581
0.048615
0.047820
0.046565
0.049830
0.047199
0.046388
0.047978
0.047830
0.046029
0.046817
0.046583
0.047119
0.046474
0.046709
0.047666
0.046245
0.052205
0.047124
0.051585
0.046360
0.046059
0.047422
0.035115
0.051149
0.046723
0.047374
0.046054
0.042068
0.047575
0.047854
0.046159
0.047037
0.049221
0.045919
0.049074
0.046268
0.046216
0.047759
0.046729
0.048371
0.046671
0.047011
0.047304
0.048500
0.046085
0.057725
0.046301
0.047637
0.041657
0.043115
0.041480
0.045511
0.030358
0.035577
0.042368
0.037374
0.037709
0.042952
0.038244
0.039943
0.039283
0.039311
0.039208
0.039267
0.036813
0.038710
0.036847
0.039859
0.039530
0.041878
0.038813
0.039362
0.037703
0.039617
0.042960
0.048928
0.042598
0.044045
0.044430
0.038940
0.037390
0.042070
0.046217
0.046360
0.051425
0.045889
0.047115
0.049242
0.046134
0.048343
0.046467
0.047827
0.046767
0.047155
0.046066
0.048569
0.045922
0.047463
0.045845
0.048469
0.049187
0.047528
0.045897
0.048575
0.047068
0.045938
0.047425
0.046016
0.046440
0.048567
0.048563
0.049671
0.046283
0.048883
0.046780
0.050245
0.049781
0.046010
0.050995
0.046322
0.048929
0.046796
0.047112
0.048414
0.046461
0.046848
0.048112
0.046234
0.050399
0.046246
0.057574
0.049671
0.046047
0.046157
0.048320
0.047051
0.048404
0.046726
0.056164
0.047265
0.047935
0.046875
0.048292
0.048484
0.045818
0.054462
0.046724
0.050901
0.047623
0.048807
0.047874
0.047150
0.045987
0.048495
0.048012
0.049082
0.047901
0.048137
0.047089
0.046084
0.050521
0.046159
0.050593
0.049942
0.050062
0.046977
0.053354
0.047923
0.046602
0.046732
0.047071
0.053226
0.048901
0.051563
0.059490
0.046482
0.046682
0.047493
0.047926
0.047791
0.047357
0.049421
0.046500
0.046980
0.049935
0.044675
0.046035
0.046987
0.037171
0.035275
0.036905
0.043623
0.040709
0.044322
0.043117
0.043785
0.040619
0.041055
0.044888
0.044771
0.050845
0.049509
0.044371
0.045734
0.048675
0.046360
0.044582
0.044616
0.047773
0.046351
0.045691
0.051137
0.048179
0.046126
0.046041
0.049922
0.046190
0.045836
0.047876
0.048644
0.046558
0.050302
0.046578
0.045849
0.050279
0.047935
0.046016
0.049085
0.046300
0.045806
0.046799
0.046764
0.046552
0.048068
0.047322
0.046550
0.048544
0.046133
0.048960
0.048964
0.047158
0.046034
0.053079
0.046195
0.047022
0.045755
0.034737
0.041197
0.041604
0.047366
0.046751
0.046691
0.047872
0.047665
0.046223
0.047670
0.046349
0.046249
0.047363
0.046730
0.045939
0.050070
0.045131
0.047351
0.047856
0.048575
0.048425
0.046104
0.048934
0.046524
0.049061
0.046954
0.046483
0.048112
0.047219
0.045989
0.046880
0.046489
0.046207
0.051770
0.046990
0.047574
0.046240
0.046001
0.048070
0.048383
0.045838
0.047003
0.049565
0.047230
0.052255
0.045898
0.061369
0.053235
0.057524
0.042260
0.047848
0.044998
0.042776
0.041920
0.041179
0.050212
0.041385
0.054166
0.047911
0.046210
0.053925
0.067290
0.048712
0.046793
0.055810
0.045771
0.048301
0.049102
0.050406
0.047762
0.049165
0.050557
0.051875
0.050810
0.052498
0.044115
0.043900
0.045136
0.045732
0.049675
0.044198
0.045689
0.044186
0.044712
0.046053
0.053766
0.043775
0.045026
0.049017
0.051165
0.046711
0.049805
0.049978
0.047418
0.046485
0.048436
0.046346
0.051682
0.046847
0.047214
0.049050
0.055087
0.052068
0.047973
0.046340
0.050880
0.048791
0.047453
0.048118
0.048002
0.047814
0.047723
0.048627
0.052035
0.046303
0.047390
0.046166
0.049096
0.046061
0.048799
0.046129
0.046851
0.047300
0.052560
0.054923
0.062953
0.047058
0.053169
0.047431
0.052332
0.048645
0.045914
0.046471
0.046758
0.046233
0.049086
0.047368
0.048503
0.047286
0.044271
0.045572
0.041919
0.041833
0.041781
0.048077
0.041538
0.047523
0.052761
0.043272
0.042503
0.044214
0.041343
0.043772
0.041488
0.043217
0.041306
0.048218
0.053684
0.048930
0.047055
0.046741
0.059892
0.047279
0.045660
0.044167
0.047960
0.044019
0.049082
0.058904
0.045751
0.045117
0.047171
0.044785
0.044895
0.049209
0.053171
0.047042
0.049575
0.055726
0.052166
0.042872
0.057008
0.047338
0.049292
0.045446
0.050412
0.044382
0.048942
0.047356
0.046447
0.052524
0.046468
0.050864
0.047572
0.045842
0.049706
0.047358
0.049886
0.056081
0.045904
0.046584
0.046381
0.045963
0.046487
0.048108
0.048901
0.046519
0.046659
0.047416
0.046396
0.050320
0.046151
0.047922
0.047214
0.046592
0.047927
0.039165
0.047624
0.042086
0.042781
0.046946
0.043704
0.042949
0.043368
0.045420
0.047702
0.047693
0.046844
0.047723
0.048835
0.047863
0.046536
0.047245
0.047962
0.047912
0.047537
0.049577
0.052378
0.046893
0.046897
0.047310
0.050869
0.046642
0.048413
0.046629
0.052401
0.040555
0.048116
0.046875
0.050503
0.046935
0.047665
0.045716
0.049835
0.042633
0.043140
0.043058
0.053889
0.043198
0.042305
0.042872
0.034124
0.039192
0.040141
0.035060
0.042011
0.040473
0.049850
0.044890
0.044372
0.044610
0.043004
0.042580
0.043273
0.044193
0.042130
0.043177
0.041858
0.044710
0.043226
0.052384
0.049162
0.055346
0.052103
0.048415
0.048568
0.046582
0.047477
0.046985
0.047518
0.048797
0.046133
0.048078
0.046241
0.046756
0.047163
0.045938
0.052328
0.048798
0.049534
0.047981
0.045964
0.048992
0.048121
0.046544
0.046249
0.047690
0.046220
0.046360
0.047067
0.048276
0.046273
0.057495
0.046371
0.049082
0.049557
0.045957
0.048833
0.048536
0.046709
0.045943
0.048526
0.046467
0.046267
0.048118
0.047024
0.046817
0.046380
0.046004
0.045961
0.049657
0.047297
0.047854
0.047894
0.046434
0.050640
0.049471
0.048802
0.046430
0.049236
0.046661
0.046527
0.049441
0.048982
0.047962
0.046830
0.047501
0.047607
0.046301
0.046405
0.049292
0.048845
0.046180
0.046534
0.053294
0.046457
0.052078
0.049203
0.046054
0.046537
0.051570
0.046556
0.054668
0.045961
0.046813
0.048021
0.046721
0.056480
0.046256
0.046135
0.047850
0.046925
0.046177
0.048697
0.046900
0.048470
0.047807
0.046051
0.047893
0.047562
0.045861
0.046381
0.048635
0.047486
0.046119
0.046923
0.047810
0.047881
0.046877
0.062429
0.045961
0.051471
0.047443
0.051280
0.046409
0.046058
0.051552
0.047834
0.054026
0.061575
0.065101
0.066893
0.071323
0.054045
0.048428
0.047041
0.047274
0.047219
0.046289
0.046856
0.053298
0.048978
0.050561
0.046679
0.049331
0.046793
0.055447
0.049579
0.046035
0.046874
0.046843
0.040683
0.024032
0.039065
0.037751
0.041435
0.041871
0.046458
0.048956
0.046533
0.048875
0.055921
0.048293
0.047449
0.047656
0.048930
0.046130
0.046030
0.047870
0.046232
0.047764
0.048886
0.048578
0.051328
0.046118
0.050050
0.046184
0.047838
0.046762
0.047009
0.046433
0.049655
0.046182
0.046823
0.047167
0.046417
0.047802
0.050135
0.045976
0.047079
0.048046
0.046479
0.046361
0.051124
0.046170
0.046045
0.049764
0.047642
0.046189
0.047466
0.048646
0.046042
0.046930
0.047030
0.047138
0.048163
0.039226
0.031800
0.047899
0.047623
0.047397
0.046030
0.050967
0.048404
0.050152
0.049486
0.046609
0.048091
0.047705
0.050313
0.046214
0.051066
0.046361
0.047929
0.053325
0.047395
0.048767
0.049776
0.054721
0.052393
0.056957
0.054379
0.046162
0.053422
0.047567
0.047466
0.046164
0.050817
0.049045
0.046300
0.048133
0.045989
0.049044
0.046170
0.060143
0.060886
0.049565
0.046973
0.047045
0.051777
0.047340
0.051220
0.047896
0.049870
0.044964
0.021041
0.039433
0.038556
0.026742
0.034286
0.028288
0.044393
0.043022
0.030780
0.044632
0.044111
0.048197
0.029189
0.029852
0.032903
0.042678
0.045482
0.045811
0.038320
0.033649
0.050899
0.046269
0.034649
0.042648
0.047056
0.031678
0.046819
0.046161
0.046244
0.046849
0.047290
0.045670
0.049486
0.048379
0.032707
0.046160
0.035157
0.031893
0.050703
0.054257
0.047127
0.032167
0.047273
0.048304
0.048945
0.047035
0.045745
0.050537
0.050145
0.046623
0.047630
0.050969
0.055778
0.046110
0.045976
0.048941
0.028927
0.049752
0.045387
0.045183
0.046047
0.042690
0.043118
0.043405
0.043096
0.043453
0.037820
0.045910
0.044306
0.048104
0.047520
0.046324
0.047018
0.046566
0.046361
0.046128
0.051374
0.046545
0.048690
0.051991
0.048409
0.046205
0.046196
0.045974
0.046575
0.045963
0.046352
0.049359
0.046189
0.045810
0.049050
0.046107
0.049640
0.046182
0.046324
0.047542
0.049060
0.049052
0.051636
0.050383
0.046034
0.048604
0.036713
0.046648
0.045638
0.041547
0.048015
0.047526
0.046917
0.045631
0.039275
0.040143
0.037735
0.040211
0.037820
0.041537
0.042669
0.044454
0.042823
0.045863
0.042948
0.043730
0.044665
0.044035
0.043555
0.047224
0.044789
0.044130
0.042911
0.045526
0.043638
0.047296
0.044036
0.044439
0.047071
0.054796
0.046272
0.050759
0.046709
0.044429
0.046261
0.046129
0.045133
0.047486
0.044238
0.043443
0.044719
0.046469
0.050812
0.047134
0.048082
0.048761
0.048180
0.054141
0.048854
0.047835
0.046575
0.046054
0.031606
0.049757
0.031718
0.048408
0.047497
0.050010
0.046345
0.033513
0.034343
0.047623
0.047902
0.046448
0.056666
0.036414
0.050467
0.046688
0.053161
0.033037
0.046510
0.031770
0.034612
0.033775
0.031672
0.032481
0.033952
0.047138
0.054142
0.047826
0.047160
0.036235
0.041039
0.039264
0.041767
0.045960
0.042604
0.044606
0.042465
0.048843
0.043183
0.044805
0.043380
0.046302
0.042716
0.042692
0.042749
0.040613
0.040667
0.041873
0.044084
0.043004
0.039989
0.044040
0.045249
0.043004
0.046698
0.044112
0.043311
0.045147
0.042197
0.044843
0.043355
0.053535
0.042690
0.047255
0.046120
0.045854
0.060114
0.031481
0.037584
0.035366
0.034957
0.039012
0.045949
0.040554
0.041518
0.041788
0.043490
0.042079
0.040997
0.041888
0.040566
0.046007
0.047823
0.046266
0.046451
0.046891
0.043054
0.049596
0.033855
0.029380
0.044792
0.043063
0.026631
0.022043
0.034349
0.029583
0.028967
0.040432
0.029062
0.028956
0.035330
0.029839
0.046263
0.029215
0.036700
0.044639
0.045061
0.050900
0.050241
0.046460
0.047357
0.045716
0.047539
0.046124
0.038535
0.051898
0.045403
0.042567
0.060644
0.059905
0.047234
0.045163
0.044101
0.044732
0.048466
0.045723
0.044626
0.045039
0.044854
0.043818
0.044687
0.045363
0.044492
0.051125
0.048684
0.050257
0.045871
0.045692
0.052055
0.047397
0.047377
0.046388
0.045878
0.048244
0.044692
0.046361
0.042250
0.042731
0.045929
0.044307
0.045553
0.042709
0.044470
0.045632
0.044674
0.044134
0.043544
0.042806
0.044156
0.037761
0.039628
0.041348
0.048960
0.044361
0.045408
0.050088
0.048190
0.047399
0.047387
0.046212
0.046858
0.047192
0.047504
0.046865
0.047856
0.047002
0.051737
0.046281
0.048898
0.059459
0.059210
0.051981
0.056159
0.049758
0.047395
0.046534
0.049883
0.046011
0.048198
0.046212
0.046987
0.047035
0.048313
0.047031
0.047785
0.046321
0.048128
0.047019
0.053200
0.047398
0.051695
0.047589
0.049033
0.047181
0.045998
0.046361
0.046249
0.036209
0.045968
0.043977
0.044873
0.043373
0.044062
0.043650
0.044219
0.044805
0.045783
0.047040
0.047418
0.048668
0.050587
0.046785
0.048773
0.046046
0.048115
0.046441
0.048232
0.047034
0.047384
0.046115
0.047644
0.048314
0.050578
0.046613
0.046866
0.047744
0.046015
0.047135
0.047944
0.049340
0.046415
0.046436
0.046904
0.049357
0.046161
0.049550
0.046650
0.029078
0.030691
0.032122
0.034676
0.033749
0.033344
0.034765
0.034977
0.033168
0.036565
0.035965
0.034866
0.039249
0.035202
0.035372
0.039914
0.041004
0.039937
0.039130
0.040773
0.038903
0.038254
0.037764
0.039039
0.029257
0.030485
0.035012
0.030731
0.029024
0.032628
0.029648
0.030334
0.032872
0.030391
0.031337
0.031384
0.034659
0.024216
0.028187
0.040961
0.029692
0.034621
0.028616
0.029439
0.028074
0.029928
0.030289
0.029458
0.032991
0.030766
0.038863
0.031758
0.032474
0.046463
0.049060
0.033475
0.032108
0.046451
0.045744
0.051671
0.046810
0.040658
0.044394
0.044872
0.044665
0.045423
0.048100
0.046205
0.045583
0.047416
0.045898
0.036440
0.046161
0.045761
0.048514
0.047498
0.045707
0.046453
0.046198
0.049041
0.031619
0.045886
0.054505
0.048078
0.031565
0.031659
0.049956
0.045677
0.031437
0.034194
0.033429
0.022230
0.029187
0.030982
0.033272
0.030312
0.032307
0.030286
0.043807
0.032515
0.032363
0.031627
0.031491
0.052693
0.031786
0.047968
0.031728
0.031617
0.036325
0.031844
0.031638
0.035023
0.032619
0.032598
0.031807
0.033975
0.025351
0.030541
0.030504
0.031608
0.032301
0.031572
0.031809
0.032341
0.031893
0.032729
0.033613
0.034661
0.032319
0.037111
0.031978
0.031694
0.036793
0.041561
0.038084
0.033426
0.048671
0.069302
0.032400
0.038973
0.051617
0.050897
0.051011
0.050478
0.051203
0.050669
0.049531
0.026991
0.051130
0.047601
0.051129
0.044849
0.054487
0.050329
0.049703
0.050564
0.052730
0.052255
0.053239
0.053500
0.050876
0.050110
0.047870
0.020781
0.053950
0.046777
0.045799
0.047039
0.050429
0.045723
0.048427
0.046078
0.045842
0.047379
0.047511
0.048545
0.046722
0.052200
0.046537
0.046415
0.047555
0.046526
0.046700
0.046191
0.031620
0.030906
0.029895
0.045330
0.036940
0.037055
0.041687
0.037000
0.037059
0.044565
0.039755
0.036672
0.041211
0.037812
0.038652
0.065511
0.039393
0.042550
0.044707
0.046638
0.046902
0.047728
0.053476
0.046612
0.048305
0.046070
0.047360
0.049689
0.051054
0.044647
0.048223
0.048097
0.048801
0.046812
0.049422
0.050266
0.048265
0.049595
0.045934
0.049990
0.047259
0.046438
0.046763
0.047495
0.050172
0.046039
0.045717
0.046746
0.049506
0.047276
0.046169
0.048702
0.047464
0.049518
0.043341
0.042988
0.044558
0.042737
0.045126
0.045513
0.042903
0.042633
0.058451
0.040720
0.041808
0.041003
0.041405
0.041269
0.042860
0.043289
0.040701
0.044512
0.040837
0.041396
0.040826
0.042913
0.040665
0.041332
0.047821
0.045380
0.045183
0.043071
0.040894
0.058467
0.054934
0.057641
0.052401
0.062004
0.044746
0.045686
0.040795
0.041663
0.041059
0.042090
0.047764
0.046890
0.044180
0.063661
0.058888
0.050345
0.047134
0.043857
0.044709
0.044857
0.047868
0.046687
0.045953
0.054918
0.052394
0.048508
0.043791
0.043901
0.047956
0.044082
0.042902
0.042755
0.030863
0.043346
0.041989
0.057469
0.041964
0.050569
0.054659
0.048383
0.063615
0.071825
0.059186
0.067839
0.064680
0.061631
0.067215
0.045326
0.062721
0.049703
0.047633
0.056482
0.054078
0.044467
0.041257
0.050493
0.042740
0.046734
0.064149
0.057662
0.053648
0.042940
0.043388
0.054241
0.042930
0.044163
0.044367
0.045769
0.043617
0.043158
0.047160
0.044471
0.042932
0.048858
0.045445
0.047321
0.044133
0.050618
0.044604
0.044767
0.046160
0.043167
0.042747
0.052761
0.043318
0.049790
0.042843
0.046681
0.043756
0.043294
0.044192
0.042723
0.043674
0.045964
0.043255
0.043898
0.045236
0.043370
0.053580
0.050134
0.048971
0.048417
0.043397
0.044105
0.044868
0.043745
0.053430
0.051969
0.043481
0.073822
0.050906
0.045712
0.046732
0.057968
0.043963
0.061052
0.059973
0.043343
0.045827
0.043544
0.045913
0.043889
0.044034
0.030698
0.029535
0.031768
0.030215
0.042859
0.047939
0.044736
0.029794
0.043396
0.044151
0.034632
0.029607
0.029486
0.042454
0.044331
0.029225
0.061016
0.044214
0.033017
0.046948
0.046063
0.047701
0.046577
0.046414
0.032845
0.032739
0.031803
0.034522
0.032709
0.036725
0.045719
0.046592
0.030830
0.059273
0.038449
0.037531
0.049473
0.054588
0.049096
0.048902
0.051767
0.046207
0.047199
0.042465
0.033065
0.050568
0.046118
0.049408
0.046779
0.050287
0.046100
0.046471
0.050817
0.049909
0.032435
0.047965
0.046596
0.047539
0.048859
0.047572
0.049190
0.048989
0.046190
0.045996
0.047101
0.046480
0.048630
0.046551
0.031718
0.047514
0.047116
0.047038
0.045938
0.050635
0.046155
0.047550
0.051492
0.033081
0.047889
0.047257
0.047278
0.051002
0.048216
0.048040
0.046021
0.047953
0.046395
0.048773
0.046651
0.046932
0.049447
0.049186
0.046388
0.050845
0.046374
0.048452
0.057274
0.046216
0.051363
0.046438
0.046004
0.048088
0.047467
0.047508
0.047286
0.046567
0.049557
0.047499
0.048184
0.046143
0.045599
0.051526
0.048113
0.053241
0.050227
0.046364
0.048232
0.048071
0.056906
0.054347
0.066506
0.049811
0.044123
0.048353
0.032179
0.046069
0.049826
0.049351
0.062567
0.046094
0.066558
0.046771
0.035933
0.032041
0.046183
0.053058
0.046983
0.045777
0.055523
0.049355
0.060623
0.054888
0.046839
0.046241
0.053286
0.049896
0.047443
0.047559
0.058137
0.058158
0.034322
0.032604
0.033411
0.037006
0.048673
0.032785
0.033197
0.034094
0.036539
0.034973
0.036129
0.035389
0.041197
0.028920
0.038429
0.034526
0.034109
0.033541
0.035417
0.044427
0.034552
0.036155
0.036707
0.039886
0.035613
0.035512
0.034804
0.042311
0.038984
0.036388
0.037754
0.040036
0.037324
0.036001
0.035998
0.035771
0.036703
0.043836
0.035794
0.038039
0.035057
0.035501
0.029286
0.027468
0.026682
0.026694
0.025850
0.027217
0.037501
0.024233
0.028524
0.025173
0.022045
0.048303
0.021806
0.016479
0.018294
0.034817
0.025028
0.016172
0.019542
0.017216
0.023644
0.027416
0.027586
0.037608
0.028209
0.041449
0.030729
0.030441
0.037979
0.036854
0.031536
0.024308
0.031268
0.055160
0.031178
0.030119
0.034037
0.042235
0.038286
0.035802
0.030516
0.037859
0.040056
0.027940
0.019076
0.019377
0.029465
0.019453
0.025966
0.030457
0.034135
0.029541
0.030756
0.028592
0.026744
0.027472
0.029263
0.027341
0.035453
0.031163
0.037483
0.031070
0.028778
0.032551
0.030023
0.035095
0.028118
0.027729
0.029821
0.031191
0.033226
0.037316
0.032090
0.036269
0.031664
0.034775
0.040726
0.031245
0.034100
0.031729
0.030960
0.041667
0.029467
0.035058
0.033884
0.046397
0.048164
0.052083
0.053211
0.032432
0.034212
0.040173
0.048879
0.035748
0.035839
0.045806
0.047646
0.049587
0.047314
0.047166
0.048520
0.028795
0.044917
0.052196
0.043862
0.033139
0.035233
0.043765
0.048510
0.044389
0.043005
0.052523
0.038199
0.060748
0.045800
0.051847
0.049272
0.051550
0.026098
0.025177
0.024227
0.033955
0.039564
0.033633
0.023062
0.052396
0.034005
0.034303
0.033894
0.036496
0.036086
0.036837
0.027179
0.037323
0.027333
0.038033
0.036628
0.026993
0.019342
0.026755
0.028443
0.029437
0.029158
0.027232
0.029171
0.030025
0.031403
0.032520
0.031024
0.029982
0.031223
0.031389
0.032691
0.032841
0.031785
0.031349
0.035383
0.047299
0.035287
0.032616
0.034847
0.032909
0.032988
0.033128
0.033196
0.033698
0.065036
0.047464
0.041576
0.046590
0.044431
0.041086
0.045088
0.044260
0.040258
0.034575
0.034121
0.039294
0.032869
0.032179
0.038675
0.033750
0.038452
0.035610
0.047293
0.033542
0.035423
0.032480
0.021121
0.051531
0.027572
0.027856
0.028098
0.027986
0.019848
0.024796
0.030496
0.019465
0.022996
0.017585
0.017473
0.020213
0.017340
0.017936
0.025635
0.019648
0.011741
0.029553
0.035464
0.041744
0.029881
0.026284
0.022988
0.016865
0.012399
0.013451
0.012947
0.011520
0.011488
0.015685
0.012466
0.011359
0.052531
0.018851
0.011976
0.016746
0.017479
0.022389
0.018235
0.014634
0.017349
0.019572
0.038435
0.041670
0.041742
0.035761
0.055734
0.042130
0.048673
0.030664
0.028452
0.030371
0.028410
0.031825
0.027920
0.027499
0.031842
0.032048
0.029789
0.032541
0.032382
0.029746
0.035326
0.030313
0.030218
0.032721
0.030183
0.031116
0.031582
0.030140
0.033111
0.046045
0.053168
0.030969
0.032816
0.039284
0.032531
0.034010
0.036548
0.033089
0.036428
0.035120
0.030484
0.029654
0.024095
0.030220
0.025334
0.030321
0.038085
0.031495
0.028255
0.028087
0.029697
0.032686
0.028603
0.031427
0.032550
0.032709
0.036651
0.034072
0.032558
0.044617
0.031801
0.034836
0.032582
0.034337
0.037500
0.031694
0.031792
0.033724
0.034204
0.036880
0.029757
0.028859
0.030648
0.034447
0.031402
0.031302
0.034735
0.033739
0.034243
0.035768
0.036402
0.035570
0.035796
0.032997
0.036138
0.033487
0.038174
0.033273
0.033480
0.034176
0.036123
0.034871
0.037675
0.035707
0.035601
0.035383
0.039270
0.038329
0.034972
0.036341
0.036115
0.035904
0.035427
0.044121
0.037975
0.041089
0.037820
0.042935
0.039220
0.041698
0.052240
0.042354
0.039876
0.041842
0.050911
0.055799
0.045938
0.040875
0.037070
0.038113
0.037206
0.039923
0.037907
0.037092
0.038726
0.037043
0.037130
0.036266
0.040342
0.032694
0.035736
0.042166
0.040414
0.040749
0.043106
0.040562
0.021008
0.040832
0.041346
0.033157
0.035481
0.039296
0.045806
0.039747
0.039378
0.027739
0.040215
0.039279
0.039959
0.041212
0.041261
0.043822
0.042422
0.050884
0.040900
0.039794
0.039606
0.040013
0.039393
0.039779
0.034294
0.048513
0.037156
0.026345
0.035070
0.034604
0.024343
0.035180
0.027923
0.035445
0.039088
0.038267
0.040698
0.028471
0.026182
0.026133
0.041219
0.038225
0.040735
0.036371
0.033111
0.034923
0.034273
0.027135
0.033561
0.027288
0.037826
0.045044
0.043994
0.033062
0.041440
0.043653
0.043808
0.042969
0.040888
0.044563
0.044298
0.045784
0.042738
0.044505
0.034939
0.032157
0.039626
0.031032
0.029785
0.035962
0.031654
0.030717
0.033616
0.041001
0.035786
0.038847
0.034832
0.034305
0.033709
0.043637
0.023422
0.035882
0.038292
0.041884
0.036361
0.037560
0.034636
0.034036
0.049495
0.040284
0.036294
0.043288
0.018390
0.019570
0.020517
0.021179
0.019118
0.016855
0.019561
0.021776
0.026688
0.025176
0.021524
0.021394
0.022079
0.025526
0.024350
0.028366
0.025693
0.024789
0.030463
0.024349
0.024154
0.025704
0.023694
0.028872
0.026770
0.023062
0.044211
0.041819
0.028449
0.023372
0.022484
0.032301
0.025000
0.051681
0.023245
0.027226
0.022629
0.029672
0.033611
0.042419
0.027520
0.048396
0.026113
0.025851
0.031891
0.030356
0.047837
0.045014
0.032897
0.033690
0.034462
0.032106
0.020776
0.021631
0.032776
0.022995
0.019881
0.022429
0.019923
0.019720
0.033337
0.025126
0.022216
0.022007
0.034128
0.046807
0.033726
0.035025
0.014953
0.016386
0.015175
0.019452
0.015825
0.015412
0.032763
0.040058
0.024339
0.025962
0.019489
0.017861
0.016157
0.015105
0.017335
0.023039
0.018436
0.019245
0.015788
0.017722
0.017451
0.017629
0.019646
0.017847
0.016067
0.016767
0.016284
0.037980
0.019564
0.019006
0.018667
0.016945
0.017287
0.016998
0.023198
0.017211
0.020218
0.022192
0.026174
0.024414
0.025438
0.028420
0.024729
0.024699
0.024471
0.029163
0.043870
0.056829
0.050049
0.035936
0.036494
0.028982
0.031122
0.041866
0.032972
0.030731
0.029306
0.030954
0.029486
0.028001
0.031157
0.030639
0.036146
0.050818
0.041382
0.037549
0.038998
0.042441
0.045866
0.036608
0.024552
0.028725
0.026534
0.043191
0.042525
0.038617
0.042297
0.043164
0.036684
0.029899
0.034436
0.034425
0.032810
0.032297
0.032907
0.034739
0.032222
0.034473
0.032461
0.034823
0.051208
0.056667
0.054183
0.041605
0.035334
0.047510
0.059821
0.034475
0.038232
0.035845
0.035504
0.039812
0.034362
0.038019
0.036545
0.056393
0.047904
0.044557
0.045973
0.043907
0.033871
0.033066
0.030589
0.035459
0.031147
0.031394
0.032157
0.030477
0.032254
0.033920
0.031119
0.030903
0.036132
0.032775
0.040151
0.044808
0.046444
0.051052
0.044104
0.036046
0.032547
0.032844
0.035395
0.034283
0.032624
0.033916
0.035468
0.032774
0.042323
0.038769
0.052143
0.039325
0.047872
0.041398
0.042783
0.050693
0.040714
0.036124
0.036426
0.036865
0.033349
0.041390
0.046436
0.042568
0.039037
0.042527
0.044577
0.030788
0.043577
0.040570
0.037379
0.025725
0.035820
0.039592
0.042213
0.031559
0.025413
0.037059
0.041013
0.040596
0.037019
0.025796
0.037547
0.054990
0.035593
0.035837
0.047788
0.041716
0.041321
0.039175
0.038888
0.039632
0.038582
0.038487
0.035466
0.035216
0.033407
0.028417
0.017508
0.019656
0.029878
0.042072
0.043784
0.030907
0.035232
0.034676
0.041101
0.037312
0.035589
0.037576
0.036005
0.036225
0.040742
0.034967
0.038314
0.036741
0.039878
0.038622
0.036732
0.039089
0.041597
0.044382
0.053219
0.046967
0.048389
0.043775
0.052170
0.036439
0.047445
0.035795
0.047996
0.039020
0.039942
0.038693
0.042292
0.038061
0.040350
0.041247
0.039309
0.047240
0.043178
0.040767
0.040983
0.040713
0.048254
0.040302
0.042745
0.041279
0.040226
0.039166
0.034832
0.032756
0.033875
0.032663
0.033020
0.036490
0.032412
0.032147
0.034537
0.037550
0.032830
0.034080
0.037810
0.039339
0.040732
0.036865
0.036373
0.052495
0.036462
0.036616
0.038339
0.037570
0.036588
0.049708
0.047002
0.048060
0.035433
0.032133
0.044875
0.039411
0.040997
0.038381
0.041025
0.043780
0.038478
0.040107
0.039340
0.038437
0.038187
0.039841
0.038035
0.039886
0.041133
0.048919
0.043940
0.046087
0.044847
0.037708
0.036636
0.045871
0.040086
0.040154
0.044095
0.040055
0.042159
0.040986
0.039863
0.042867
0.041950
0.043059
0.040247
0.040715
0.042544
0.041335
0.042678
0.042015
0.049426
0.042416
0.041490
0.044531
0.040395
0.040266
0.043607
0.042713
0.057974
0.062342
0.053878
0.046006
0.040213
0.038660
0.038193
0.041204
0.039876
0.036033
0.034495
0.039684
0.037164
0.039798
0.036791
0.036461
0.038228
0.039917
0.040144
0.041109
0.048024
0.048095
0.045715
0.040184
0.041288
0.037916
0.058696
0.039271
0.045247
0.040552
0.040374
0.038973
0.038572
0.043970
0.044519
0.045011
0.042714
0.042520
0.045554
0.042725
0.045937
0.053189
0.052023
0.052210
0.045955
0.044237
0.050169
0.045372
0.051582
0.051939
0.060469
0.064914
0.051504
0.045261
0.044285
0.044842
0.045568
0.048060
0.045198
0.044506
0.045139
0.045955
0.044364
0.046114
0.045662
0.043923
0.045955
0.030948
0.036580
0.034501
0.046392
0.036662
0.037916
0.036788
0.039273
0.040468
0.044482
0.037313
0.039056
0.041694
0.042425
0.053017
0.043792
0.044124
0.044287
0.043602
0.043598
0.041811
0.044484
0.044163
0.048134
0.044215
0.048775
0.047756
0.044002
0.047164
0.050396
0.045931
0.048643
0.046268
0.048174
0.047799
0.051377
0.046244
0.046972
0.050830
0.047628
0.054856
0.050318
0.046380
0.049850
0.046753
0.047889
0.055669
0.048553
0.046666
0.048309
0.046005
0.046832
0.046490
0.049222
0.049816
0.045972
0.046559
0.042228
0.036514
0.041120
0.038876
0.043222
0.039052
0.040530
0.043566
0.039500
0.041730
0.051443
0.049107
0.046700
0.046753
0.058529
0.056114
0.045872
0.049235
0.043075
0.045648
0.050395
0.045980
0.048399
0.046960
0.048873
0.048826
0.049212
0.046983
0.045979
0.051583
0.031709
0.031614
0.049753
0.046536
0.048754
0.046850
0.046580
0.052457
0.046789
0.048898
0.055150
0.051798
0.049823
0.047471
0.047158
0.046870
0.047954
0.047270
0.046171
0.051241
0.055602
0.047741
0.051103
0.066046
0.052525
0.047612
0.047061
0.049818
0.044529
0.045633
0.027317
0.028684
0.037633
0.037118
0.036596
0.035024
0.037715
0.037435
0.035639
0.037551
0.048560
0.037729
0.043624
0.047119
0.046121
0.049737
0.046636
0.054421
0.042683
0.051602
0.052161
0.057149
0.053178
0.049189
0.048994
0.050721
0.053487
0.042610
0.027388
0.021930
0.034543
0.052857
0.026067
0.031553
0.026726
0.041769
0.054594
0.040784
0.037630
0.047658
0.034152
0.048659
0.034460
0.037403
0.049127
0.035340
0.034042
0.036618
0.031962
0.041909
0.035161
0.033284
0.050669
0.035463
0.032790
0.033828
0.032723
0.025795
0.024008
0.045805
0.034507
0.033869
0.034508
0.037123
0.032013
0.032815
0.026138
0.029300
0.025621
0.032884
0.041978
0.026639
0.025804
0.033371
0.029221
0.025620
0.025678
0.031534
0.028447
0.028159
0.030211
0.029037
0.025758
0.054057
0.047283
0.025373
0.025698
0.031071
0.029027
0.044893
0.032212
0.026943
0.025487
0.027035
0.044903
0.027382
0.037796
0.028743
0.048294
0.037339
0.022710
0.019618
0.022257
0.022914
0.019885
0.020178
0.028020
0.022681
0.019890
0.019752
0.028357
0.026140
0.022063
0.020291
0.021794
0.026768
0.028842
0.037057
0.039464
0.028991
0.023593
0.038133
0.025851
0.025930
0.023523
0.026705
0.026794
0.027915
0.023808
0.032795
0.044878
0.043652
0.042257
0.042348
0.041185
0.030233
0.023661
0.028897
0.020259
0.020677
0.017643
0.020075
0.017435
0.017083
0.028417
0.024949
0.017726
0.017276
0.017902
0.017156
0.023964
0.023115
0.017756
0.024416
0.017130
0.027673
0.018178
0.037333
0.041399
0.039752
0.047219
0.028844
0.025838
0.024250
0.028147
0.021537
0.038339
0.042840
0.025938
0.024730
0.023041
0.025918
0.023699
0.024659
0.030007
0.023689
0.025158
0.025011
0.029067
0.023962
0.024151
0.030101
0.045882
0.026018
0.024767
0.024823
0.026147
0.030223
0.028935
0.028936
0.027808
0.032825
0.027926
0.028517
0.037714
0.030527
0.035275
0.042189
0.031662
0.030396
0.038788
0.030566
0.029881
0.032957
0.032018
0.031813
0.032606
0.036922
0.030078
0.045949
0.035953
0.038137
0.042509
0.046400
0.041192
0.038734
0.042706
0.048078
0.030763
0.030810
0.032530
0.032818
0.037930
0.039072
0.035941
0.037242
0.037301
0.038440
0.037480
0.038962
0.035882
0.040994
0.038247
0.037761
0.037404
0.042263
0.043983
0.042058
0.051689
0.042081
0.045648
0.044120
0.046555
0.042883
0.043689
0.046380
0.043180
0.041989
0.042369
0.045981
0.041809
0.042244
0.044485
0.044641
0.046813
0.042960
0.045273
0.042000
0.041834
0.041927
0.047456
0.041880
0.033600
0.043672
0.042300
0.042938
0.044041
0.030936
0.029414
0.031031
0.036430
0.049103
0.030536
0.031275
0.030601
0.032628
0.037177
0.038599
0.042953
0.038750
0.041763
0.038025
0.041150
0.041484
0.046297
0.038136
0.060281
0.045722
0.038147
0.037804
0.041824
0.040478
0.039044
0.042631
0.054388
0.038513
0.040286
0.043564
0.041084
0.043024
0.053694
0.040274
0.042046
0.040305
0.043127
0.043864
0.041467
0.039832
0.043351
0.040994
0.042353
0.042089
0.051894
0.044603
0.043797
0.042054
0.040041
0.041904
0.040385
0.054772
0.039875
0.041481
0.040830
0.042518
0.039796
0.030727
0.042251
0.046838
0.044141
0.044910
0.051625
0.044425
0.049631
0.043991
0.044199
0.044063
0.045262
0.044175
0.031032
0.044136
0.044043
0.031304
0.045177
0.049554
0.037958
0.027920
0.038815
0.035075
0.041921
0.040458
0.042972
0.040814
0.042297
0.031233
0.041572
0.042960
0.040938
0.040901
0.042194
0.041766
0.040786
0.048807
0.038156
0.027592
0.027758
0.030359
0.028326
0.041906
0.045125
0.041969
0.049932
0.043278
0.041685
0.055516
0.046459
0.039832
0.053357
0.063304
0.052923
0.046334
0.044894
0.045626
0.046223
0.044758
0.041044
0.050975
0.039451
0.047885
0.045174
0.047393
0.036960
0.030085
0.031024
0.035460
0.030484
0.030782
0.032799
0.032144
0.034825
0.031716
0.031780
0.035815
0.031837
0.036376
0.034899
0.032659
0.032318
0.031953
0.033424
0.032685
0.031498
0.032118
0.032293
0.032372
0.031587
0.063185
0.046854
0.036093
0.032912
0.032194
0.046262
0.033716
0.032211
0.046078
0.031958
0.025209
0.022351
0.047193
0.027958
0.031639
0.028211
0.027812
0.030423
0.031230
0.030214
0.031993
0.044458
0.044712
0.045872
0.030224
0.047208
0.046115
0.048456
0.030188
0.031464
0.045930
0.047750
0.048310
0.046210
0.049168
0.033291
0.050479
0.031685
0.048081
0.045738
0.052509
0.031667
0.032622
0.046111
0.046422
0.031845
0.033455
0.042310
0.040900
0.042961
0.028895
0.034673
0.044580
0.044713
0.047790
0.028983
0.041019
0.030242
0.042353
0.046888
0.033573
0.034618
0.032106
0.032928
0.049071
0.031542
0.047055
0.050338
0.031819
0.033351
0.037680
0.031576
0.031491
0.034745
0.035274
0.033307
0.032269
0.034302
0.031759
0.032401
0.034022
0.031784
0.031508
0.033741
0.033483
0.050637
0.033713
0.035235
0.031529
0.033250
0.032469
0.035078
0.037938
0.032032
0.034756
0.032038
0.032323
0.031574
0.031651
0.034281
0.031686
0.031582
0.042502
0.032468
0.032424
0.048430
0.032083
0.037722
0.035913
0.033330
0.031698
0.034144
0.033489
0.031719
0.032357
0.031655
0.035739
0.042051
0.032779
0.030096
0.035386
0.030795
0.033791
0.030668
0.034759
0.032323
0.034783
0.034348
0.033288
0.033625
0.034543
0.033333
0.041421
0.035598
0.041603
0.034256
0.029898
0.035493
0.036295
0.033346
0.031741
0.032658
0.031556
0.032020
0.031501
0.041523
0.032185
0.031692
0.038747
0.031783
0.032598
0.034419
0.033424
0.032201
0.034256
0.031583
0.031458
0.032887
0.034273
0.034678
0.033912
0.031520
0.032402
0.033312
0.031646
0.038889
0.031709
0.031800
0.034867
0.032531
0.045810
0.047902
0.048339
0.032087
0.031501
0.035867
0.045707
0.035781
0.046368
0.046494
0.051125
0.046080
0.048111
0.045906
0.046911
0.047153
0.049441
0.046185
0.048098
0.045796
0.046975
0.047728
0.045951
0.046196
0.045650
0.047508
0.047748
0.033616
0.046390
0.045682
0.047188
0.048671
0.041989
0.032260
0.046224
0.032716
0.032089
0.031477
0.037565
0.033747
0.045066
0.036481
0.041039
0.032384
0.046764
0.032066
0.031509
0.031883
0.034378
0.031685
0.031518
0.035078
0.033907
0.031463
0.033344
0.032459
0.031866
0.032663
0.032293
0.043536
0.045170
0.030350
0.030201
0.029606
0.030840
0.030890
0.042734
0.030052
0.032672
0.028651
0.034467
0.032497
0.032278
0.034609
0.031591
0.033121
0.031227
0.032606
0.031753
0.030553
0.029434
0.033873
0.029590
0.030923
0.034752
0.033893
0.034107
0.032380
0.032585
0.040490
0.035243
0.037487
0.032463
0.031913
0.029279
0.032389
0.042929
0.029791
0.029214
0.029208
0.030251
0.029040
0.036848
0.032487
0.046234
0.036746
0.031579
0.038947
0.033383
0.032959
0.031845
0.033293
0.033327
0.032579
0.034447
0.031497
0.033415
0.032018
0.031821
0.045090
0.039105
0.044823
0.040549
0.046250
0.032274
0.036944
0.032385
0.031546
0.032564
0.032925
0.033036
0.031724
0.033215
0.032011
0.034942
0.041654
0.037358
0.031711
0.032394
0.034249
0.034450
0.031632
0.032597
0.033930
0.037955
0.035956
0.031670
0.042089
0.033123
0.033996
0.031717
0.033261
0.033415
0.031733
0.037419
0.033679
0.031609
0.031984
0.031553
0.032353
0.037528
0.038594
0.031968
0.032163
0.039325
0.033176
0.031902
0.032482
0.039763
0.042262
0.032688
0.034355
0.031657
0.031605
0.032906
0.035683
0.031859
0.031593
0.034314
0.032346
0.030622
0.032360
0.034251
0.032311
0.033004
0.033857
0.031600
0.033155
0.035649
0.036375
0.037534
0.034330
0.033854
0.031704
0.033218
0.035463
0.032923
0.049113
0.031643
0.034742
0.034098
0.047110
0.045852
0.053065
0.045933
0.056581
0.041304
0.024112
0.035107
0.023999
0.026683
0.036149
0.037132
0.041941
0.044407
0.045195
0.043232
0.040706
0.042801
0.042445
0.044364
0.047781
0.043986
0.051682
0.047536
0.045909
0.043687
0.043453
0.045076
0.043891
0.045177
0.039233
0.046604
0.049314
0.046095
0.036160
0.043583
0.044606
0.044682
0.024361
0.040141
0.032453
0.029747
0.043243
0.044791
0.043850
0.042486
0.042809
0.046290
0.043186
0.042624
0.046188
0.043161
0.042476
0.043775
0.043099
0.043467
0.047789
0.045846
0.049877
0.047410
0.053994
0.051465
0.047335
0.047708
0.048340
0.056814
0.045987
0.046155
0.054074
0.044694
0.045296
0.044873
0.042739
0.051384
0.058023
0.046924
0.048980
0.048539
0.043315
0.059722
0.057776
0.046721
0.029845
0.033941
0.032300
0.043544
0.045001
0.045582
0.044586
0.031048
0.043432
0.043674
0.037426
0.026734
0.024664
0.019923
0.036837
0.038763
0.036856
0.035535
0.040238
0.030445
0.037464
0.027908
0.024397
0.019092
0.018396
0.017747
0.017720
0.018370
0.023593
0.018978
0.018907
0.019202
0.017837
0.017386
0.017809
0.023072
0.021159
0.018555
0.018147
0.038126
0.033822
0.037988
0.019324
0.018220
0.020724
0.023878
0.022694
0.030587
0.026017
0.025947
0.028601
0.030059
0.028264
0.031158
0.028439
0.029766
0.028876
0.028064
0.028820
0.030942
0.028347
0.030567
0.028332
0.028076
0.031577
0.029640
0.029848
0.028019
0.036157
0.031001
0.031523
0.037392
0.035627
0.033495
0.037305
0.037258
0.036236
0.029860
0.028722
0.027889
0.034924
0.036852
0.029873
0.025624
0.019936
0.022261
0.021426
0.020335
0.025887
0.023514
0.025829
0.023434
0.024813
0.024400
0.027703
0.025990
0.025588
0.024000
0.035520
0.020747
0.019863
0.019778
0.021393
0.020899
0.021093
0.020601
0.016914
0.023073
0.025769
0.022955
0.021867
0.022184
0.024277
0.023782
0.024179
0.026199
0.025031
0.024677
0.023369
0.026030
0.025577
0.026510
0.029613
0.028038
0.026906
0.025416
0.030866
0.029982
0.025615
0.026977
0.025877
0.025665
0.026795
0.030787
0.029245
0.025654
0.028562
0.025849
0.025450
0.029905
0.027719
0.025651
0.031681
0.025872
0.025495
0.029028
0.028529
0.028264
0.027513
0.028584
0.028078
0.027432
0.042926
0.047015
0.042688
0.039135
0.028494
0.027692
0.031313
0.040995
0.038584
0.032326
0.030096
0.027139
0.029923
0.028981
0.029286
0.032909
0.031336
0.035140
0.032583
0.032688
0.031323
0.029874
0.033478
0.027256
0.026864
0.039189
0.026392
0.031188
0.027110
0.031405
0.026554
0.026220
0.028536
0.026702
0.027472
0.026427
0.030303
0.030502
0.029850
0.030574
0.030490
0.033860
0.036756
0.033814
0.034656
0.033839
0.036623
0.035307
0.040857
0.038216
0.037313
0.043926
0.036738
0.035869
0.035991
0.037534
0.039319
0.036573
0.038454
0.035990
0.035853
0.044232
0.033154
0.036291
0.023634
0.033895
0.026820
0.023572
0.030407
0.023928
0.029704
0.023869
0.025874
0.026003
0.026664
0.021183
0.022914
0.030827
0.022892
0.029388
0.027064
0.021422
0.030151
0.025738
0.032563
0.023040
0.025721
0.028292
0.028100
0.024749
0.023186
0.026703
0.029371
0.027940
0.033003
0.030178
0.031913
0.032914
0.032470
0.033321
0.038498
0.027084
0.027463
0.025459
0.031675
0.042787
0.027535
0.026312
0.024969
0.025130
0.028324
0.030508
0.027005
0.054008
0.026055
0.026943
0.031477
0.027108
0.029282
0.037033
0.024510
0.021661
0.024497
0.024806
0.019268
0.019617
0.017936
0.025415
0.023098
0.019601
0.024094
0.020641
0.020989
0.024987
0.023973
0.031881
0.024741
0.023968
0.026316
0.026319
0.027455
0.025434
0.032804
0.028922
0.027940
0.031937
0.026801
0.027319
0.036127
0.031751
0.033379
0.036799
0.037675
0.039095
0.040931
0.026549
0.031025
0.048828
0.027353
0.048750
0.028002
0.028234
0.042495
0.035982
0.027107
0.049713
0.025784
0.027449
0.028856
0.042804
0.027625
0.042271
0.028603
0.029869
0.036411
0.031485
0.025725
0.027305
0.025088
0.029193
0.042871
0.043215
0.026333
0.032941
0.033363
0.028481
0.046030
0.027854
0.028997
0.044007
0.036641
0.028091
0.027144
0.041812
0.033557
0.028683
0.027203
0.026105
0.029256
0.029774
0.047499
0.032939
0.028889
0.028902
0.052245
0.028963
0.029223
0.045757
0.027864
0.027276
0.041985
0.029361
0.025987
0.039474
0.026589
0.029537
0.032195
0.030612
0.026567
0.026486
0.037900
0.028674
0.028523
0.025630
0.028207
0.031158
0.030215
0.028057
0.034197
0.028446
0.029307
0.043502
0.030233
0.027325
0.028914
0.027859
0.043813
0.028153
0.027845
0.043966
0.037141
0.035964
0.041730
0.027825
0.028797
0.032602
0.028214
0.024558
0.027327
0.026141
0.031695
0.035268
0.038093
0.039683
0.062862
0.055670
0.042623
0.038407
0.043524
0.043279
0.038522
0.045075
0.036469
0.036077
0.037793
0.038870
0.038460
0.049742
0.038395
0.039590
0.039444
0.044500
0.047117
0.042444
0.041801
0.044749
0.034449
0.046849
0.048663
0.031490
0.032024
0.030794
0.030084
0.032782
0.036236
0.033535
0.045867
0.023961
0.023803
0.025228
0.023920
0.024913
0.032537
0.025664
0.025165
0.024638
0.034925
0.041230
0.039409
0.040726
0.043154
0.039850
0.040460
0.038086
0.037626
0.044969
0.037120
0.037342
0.038768
0.040930
0.038901
0.037450
0.041071
0.038277
0.040813
0.039765
0.037654
0.036696
0.039387
0.040901
0.040491
0.039550
0.042197
0.041378
0.042351
0.042448
0.043613
0.030944
0.034243
0.057448
0.042536
0.035633
0.036196
0.056398
0.036449
0.037359
0.035429
0.033950
0.045655
0.038450
0.037697
0.043092
0.056194
0.063749
0.040005
0.040734
0.058324
0.032585
0.047676
0.040077
0.061968
0.041313
0.058431
0.041909
0.045358
0.064936
0.061694
0.047203
0.047923
0.044246
0.039830
0.025172
0.032655
0.029337
0.028213
0.037942
0.043701
0.045130
0.043875
0.044720
0.044321
0.042450
0.047109
0.049475
0.045042
0.045455
0.047906
0.040892
0.036136
0.033367
0.034817
0.035082
0.041450
0.036584
0.035924
0.037783
0.037244
0.036072
0.043519
0.037524
0.036371
0.036157
0.037908
0.040633
0.035670
0.037323
0.035736
0.041301
0.045846
0.042634
0.036462
0.039126
0.039701
0.037099
0.040437
0.044469
0.034980
0.030195
0.035728
0.039866
0.041240
0.048777
0.032865
0.036056
0.032857
0.052901
0.034179
0.033411
0.044563
0.028702
0.054154
0.033992
0.033383
0.035665
0.037863
0.055387
0.047549
0.035802
0.040570
0.037282
0.052496
0.048114
0.035010
0.035177
0.035825
0.030635
0.027192
0.024681
0.025129
0.029747
0.031905
0.031330
0.031868
0.030337
0.018481
0.023074
0.023221
0.019594
0.037701
0.018316
0.042732
0.019393
0.018304
0.018801
0.019737
0.019189
0.018798
0.020721
0.035801
0.018935
0.022766
0.018801
0.018127
0.018544
0.018034
0.039660
0.020166
0.037808
0.018133
0.023057
0.016865
0.017879
0.018177
0.017435
0.037987
0.016774
0.019261
0.043121
0.035486
0.034874
0.023424
0.022929
0.021013
0.027866
0.025974
0.021046
0.021197
0.024061
0.045055
0.023611
0.024019
0.023209
0.026425
0.023328
0.023513
0.025469
0.026785
0.023404
0.023691
0.023077
0.023054
0.022962
0.026541
0.024831
0.024674
0.023792
0.021999
0.022420
0.022281
0.021726
0.022339
0.025108
0.022199
0.019966
0.030557
0.022936
0.023073
0.025860
0.036593
0.035649
0.039236
0.039731
0.055973
0.043115
0.029357
0.028699
0.049521
0.044483
0.065762
0.029157
0.028253
0.049431
0.030699
0.030570
0.048352
0.040735
0.034047
0.034078
0.048702
0.050300
0.032176
0.042274
0.033564
0.032888
0.047733
0.037734
0.034934
0.032399
0.032093
0.046273
0.054931
0.032119
0.032952
0.037802
0.050672
0.042198
0.035318
0.043808
0.050516
0.032961
0.032263
0.034717
0.048820
0.036885
0.048165
0.035558
0.043733
0.037520
0.034938
0.042732
0.049034
0.037072
0.032197
0.031989
0.032583
0.033339
0.034122
0.037767
0.031229
0.032678
0.032044
0.030191
0.047989
0.030524
0.034943
0.032041
0.033262
0.030749
0.031001
0.029845
0.036850
0.032003
0.052292
0.044725
0.034379
0.034327
0.031036
0.045216
0.040860
0.037915
0.043864
0.028025
0.029289
0.028112
0.028574
0.029602
0.029514
0.028690
0.035287
0.031965
0.027802
0.026664
0.038138
0.028102
0.030800
0.031092
0.029031
0.029717
0.029217
0.028666
0.033376
0.033051
0.030902
0.032665
0.032959
0.034093
0.035257
0.032995
0.034260
0.034232
0.042746
0.038617
0.039432
0.039813
0.021677
0.020929
0.022616
0.044520
