1
409.6905,319.8500,36.6190,108.3000
318.5980,380.6778,40.8039,76.6444
392.6905,276.8500,36.6190,108.3000
318.3452,384.4250,35.3095,71.1500
311.8549,376.9346,44.2903,80.1308
309.4751,374.0549,47.0497,82.8902
322.4712,370.0509,35.0576,70.8981
312.3452,382.4250,35.3095,71.1500
290.7456,369.8253,48.5088,84.3493
305.4744,372.0542,52.0512,87.8917
290.1757,374.7554,51.6487,87.4892
303.3520,372.4318,55.2960,91.1365
312.3473,378.4271,48.3053,84.1458
308.3539,367.4336,47.2923,83.1328
296.0319,373.6116,48.9363,84.7768
293.0348,397.6145,35.9305,71.7710
414.6905,232.8500,36.6190,108.3000
271.9960,392.5757,48.0080,83.8485
414.6905,232.8500,36.6190,108.3000
260.0273,400.1071,34.9453,70.7858
414.6905,231.8500,36.6190,108.3000
414.6905,217.8500,36.6190,108.3000
414.6905,218.8500,36.6190,108.3000
414.6905,217.8500,36.6190,108.3000
414.6905,218.8500,36.6190,108.3000
246.0469,389.6266,42.9062,78.7467
262.6026,399.6824,26.7948,62.6353
278.7222,369.8020,57.5555,93.3960
249.2761,395.8558,36.4479,72.2884
232.6499,389.2296,37.7002,73.5407
408.6905,203.8500,36.6190,108.3000
371.6905,290.8500,36.6190,108.3000
212.1619,378.2417,41.6761,77.5166
403.6905,188.8500,36.6190,108.3000
376.6905,275.8500,36.6190,108.3000
371.6905,232.8500,36.6190,108.3000
313.1203,346.7000,40.7594,76.5999
371.6905,276.8500,36.6190,108.3000
318.7638,343.3435,44.4725,80.3130
304.5366,344.6163,43.9269,79.7674
365.6905,268.8500,36.6190,108.3000
317.3600,349.4397,35.2801,71.1206
370.6905,275.8500,36.6190,108.3000
371.6905,231.8500,36.6190,108.3000
271.5063,346.0860,42.9874,78.8279
257.5003,342.5800,49.9994,85.8399
370.6905,218.8500,36.6190,108.3000
370.6905,261.8500,36.6190,108.3000
376.6905,174.8500,36.6190,108.3000
354.6905,276.8500,36.6190,108.3000
304.8908,324.9706,40.2184,76.0589
210.8887,357.9684,31.2227,67.0632
301.4210,311.5007,61.1581,96.9986
235.8006,318.8804,81.3987,117.2392
280.5774,306.1572,56.8452,92.6857
261.1994,312.7792,47.6011,83.4416
263.2621,307.8418,66.4759,102.3164
277.8857,306.4655,52.2285,88.0690
237.9903,315.5700,69.0195,104.8600
219.1685,320.2482,50.6630,86.5035
263.5804,310.1602,47.8391,83.6796
343.6905,174.8500,36.6190,108.3000
348.6905,115.8500,36.6190,108.3000
216.8452,306.9250,66.3095,102.1500
216.1169,305.6967,55.7661,91.6066
242.5125,296.0923,62.9749,98.8154
229.1863,311.7661,32.6273,68.4678
235.6597,305.2394,36.6807,72.5212
310.6905,217.8500,36.6190,108.3000
227.1131,297.6929,42.7738,78.6143
247.0336,275.6133,59.9328,95.7733
240.1888,267.2686,61.6223,97.4628
247.9384,264.5182,57.1232,92.9637
253.9748,262.0545,63.0504,98.8909
232.4709,270.0506,43.0582,78.8987
136.0319,286.6116,48.9363,84.7768
294.6905,94.8500,36.6190,108.3000
266.6137,259.6935,48.7726,84.6131
246.8083,251.8880,67.3834,103.2239
213.2896,254.3694,64.4208,100.2613
251.3394,248.4192,61.3211,97.1616
211.6988,251.7786,52.6024,88.4429
196.6059,258.1856,47.7883,83.6288
177.8565,257.9362,57.2871,93.1276
283.6905,116.8500,36.6190,108.3000
278.6905,174.8500,36.6190,108.3000
232.9200,240.9998,49.1599,85.0004
245.6905,174.8500,36.6190,108.3000
252.3703,218.9500,58.2595,94.1000
247.8287,215.9084,67.3427,103.1832
213.2808,220.8605,80.4384,116.2789
189.5806,223.6603,77.8389,113.6794
208.4016,215.4813,68.1969,104.0374
185.1862,213.7660,76.6276,112.4681
187.4067,207.4865,74.1866,110.0271
170.0125,209.5923,62.9749,98.8154
175.5431,211.6229,63.9138,99.7543
158.6163,207.1961,62.7673,98.6078
240.6905,115.8500,36.6190,108.3000
96.2802,189.8600,66.4395,102.2800
105.8787,190.9585,61.2426,97.0831
164.5965,173.1763,67.8070,103.6475
94.1477,181.7275,64.7045,100.5450
90.8465,183.9263,67.3069,103.1474
84.8549,170.9346,44.2903,80.1308
422.4149,176.4947,62.1701,98.0106
440.6529,168.7326,36.6943,72.5348
444.1060,163.6858,58.7879,94.6284
430.2918,143.8716,39.4164,75.2569
158.6905,356.8500,36.6190,108.3000
393.0418,132.6215,49.9165,85.7570
425.7874,107.3672,59.4252,95.2657
136.6905,450.8500,36.6190,108.3000
136.6905,356.8500,36.6190,108.3000
352.2562,84.8359,53.4876,89.3281
337.7669,71.3467,61.4662,97.3067
345.1256,71.2054,69.7488,105.5893
98.6905,210.8500,36.6190,108.3000
103.6905,298.8500,36.6190,108.3000
71.6905,304.8500,36.6190,108.3000
339.5371,46.1168,40.9259,76.7664
351.5868,40.6665,47.8264,83.6669
49.6905,420.8500,36.6190,108.3000
59.6905,407.8500,36.6190,108.3000
301.6905,185.8500,36.6190,108.3000
301.6905,185.8500,36.6190,108.3000
301.6905,185.8500,36.6190,108.3000
301.6905,185.8500,36.6190,108.3000
301.6905,185.8500,36.6190,108.3000
301.6905,185.8500,36.6190,108.3000
301.6905,185.8500,36.6190,108.3000
301.6905,185.8500,36.6190,108.3000
301.6905,185.8500,36.6190,108.3000
301.6905,185.8500,36.6190,108.3000
301.6905,185.8500,36.6190,108.3000
301.6905,185.8500,36.6190,108.3000
301.6905,185.8500,36.6190,108.3000
301.6905,185.8500,36.6190,108.3000
301.6905,185.8500,36.6190,108.3000
301.6905,185.8500,36.6190,108.3000
301.6905,185.8500,36.6190,108.3000
301.6905,185.8500,36.6190,108.3000
301.6905,185.8500,36.6190,108.3000
299.6905,64.8500,36.6190,108.3000
94.4766,255.5563,70.0468,105.8873
107.9013,284.4810,56.1975,92.0380
113.1994,270.2792,56.6011,92.4416
112.0145,243.5943,60.9710,96.8115
126.2092,228.2890,73.5816,109.4221
144.5349,264.6147,63.9302,99.7707
151.3104,278.3901,61.3792,97.2197
150.5758,273.6556,69.8483,105.6888
152.2511,274.8308,71.4978,107.3383
163.0814,274.6611,58.8373,94.6778
164.2425,272.3223,69.5150,105.3555
169.5574,270.6371,67.8852,103.7257
259.0447,44.1245,62.9105,98.7510
184.0618,267.1415,66.8765,102.7170
189.6400,271.7198,65.7199,101.5604
194.1809,276.2607,65.6381,101.4786
202.1692,284.7489,59.6616,95.5021
204.4278,279.0076,65.1443,100.9848
321.7384,69.3181,60.5232,96.3637
326.9223,81.0020,70.1554,105.9959
325.2450,74.8247,69.5101,105.3506
223.0819,270.1617,69.8362,105.6767
332.2550,85.3347,65.4900,101.3305
333.8512,73.9310,60.2976,96.1381
338.4979,78.0777,64.0041,99.8446
345.3467,73.4265,60.3065,96.1470
343.7828,75.3626,60.4343,96.2748
358.7712,60.3510,50.4576,86.2981
352.2270,58.3067,48.5461,84.3866
359.2572,44.8370,52.4855,88.3260
269.3575,352.4372,64.2850,100.1255
274.1151,338.1948,68.7699,104.6104
269.8006,314.3804,74.3987,110.2392
271.8903,310.9700,68.2194,104.0599
259.2267,296.8065,78.5465,114.3870
252.4705,300.0503,79.0590,114.8995
253.7332,285.3129,77.5337,113.3742
260.8493,297.9290,80.3014,116.1419
255.2225,293.8022,80.5550,116.3955
258.3611,287.4409,81.2777,117.1182
263.9705,292.5503,81.0590,116.8995
236.2508,271.8306,100.4983,136.3388
278.4622,265.5419,86.0756,121.9161
284.4214,253.5012,87.1572,122.9977
279.7601,244.3399,84.4797,120.3202
287.8197,217.8995,89.3605,125.2010
285.7388,190.3185,86.5224,122.3629
279.3490,196.4287,85.3020,121.1425
287.7336,173.8133,94.5329,130.3734
261.3544,203.4342,127.2912,163.1317
259.7517,244.3315,58.4966,94.3371
364.8162,134.3960,61.3676,97.2081
386.4626,132.0423,65.0749,100.9154
253.3765,218.9563,54.2469,90.0874
240.5577,205.1374,69.8847,105.7252
225.2828,182.8626,74.4344,110.2749
235.2228,165.8026,72.5543,108.3948
237.5964,152.6761,74.8073,110.6478
250.3641,141.4439,71.2718,107.1123
258.6172,143.6970,63.7655,99.6060
274.8499,116.9296,72.3002,108.1407
301.7903,115.3701,68.4194,104.2599
407.9706,190.5503,65.0588,100.8993
420.1066,189.1864,67.7868,103.6273
405.2228,183.8026,72.5543,108.3948
410.7206,188.3003,71.5589,107.3994
412.0013,191.5811,58.9973,94.8378
340.2850,151.3648,102.4299,138.2704
409.3778,204.4576,66.2444,102.0849
281.2621,141.8418,63.4759,99.3164
257.4208,153.5006,71.1583,106.9988
256.6068,162.6866,66.7863,102.6268
259.3466,168.4263,66.3069,102.1474
444.2984,206.3782,62.4031,98.2437
267.0952,189.1750,56.8095,92.6500
265.8452,201.9250,58.3095,94.1500
257.9706,211.5504,63.0588,98.8993
254.8559,211.9356,71.2883,107.1288
236.7539,205.3336,74.4922,110.3327
218.4392,203.5189,72.1217,107.9622
208.2545,205.8342,73.4910,109.3315
206.5019,211.0817,77.9962,113.8367
207.7527,213.3325,76.4946,112.3351
220.9099,218.4897,78.1802,114.0207
261.3580,249.4378,62.2839,98.1244
282.4792,243.0589,62.0416,97.8821
306.2634,212.8431,79.4732,115.3137
312.8548,199.9345,77.2904,113.1309
313.3641,197.4439,71.2718,107.1123
302.3465,195.4263,68.3070,104.1475
473.9134,268.9932,63.1732,99.0137
496.1817,264.2615,53.6365,89.4770
269.5368,202.1165,57.9264,93.7669
260.4728,197.0526,73.0544,108.8949
253.7469,192.8266,77.5062,113.3467
256.3173,203.8970,76.3655,112.2060
256.7274,197.3072,72.5451,108.3856
247.8452,192.9250,70.3095,106.1500
237.6005,187.6803,65.7990,101.6395
229.2287,195.8084,64.5426,100.3831
221.6874,218.7672,61.6252,97.4657
210.4835,244.0633,76.0330,111.8735
239.3817,253.4615,78.2365,114.0770
247.3640,252.9438,78.2720,114.1125
255.1288,249.2086,79.7424,115.5829
284.7876,263.3674,70.4248,106.2653
275.8468,261.9265,59.3064,95.1469
255.9803,286.5601,57.0393,92.8798
301.4447,284.5244,91.1106,126.9511
308.2188,297.7985,90.5625,126.4030
321.9949,305.0746,90.0103,125.8508
266.2587,332.8384,67.4827,103.3232
387.6905,261.8500,36.6190,108.3000
365.6905,407.8500,36.6190,108.3000
301.6905,185.8500,36.6190,108.3000
301.6905,185.8500,36.6190,108.3000
354.6905,450.8500,36.6190,108.3000
359.6905,115.8500,36.6190,108.3000
365.6905,145.8500,36.6190,108.3000
188.9214,335.5011,46.1573,81.9978
354.6905,173.8500,36.6190,108.3000
219.3954,343.9752,33.2092,69.0497
301.6905,185.8500,36.6190,108.3000
310.6905,86.8500,36.6190,108.3000
145.0750,271.6547,76.8501,112.6906
321.6905,115.8500,36.6190,108.3000
154.3421,301.9219,58.3158,94.1562
150.3012,308.8809,69.3977,105.2382
164.3002,311.3799,72.3997,108.2402
143.4235,313.0033,66.1530,101.9935
143.8753,310.9550,68.2495,104.0900
153.9890,323.0688,69.0219,104.8624
182.1429,319.2227,70.7142,106.5547
143.7725,336.3522,54.4550,90.2955
162.0494,352.1292,42.9012,78.7417
376.6905,101.8500,36.6190,108.3000
301.6905,185.8500,36.6190,108.3000
376.6905,188.8500,36.6190,108.3000
301.6905,185.8500,36.6190,108.3000
301.6905,185.8500,36.6190,108.3000
301.6905,185.8500,36.6190,108.3000
301.6905,185.8500,36.6190,108.3000
301.6905,185.8500,36.6190,108.3000
301.6905,185.8500,36.6190,108.3000
301.6905,185.8500,36.6190,108.3000
16.6905,181.8500,36.6190,108.3000
301.6905,185.8500,36.6190,108.3000
301.6905,185.8500,36.6190,108.3000
301.6905,185.8500,36.6190,108.3000
301.6905,185.8500,36.6190,108.3000
301.6905,185.8500,36.6190,108.3000
360.6905,406.8500,36.6190,108.3000
354.6905,391.8500,36.6190,108.3000
388.9951,336.5748,34.0098,69.8503
397.6905,319.8500,36.6190,108.3000
321.1131,372.6929,49.7738,85.6143
301.6905,185.8500,36.6190,108.3000
392.6905,261.8500,36.6190,108.3000
271.8953,355.4750,68.2094,104.0499
274.9008,345.9806,72.1983,108.0388
262.4603,347.0401,67.0794,102.9199
253.3045,341.3842,67.3911,103.2316
243.2720,335.3518,70.4559,106.2964
235.4137,340.9935,71.1725,107.0130
234.3497,336.9295,74.3006,110.1411
147.2208,388.8006,46.5584,82.3989
137.7332,383.3129,48.5337,84.3742
136.8452,387.9250,44.3095,80.1500
320.7211,363.3008,37.5579,73.3984
308.6345,344.7143,43.7309,79.5714
311.7256,344.3054,44.5488,80.3893
307.3528,352.4326,51.2943,87.1348
303.4030,338.4828,57.1939,93.0344
296.9878,335.5675,62.0245,97.8650
287.9733,334.5531,64.0534,99.8939
277.2291,338.8088,62.5418,98.3823
272.3467,342.4264,62.3067,98.1472
272.2661,346.8459,59.4677,95.3082
253.2293,337.8090,61.5414,97.3819
247.5256,332.1054,65.9488,101.7893
240.8466,333.9264,63.3067,99.1472
180.0888,331.1686,76.8223,112.6628
153.9705,327.0503,80.0590,115.8995
139.4287,308.0084,87.1426,122.9831
128.6592,305.2389,87.6817,123.5222
123.9235,306.5032,90.1531,125.9936
118.6271,303.2069,94.7458,130.5862
119.7802,312.3600,91.4395,127.2800
119.3591,307.9389,90.2817,126.1222
162.5774,314.6571,70.8452,106.6857
159.0735,316.6532,72.8531,108.6936
160.8500,320.4297,71.3001,107.1406
157.6495,315.7292,74.7010,110.5415
151.7344,306.3141,72.5313,108.3718
152.1366,316.2163,72.7269,108.5674
145.3189,303.8987,75.3621,111.2026
135.3848,302.4645,75.2305,111.0710
131.4926,309.0723,75.0149,110.8554
127.1054,317.1852,73.7892,109.6297
121.6674,321.7472,73.6652,109.5057
122.9575,330.5372,66.0850,101.9255
113.5716,317.1514,73.8568,109.6973
110.0649,322.1446,73.8703,109.7108
110.4838,329.5636,70.0323,105.8728
125.6275,331.2072,66.7450,102.5855
122.9890,331.0688,69.0219,104.8624
125.2679,333.8476,68.4643,104.3048
128.5928,330.6726,69.8144,105.6549
122.2586,322.3383,72.4828,108.3233
125.8207,319.4005,74.3586,110.1991
141.8465,319.9262,69.3071,105.1476
132.1136,318.1934,72.7728,108.6133
140.2228,320.8026,73.5544,109.3949
141.6052,317.6850,74.7896,110.6301
141.8631,317.9429,74.2738,110.1143
135.8737,314.9534,73.2527,109.0932
120.7469,303.8267,77.5062,113.3467
115.8545,299.9342,79.2911,115.1316
123.2268,298.8066,77.5463,113.3868
115.9840,300.5638,74.0320,109.8725
123.8990,303.9788,75.2019,111.0424
123.4705,304.0503,75.0590,110.8995
113.6229,299.7027,74.7542,110.5947
102.9918,296.5716,77.0164,112.8569
100.6838,290.2635,79.6324,115.4729
108.7470,291.3268,79.5059,115.3464
122.1107,292.6905,78.7785,114.6190
123.7205,282.3003,80.5590,116.3995
125.3957,281.9754,80.2086,116.0491
124.0453,276.1250,80.9094,116.7499
121.3248,273.4045,79.3505,115.1910
121.8453,266.9250,78.3095,114.1500
123.2330,267.8127,78.5341,114.3746
122.1790,265.7588,78.6419,114.4824
122.1960,264.7758,79.6079,115.4484
129.6163,261.6960,80.7675,116.6080
128.7205,257.8002,82.5590,118.3995
127.9599,255.0396,83.0802,118.9207
134.1496,260.2293,82.7009,118.5414
138.9914,273.0712,81.0172,116.8577
142.2536,276.8333,82.4928,118.3333
142.2165,273.7963,81.5669,117.4074
144.8004,274.3801,82.3993,118.2398
145.9158,275.9955,81.1685,117.0090
145.9470,280.0267,82.1060,117.9465
147.8076,278.3873,81.3848,117.2253
148.3443,274.4240,82.3115,118.1520
146.7030,272.2827,82.5940,118.4345
148.7030,269.2827,82.5940,118.4345
150.2919,266.3716,80.4163,116.2568
145.6238,271.2036,81.7524,117.5929
145.9008,268.4806,81.1983,117.0388
145.2185,268.2982,79.5631,115.4036
137.0962,261.1760,81.8075,117.6480
134.0693,259.1490,80.8615,116.7020
129.2067,255.7864,81.5867,117.4272
130.9321,257.5118,80.1359,115.9764
125.0134,260.0931,80.9733,116.8138
114.9862,252.5659,82.0276,117.8681
107.8394,248.4191,82.3212,118.1617
102.2375,251.8172,84.5251,120.3656
96.5390,252.1187,83.9220,119.7625
87.0459,241.6256,82.9083,118.7488
80.6459,250.7257,78.7082,114.5487
75.4310,250.0108,72.1379,107.9784
295.6905,57.8500,36.6190,108.3000
301.6905,185.8500,36.6190,108.3000
301.6905,185.8500,36.6190,108.3000
301.6905,185.8500,36.6190,108.3000
301.6905,185.8500,36.6190,108.3000
301.6905,185.8500,36.6190,108.3000
301.6905,185.8500,36.6190,108.3000
301.6905,185.8500,36.6190,108.3000
301.6905,185.8500,36.6190,108.3000
301.6905,185.8500,36.6190,108.3000
301.6905,185.8500,36.6190,108.3000
301.6905,185.8500,36.6190,108.3000
301.6905,185.8500,36.6190,108.3000
301.6905,185.8500,36.6190,108.3000
301.6905,185.8500,36.6190,108.3000
301.6905,185.8500,36.6190,108.3000
301.6905,185.8500,36.6190,108.3000
301.6905,185.8500,36.6190,108.3000
301.6905,185.8500,36.6190,108.3000
301.6905,185.8500,36.6190,108.3000
301.6905,185.8500,36.6190,108.3000
301.6905,185.8500,36.6190,108.3000
301.6905,185.8500,36.6190,108.3000
301.6905,185.8500,36.6190,108.3000
301.6905,185.8500,36.6190,108.3000
301.6905,185.8500,36.6190,108.3000
301.6905,185.8500,36.6190,108.3000
301.6905,185.8500,36.6190,108.3000
301.6905,185.8500,36.6190,108.3000
343.6905,116.8500,36.6190,108.3000
301.6905,185.8500,36.6190,108.3000
301.6905,185.8500,36.6190,108.3000
70.5692,70.6489,51.8617,87.7022
79.8661,63.4458,66.2678,102.1083
88.3698,63.4495,69.2605,105.1010
95.2932,60.8730,66.4136,102.2541
104.1188,63.1985,60.7624,96.6029
119.6407,66.7205,67.7185,103.5590
143.0747,70.6545,51.8505,87.6910
143.7774,55.3572,64.4452,100.2857
150.3913,58.4710,52.2175,88.0580
182.3566,62.9364,51.2868,87.1273
190.7037,48.7834,62.5927,98.4332
189.8661,41.9458,63.2678,99.1083
199.2003,43.7800,67.5995,103.4400
213.0013,42.5811,58.9973,94.8378
216.8526,57.9324,52.2948,88.1353
229.7206,64.3004,62.5588,98.3993
213.2205,56.8003,72.5589,108.3994
223.9863,62.5660,66.0274,101.8679
218.8452,60.9250,70.3095,106.1500
221.8563,68.9360,69.2874,105.1279
246.7621,80.3419,51.4757,87.3162
235.9803,64.5601,57.0393,92.8798
237.7242,72.3040,53.5515,89.3920
261.3452,76.9250,39.3095,75.1500
243.8160,72.3958,65.3680,101.2085
252.3855,70.4652,60.2291,96.0696
259.9115,81.4913,69.1770,105.0175
281.5966,76.6764,62.8067,98.6472
281.6016,78.6813,57.7968,93.6373
283.9706,86.5503,63.0588,98.8993
298.2317,78.8114,52.5367,88.3772
302.9105,66.9902,65.1790,101.0195
301.5464,79.1262,52.9072,88.7477
310.7313,75.3111,53.5373,89.3778
288.7287,88.3084,64.5426,100.3831
125.6905,290.8500,36.6190,108.3000
359.6404,94.7202,30.7192,66.5597
355.9455,73.0253,58.1090,93.9495
366.8328,75.4125,58.3345,94.1750
360.9633,80.0431,61.0734,96.9139
357.6023,100.6820,53.7954,89.6359
360.4792,94.0589,62.0416,97.8821
362.7206,100.3003,64.5588,100.3993
335.1066,111.6864,78.7868,114.6273
340.2185,122.2982,79.5631,115.4036
339.7205,137.8003,78.5590,114.3995
348.7419,133.8217,79.5161,115.3566
351.1523,133.7321,80.6954,116.5359
349.7341,129.3139,82.5318,118.3723
338.8337,139.4135,83.3326,119.1731
345.9821,138.5618,83.0359,118.8764
343.8398,157.4196,64.3204,100.1609
333.7386,173.3184,39.5227,75.3632
292.8405,179.4202,44.3191,80.1596
430.7206,137.3004,60.5588,96.3993
435.5965,137.6763,66.8069,102.6474
203.7302,248.3100,57.5396,93.3801
436.4731,148.5529,67.0537,102.8942
203.4801,292.0598,58.0398,93.8803
208.1017,294.1815,56.7965,92.6370
207.8452,305.9250,62.3095,98.1500
454.1305,178.7102,69.7391,105.5796
456.2102,188.2899,72.5797,108.4202
218.4728,312.0526,73.0544,108.8949
457.8524,193.4322,70.2951,106.1356
472.0546,201.6344,59.8907,95.7312
257.7998,257.8796,62.4003,98.2408
268.4843,257.0640,64.0315,99.8720
297.0124,279.0922,71.9751,107.8156
307.7579,260.3376,68.4842,104.3247
327.6377,254.7175,72.7246,108.5651
328.7344,262.8141,72.5313,108.3718
326.6429,275.2226,74.7143,110.5548
319.9374,307.0172,73.1251,108.9656
320.4634,311.5432,71.0731,106.9136
343.5113,268.5911,77.9773,113.8178
391.8870,211.9667,72.2261,108.0666
423.4738,192.0535,58.0524,93.8929
342.2741,318.3539,68.4518,104.2923
362.3862,312.4659,73.2276,109.0681
365.9031,318.9828,71.1938,107.0343
486.8010,186.3808,66.3980,102.2385
487.8007,229.8804,67.3987,103.2392
477.8877,218.4674,74.2246,110.0651
464.9363,183.0161,62.1273,97.9678
439.7205,216.3003,75.5590,111.3995
452.9864,228.0661,93.0273,128.8678
460.4845,237.5642,94.0310,129.8715
454.9863,236.5661,97.0274,132.8678
494.3877,292.4675,71.2245,107.0650
412.6560,222.2358,70.6879,106.5284
417.5323,220.6121,80.9354,116.7759
396.8545,235.9342,79.2911,115.1316
413.7391,259.3188,85.5219,121.3624
423.8244,281.4042,84.3512,120.1917
435.8614,254.9411,80.2772,116.1177
439.5130,254.0928,79.9739,115.8144
440.3326,246.4123,77.3349,113.1754
443.5610,243.6407,74.8780,110.7185
453.5677,256.6475,81.8646,117.7051
455.8004,259.3801,82.3993,118.2398
461.7245,263.3043,80.5510,116.3915
452.8832,247.9629,79.2336,115.0741
446.5467,246.6265,78.9065,114.7470
443.5923,237.6721,82.8153,118.6558
439.2627,240.8424,83.4747,119.3152
435.0351,231.6149,85.9298,121.7703
438.3068,246.3866,83.3864,119.2269
423.9400,247.5198,88.1200,123.9605
418.1357,253.2155,87.7285,123.5690
417.6591,258.2389,87.6817,123.5222
431.8244,281.4042,84.3512,120.1917
436.3963,294.4761,78.2073,114.0478
452.8551,316.9349,75.2898,111.1303
480.8870,322.9667,72.2261,108.0666
491.1151,345.1948,68.7699,104.6104
501.1329,344.2127,59.7341,95.5746
500.4852,349.0650,61.0295,96.8700
509.4708,365.0505,49.0585,84.8990
167.4162,342.4959,26.1676,62.0081
365.6905,116.8500,36.6190,108.3000
111.6234,230.7032,53.7531,89.5936
343.6905,173.8500,36.6190,108.3000
301.6905,185.8500,36.6190,108.3000
310.6905,159.8500,36.6190,108.3000
141.1370,285.2167,55.7261,91.5666
135.7003,287.2800,67.5995,103.4400
160.5178,293.5976,61.9644,97.8049
152.1834,294.2632,75.6331,111.4736
152.6730,298.7528,69.6539,105.4944
152.6495,304.7292,74.7010,110.5415
148.4591,309.5389,73.0818,108.9223
142.1900,315.2698,71.6199,107.4604
157.7245,327.8043,65.5509,101.3914
153.2673,324.3470,54.4654,90.3059
354.6905,159.8500,36.6190,108.3000
365.6905,116.8500,36.6190,108.3000
152.2430,331.8227,57.5141,93.3546
221.2215,350.8013,30.5569,66.3974
354.6905,188.8500,36.6190,108.3000
209.2829,329.8627,38.4341,74.2746
301.6905,185.8500,36.6190,108.3000
203.4838,331.5636,47.0323,82.8728
301.6905,185.8500,36.6190,108.3000
371.6905,101.8500,36.6190,108.3000
301.6905,185.8500,36.6190,108.3000
301.6905,185.8500,36.6190,108.3000
267.6905,450.8500,36.6190,108.3000
301.6905,185.8500,36.6190,108.3000
245.6905,450.8500,36.6190,108.3000
301.6905,185.8500,36.6190,108.3000
301.6905,185.8500,36.6190,108.3000
301.6905,185.8500,36.6190,108.3000
301.6905,185.8500,36.6190,108.3000
301.6905,185.8500,36.6190,108.3000
301.6905,185.8500,36.6190,108.3000
398.6905,319.8500,36.6190,108.3000
408.6905,297.8500,36.6190,108.3000
339.9786,385.5584,35.0427,70.8832
328.5983,394.6780,38.8034,74.6439
318.6406,384.7203,52.7188,88.5593
335.8175,389.3972,45.3650,81.2055
338.2850,377.8648,47.4299,83.2704
363.3888,372.4686,41.2224,77.0629
347.1173,355.1971,43.7653,79.6058
352.8368,348.9166,55.3264,91.1669
355.2270,357.3067,48.5461,84.3866
376.6905,333.8500,36.6190,108.3000
376.6905,246.8500,36.6190,108.3000
376.6905,261.8500,36.6190,108.3000
376.6905,261.8500,36.6190,108.3000
376.6905,290.8500,36.6190,108.3000
352.7636,271.3433,47.4728,83.3133
361.0988,269.1786,35.8024,71.6429
367.0952,264.1750,44.8095,80.6500
283.9447,349.5245,47.1105,82.9510
269.3435,347.4233,54.3130,90.1535
263.5466,350.1263,47.9068,83.7473
264.1203,351.7000,50.7595,86.6000
263.7277,349.8075,45.5446,81.3851
243.7519,347.3316,42.4963,78.3368
259.0341,344.1138,44.9319,80.7724
219.4870,337.0668,49.0259,84.8664
227.6016,327.6813,57.7968,93.6373
241.5952,341.6750,49.8095,85.6500
258.6788,335.7585,49.6424,85.4829
276.5150,343.5947,47.9701,83.8106
269.4648,333.0445,61.0705,96.9110
253.3617,331.9415,56.2766,92.1171
215.7069,325.7867,54.5862,90.4267
218.8542,334.9339,53.2916,89.1321
214.0466,328.1264,56.9068,92.7473
223.1644,335.7442,51.6712,87.5117
203.9455,327.0252,58.1090,93.9495
215.3421,334.9219,58.3158,94.1562
219.5440,334.1237,65.9120,101.7525
224.9784,334.5582,66.0431,101.8836
236.1268,336.2066,67.7463,103.5868
243.3570,341.4367,66.2861,102.1266
242.3502,333.4299,69.2997,105.1402
234.8661,335.9458,66.2678,102.1083
198.0442,336.1240,64.9115,100.7520
204.0650,335.6447,65.8700,101.7105
199.0256,335.6054,65.9488,101.7893
203.2587,333.8384,67.4827,103.3232
191.6289,333.7086,64.7422,100.5827
176.1548,327.2345,69.6904,105.5309
172.5296,329.6094,66.9408,102.7813
175.4042,330.4839,70.1916,106.0321
186.2232,327.8029,66.5537,102.3942
182.5965,326.6762,68.8070,104.6475
180.1062,329.1859,69.7877,105.6282
168.4777,320.0574,71.0447,106.8852
159.4705,319.0503,72.0589,107.8994
152.2436,319.8233,72.5128,108.3533
150.8555,318.9352,73.2890,109.1295
152.3557,321.4354,72.2887,108.1292
156.5998,317.6795,73.8005,109.6410
162.2341,319.8139,73.5318,109.3723
159.4842,320.0640,73.0315,108.8720
154.9934,323.5731,73.0132,108.8537
155.4842,324.0640,73.0315,108.8720
154.1136,325.1934,72.7728,108.6133
153.4773,324.0570,74.0455,109.8860
161.7346,325.3144,71.5307,107.3712
159.4775,322.0573,72.0450,107.8855
160.9729,320.5526,72.0543,107.8948
159.9845,320.5642,72.0310,107.8715
167.0357,316.6155,71.9285,107.7690
166.9571,311.0368,74.0858,109.9263
168.0312,307.6109,75.9376,111.7781
166.8189,304.3987,75.3621,111.2026
168.5735,304.1532,72.8531,108.6936
168.1189,304.6987,73.7622,109.6027
178.4780,303.0577,69.0441,104.8846
176.2439,293.3236,74.5123,110.3528
183.1639,295.2437,74.6722,110.5127
182.7369,289.8167,75.5262,111.3667
168.8601,282.4398,77.2798,113.1203
178.3707,279.9504,77.2586,113.0991
171.0248,289.1046,76.9504,112.7909
171.5218,285.6016,77.9564,113.7969
171.2516,274.8314,78.4967,114.3372
174.7703,272.8501,78.4593,114.2998
177.3325,268.4123,77.3349,113.1754
179.1615,263.7412,77.6770,113.5175
180.6910,268.2708,77.6180,113.4585
181.6648,261.2445,76.6704,112.5109
187.9548,261.5346,74.0903,109.9308
187.8953,266.9750,78.2094,114.0499
185.5536,266.6334,76.8928,112.7333
186.9748,260.5545,77.0505,112.8910
182.9131,256.4929,77.1738,113.0143
184.8944,257.4742,74.2112,110.0517
178.7979,256.3776,76.4043,112.2448
172.2023,252.2820,76.5954,112.4359
164.3409,252.9206,75.3183,111.1588
166.1429,259.7226,74.7143,110.5548
160.6701,253.7499,71.6598,107.5003
160.3500,249.9297,71.3001,107.1406
153.5092,248.0890,69.9815,105.8220
135.0508,255.6305,61.8985,97.7390
96.9018,265.4815,91.1964,127.0369
78.7012,274.2810,76.5976,112.4381
81.2707,256.8505,85.4586,121.2991
78.8903,220.9700,68.2194,104.0599
87.2165,255.7963,81.5669,117.4074
98.6376,271.7174,78.7247,114.5652
80.4705,222.0503,78.0590,113.8995
74.5088,225.0886,76.9823,112.8228
76.3625,230.9422,76.2750,112.1155
85.4327,268.5124,76.1347,111.9752
89.1505,297.2302,73.6990,109.5395
98.0715,299.6512,78.8570,114.6975
105.1143,304.6940,80.7715,116.6120
107.8018,300.8816,77.3963,113.2368
101.1584,299.7381,76.6833,112.5238
96.0964,274.6761,74.8073,110.6478
92.1871,266.7668,70.6258,106.4663
83.8691,274.9488,60.2619,96.1024
38.1370,251.2168,31.7259,67.5664
301.6905,185.8500,36.6190,108.3000
301.6905,185.8500,36.6190,108.3000
301.6905,185.8500,36.6190,108.3000
301.6905,185.8500,36.6190,108.3000
301.6905,185.8500,36.6190,108.3000
301.6905,185.8500,36.6190,108.3000
301.6905,185.8500,36.6190,108.3000
301.6905,185.8500,36.6190,108.3000
301.6905,185.8500,36.6190,108.3000
301.6905,185.8500,36.6190,108.3000
301.6905,185.8500,36.6190,108.3000
301.6905,185.8500,36.6190,108.3000
301.6905,185.8500,36.6190,108.3000
301.6905,185.8500,36.6190,108.3000
301.6905,185.8500,36.6190,108.3000
301.6905,185.8500,36.6190,108.3000
301.6905,185.8500,36.6190,108.3000
92.0139,66.0937,62.9721,98.8126
107.3078,74.8875,58.3844,94.2249
127.2799,69.8596,60.4403,96.2807
139.4385,77.5182,61.1231,96.9635
171.0341,94.1138,44.9319,80.7724
185.9347,79.0145,60.1305,95.9710
125.6905,173.8500,36.6190,108.3000
230.0190,88.5988,33.9620,69.8025
245.1122,82.6919,36.7757,72.6162
89.5280,305.1078,63.9439,99.7844
247.8267,86.9064,55.3466,91.1871
108.1243,316.2040,52.7515,88.5920
108.0953,306.1750,66.8095,102.6500
120.0966,309.1763,65.8069,101.6474
126.7287,302.3084,64.5426,100.3831
305.0494,90.1292,42.9012,78.7417
295.9707,88.5505,51.0585,86.8990
304.1270,83.2067,51.7460,87.5865
298.2540,85.3337,59.4920,95.3325
149.0546,304.6344,59.8907,95.7312
145.9216,315.5014,59.1568,94.9973
311.2658,88.8456,62.4683,98.3088
147.2550,307.3347,65.4900,101.3305
153.3369,311.9167,48.3262,84.1667
159.7407,314.3204,43.5186,79.3591
131.6905,304.8500,36.6190,108.3000
168.3600,312.4397,35.2801,71.1206
141.6905,297.8500,36.6190,108.3000
328.4325,134.5122,36.1350,71.9755
315.1371,133.7169,25.7257,61.5662
325.6116,117.6913,52.7769,88.6174
323.9739,110.5536,57.0522,92.8927
321.4788,110.0585,64.0424,99.8829
329.2229,127.8027,70.5541,106.3946
333.2551,131.8349,72.4898,108.3303
333.4768,134.0565,78.0464,113.8869
336.5858,140.1655,77.8284,113.6689
350.0155,154.0952,66.9690,102.8095
328.3732,184.4529,74.2537,110.0942
312.0344,194.6141,78.9313,114.7718
331.3463,189.4260,78.3074,114.1479
354.4682,156.0479,71.0636,106.9041
369.4606,142.5404,62.0788,97.9193
281.9812,285.5609,54.0376,89.8781
257.8368,300.4165,77.3264,113.1669
254.4131,318.9929,77.1738,113.0143
248.8869,341.9667,66.2261,102.0666
434.6383,132.7181,48.7233,84.5638
441.3452,126.9250,46.3095,82.1500
440.1782,107.7579,50.6437,86.4842
441.1468,112.2266,43.7063,79.5469
448.6454,135.7251,45.7093,81.5498
450.2430,125.8227,46.5141,82.3546
158.6905,421.8500,36.6190,108.3000
473.6114,161.6911,33.7772,69.6177
470.7518,150.8315,50.4965,86.3370
168.6905,442.8500,36.6190,108.3000
484.5952,153.6750,37.8095,73.6500
494.8828,153.9626,33.2343,69.0748
490.8908,160.9706,40.2184,76.0589
179.6905,464.8500,36.6190,108.3000
174.6905,108.8500,36.6190,108.3000
174.6905,115.8500,36.6190,108.3000
180.6905,465.8500,36.6190,108.3000
180.6905,465.8500,36.6190,108.3000
180.6905,465.8500,36.6190,108.3000
179.6905,465.8500,36.6190,108.3000
491.9080,104.9877,34.1840,70.0245
268.5445,391.1243,31.9110,67.7515
264.6988,372.7786,52.6024,88.4429
264.7517,350.8314,66.4966,102.3371
271.6492,339.2289,72.7016,108.5421
271.7522,331.8319,75.4956,111.3361
286.7818,322.3615,79.4364,115.2769
297.3904,316.4701,79.2193,115.0598
317.3523,307.4321,80.2954,116.1359
323.3726,298.9524,82.2548,118.0953
328.3096,298.8893,81.3809,117.2214
345.6040,261.6837,82.7921,118.6326
344.1302,273.2099,82.7397,118.5802
402.6585,217.7382,66.6830,102.5235
385.6186,236.1983,106.7629,142.6034
336.0514,313.6311,73.8973,109.7378
483.0565,222.6363,74.8869,110.7274
483.2113,224.7911,72.5774,108.4179
484.3913,233.9711,75.2173,111.0578
485.0716,250.6514,73.8568,109.6973
479.7081,259.7878,73.5838,109.4243
476.5735,257.1532,72.8531,108.6936
466.9010,259.9807,73.1980,109.0385
452.8727,264.9524,75.2546,111.0951
415.7116,264.2913,88.5768,124.4173
398.6237,272.7035,90.7526,126.5931
409.2972,269.8770,83.4056,119.2461
385.9496,280.5293,96.1009,131.9414
372.3452,325.9250,68.3095,104.1500
365.4420,331.0218,62.1159,97.9564
356.7777,331.8575,67.4445,103.2850
356.2254,334.8052,69.5491,105.3896
353.8723,360.4521,55.2554,91.0959
350.5344,377.1141,39.9312,75.7718
365.6905,94.8500,36.6190,108.3000
133.5149,279.5947,75.9701,111.8106
143.6211,263.7008,78.7578,114.5983
147.4761,272.0558,85.0478,120.8883
153.4037,278.9834,63.1927,99.0332
167.8496,287.9293,76.3009,112.1414
167.0994,279.1791,78.8012,114.6417
153.2260,273.8057,86.5480,122.3885
153.8211,277.9008,80.3579,116.1984
159.0293,287.6090,79.9415,115.7820
182.3498,292.4295,73.3004,109.1409
178.0854,294.1651,68.8293,104.6698
188.4343,294.0141,70.1313,105.9718
221.0508,299.1305,61.8985,97.7390
155.5517,276.1314,82.8967,118.7372
131.2361,267.8158,74.5278,110.3683
153.2152,285.7949,64.5696,100.4101
213.0747,315.1544,63.8507,99.6912
156.4911,295.5708,76.0178,111.8583
152.9317,301.5115,73.1365,108.9770
124.8018,292.8816,77.3963,113.2368
130.5768,295.6566,82.8463,118.6868
114.7028,302.7825,74.5945,110.4350
127.8893,306.9691,79.2213,115.0618
131.6119,293.6917,85.7762,121.6167
179.2219,289.3017,101.5561,137.3966
181.0849,292.6647,84.8302,120.6707
223.0267,281.1065,74.9465,110.7870
231.3244,313.9042,60.3511,96.1916
219.9687,329.0485,49.0625,84.9030
250.7829,330.8626,58.4343,94.2748
246.8371,324.4168,64.3258,100.1663
301.6905,185.8500,36.6190,108.3000
301.6905,185.8500,36.6190,108.3000
301.6905,185.8500,36.6190,108.3000
301.6905,185.8500,36.6190,108.3000
365.6905,356.8500,36.6190,108.3000
365.6905,355.8500,36.6190,108.3000
301.6905,185.8500,36.6190,108.3000
301.6905,185.8500,36.6190,108.3000
301.6905,185.8500,36.6190,108.3000
301.6905,185.8500,36.6190,108.3000
301.6905,185.8500,36.6190,108.3000
301.6905,185.8500,36.6190,108.3000
301.6905,185.8500,36.6190,108.3000
301.6905,185.8500,36.6190,108.3000
301.6905,185.8500,36.6190,108.3000
301.6905,185.8500,36.6190,108.3000
301.6905,185.8500,36.6190,108.3000
301.6905,185.8500,36.6190,108.3000
301.6905,185.8500,36.6190,108.3000
301.6905,185.8500,36.6190,108.3000
301.6905,185.8500,36.6190,108.3000
301.6905,185.8500,36.6190,108.3000
301.6905,185.8500,36.6190,108.3000
301.6905,185.8500,36.6190,108.3000
301.6905,185.8500,36.6190,108.3000
301.6905,185.8500,36.6190,108.3000
301.6905,185.8500,36.6190,108.3000
301.6905,185.8500,36.6190,108.3000
371.6905,348.8500,36.6190,108.3000
361.1420,335.2217,51.7161,87.5566
399.3251,348.9048,49.3498,85.1903
374.5494,343.1292,57.9012,93.7417
354.3912,319.4709,67.2176,103.0581
340.2531,296.8328,64.4939,100.3344
362.6068,312.6866,66.7863,102.6268
336.7489,315.3286,62.5023,98.3428
335.8512,316.9309,60.2976,96.1381
348.0662,317.6459,54.8677,90.7082
333.9792,313.5589,62.0416,97.8821
344.6248,315.2045,62.7505,98.5910
327.7272,309.8069,65.5456,101.3861
327.0247,318.6045,52.9505,88.7910
319.3669,317.4467,44.2662,80.1067
315.5966,309.6764,62.8067,98.6472
312.4706,311.0504,58.0587,93.8992
292.3665,316.4463,65.2669,101.1074
300.6320,320.7118,60.7359,96.5764
284.5375,308.6173,64.9249,100.7654
291.1009,314.1806,62.7983,98.6388
298.1025,329.1823,52.7950,88.6355
309.5983,351.6780,38.8034,74.6439
306.1040,344.1838,46.7920,82.6325
293.8452,312.9250,64.3095,100.1500
310.6381,317.7179,54.7238,90.5643
303.5952,324.6750,61.8095,97.6500
300.0125,318.5923,62.9749,98.8154
297.5078,319.0876,51.9844,87.8249
376.6905,232.8500,36.6190,108.3000
287.1393,314.2191,53.7214,89.5619
284.9363,305.0161,62.1273,97.9678
249.7740,315.3537,53.4521,89.2926
236.8507,312.9305,64.2986,100.1391
242.6016,324.6813,57.7968,93.6373
247.3887,324.4684,54.2226,90.0631
246.3628,333.4426,50.2743,86.1148
253.7151,331.7948,51.5698,87.4103
250.6502,339.7299,46.6996,82.5401
253.5911,304.1709,63.8177,99.6582
239.5546,314.1344,59.8907,95.7312
238.1468,332.7266,43.7063,79.5469
226.3515,346.9312,38.2970,74.1375
223.6192,343.1990,41.7616,77.6021
218.8584,342.4382,37.2832,73.1237
216.2270,335.3067,48.5461,84.3866
221.3669,331.4467,44.2662,80.1067
221.2532,340.8330,41.4935,77.3340
213.5976,331.6774,44.8048,80.6453
211.8526,333.9323,52.2948,88.1353
207.8900,322.9697,53.2201,89.0606
196.7685,319.3482,57.4630,93.3035
194.2237,315.8034,59.5527,95.3932
186.4740,315.0537,56.0520,91.8925
182.6219,315.7017,55.7561,91.5966
179.9796,314.5594,60.0408,95.8813
173.4722,315.5520,58.0556,93.8961
165.6203,318.2000,55.7595,91.6000
162.3305,321.4102,56.3391,92.1796
172.3864,315.4662,56.2272,92.0677
186.8557,315.9354,42.2887,78.1292
169.8927,310.9724,51.2147,87.0552
173.5423,301.1220,54.9155,90.7560
167.3709,303.4507,57.2582,93.0987
172.1570,301.2368,54.6860,90.5265
166.3810,293.9608,53.2380,89.0785
163.1244,290.7041,54.7512,90.5917
149.8590,287.9387,59.2821,95.1226
149.3723,277.9521,55.2554,91.0959
145.5150,275.5947,54.9701,90.8106
147.8175,273.3972,54.3650,90.2055
143.5967,277.6765,60.8066,96.6471
137.6013,276.6810,59.7975,95.6379
136.1006,276.1804,64.7987,100.6392
138.7207,270.3005,51.5586,87.3991
141.5976,269.6774,44.8048,80.6453
139.8477,265.9275,43.3045,79.1450
148.5029,253.0827,56.9941,92.8346
152.5178,250.5975,61.9644,97.8049
141.7328,258.3125,49.5345,85.3750
146.0612,253.6409,56.8776,92.7181
141.8613,252.9411,53.2773,89.1178
138.9708,256.5505,47.0584,82.8989
140.7351,255.3149,44.5297,80.3702
146.6419,244.7216,39.7163,75.5568
148.1398,239.2195,40.7204,76.5609
148.5161,235.0958,34.9678,70.8083
147.1606,248.2403,52.6788,88.5193
138.1817,242.2615,53.6365,89.4770
148.3766,247.4563,32.2469,68.0874
153.1248,236.2045,26.7505,62.5910
301.6905,185.8500,36.6190,108.3000
301.6905,185.8500,36.6190,108.3000
393.6905,232.8500,36.6190,108.3000
277.3619,376.4417,33.2761,69.1166
283.4709,349.0506,43.0582,78.8987
273.9744,357.5542,52.0512,87.8917
264.4305,368.5103,54.1390,89.9795
269.4713,382.0511,33.0574,68.8979
392.6905,232.8500,36.6190,108.3000
301.6905,185.8500,36.6190,108.3000
392.6905,232.8500,36.6190,108.3000
393.6905,232.8500,36.6190,108.3000
301.6905,185.8500,36.6190,108.3000
301.6905,185.8500,36.6190,108.3000
301.6905,185.8500,36.6190,108.3000
398.6905,203.8500,36.6190,108.3000
398.6905,188.8500,36.6190,108.3000
221.4712,376.0510,34.0575,69.8980
203.6203,367.7000,40.7594,76.5999
188.9854,348.5652,44.0291,79.8696
172.8836,347.9633,49.2328,85.0733
157.3526,349.9323,52.2948,88.1353
146.1509,346.2306,58.6982,94.5387
141.8368,212.9165,55.3264,91.1669
130.6360,194.2157,59.7281,95.5686
126.2314,196.8112,75.5371,111.3776
118.5163,211.0961,80.9673,116.8078
118.1539,232.2336,57.6922,93.5327
218.6905,79.8500,36.6190,108.3000
245.6905,72.8500,36.6190,108.3000
278.6905,87.8500,36.6190,108.3000
223.6905,72.8500,36.6190,108.3000
245.6905,72.8500,36.6190,108.3000
111.0089,221.5887,50.9821,86.8226
301.6905,185.8500,36.6190,108.3000
245.6905,72.8500,36.6190,108.3000
261.6905,80.8500,36.6190,108.3000
212.6905,86.8500,36.6190,108.3000
301.6905,185.8500,36.6190,108.3000
141.6905,94.8500,36.6190,108.3000
145.4325,128.5122,36.1350,71.9755
301.6905,185.8500,36.6190,108.3000
147.6905,115.8500,36.6190,108.3000
147.6905,116.8500,36.6190,108.3000
301.6905,185.8500,36.6190,108.3000
301.6905,185.8500,36.6190,108.3000
301.6905,185.8500,36.6190,108.3000
301.6905,185.8500,36.6190,108.3000
301.6905,185.8500,36.6190,108.3000
301.6905,185.8500,36.6190,108.3000
301.6905,185.8500,36.6190,108.3000
301.6905,185.8500,36.6190,108.3000
301.6905,185.8500,36.6190,108.3000
301.6905,185.8500,36.6190,108.3000
301.6905,185.8500,36.6190,108.3000
301.6905,185.8500,36.6190,108.3000
301.6905,185.8500,36.6190,108.3000
301.6905,185.8500,36.6190,108.3000
301.6905,185.8500,36.6190,108.3000
301.6905,185.8500,36.6190,108.3000
301.6905,185.8500,36.6190,108.3000
301.6905,185.8500,36.6190,108.3000
279.4737,54.0535,59.0526,94.8931
288.5025,61.0823,41.9949,77.8354
286.7440,61.3238,50.5120,86.3525
255.8488,351.4286,53.3024,89.1429
258.5268,339.1066,64.9464,100.7869
257.1505,331.2302,73.6990,109.5395
258.3848,328.4645,75.2305,111.0710
266.2796,322.8594,77.4407,113.2812
271.9908,314.5705,80.0185,115.8590
273.5472,315.1270,76.9056,112.7461
280.4551,316.5349,75.0898,110.9303
285.1717,318.7514,74.6566,110.4971
295.4068,314.9865,79.1864,115.0269
324.4220,312.0017,80.1561,115.9966
342.3665,323.4462,77.2671,113.1076
343.1571,335.7369,63.6857,99.5262
376.6905,326.8500,36.6190,108.3000
383.8047,340.3844,58.3907,94.2312
376.9670,350.5468,52.0660,87.9065
380.2015,348.7813,57.5969,93.4374
360.1898,350.7695,50.6205,86.4610
358.7328,345.3125,49.5345,85.3750
359.5336,344.1133,59.9328,95.7733
357.9265,339.0063,65.1470,100.9875
402.2951,299.3749,94.4098,130.2503
398.6969,304.2766,92.6062,128.4467
400.1026,304.6823,94.7948,130.6353
484.0612,295.6409,67.8776,103.7181
487.5245,301.1042,66.9510,102.7915
492.0425,311.6222,66.9151,102.7556
501.8922,314.9719,66.2157,102.0562
462.3059,331.3856,64.3882,100.2287
104.1483,329.2280,60.7035,96.5440
108.7272,335.8069,56.5456,92.3861
114.3778,318.4576,66.2444,102.0849
118.4119,327.4917,64.1762,100.0167
132.9501,344.0299,33.0997,68.9402
376.6905,87.8500,36.6190,108.3000
150.1125,202.1923,32.7750,68.6155
130.5564,350.1361,48.8873,84.7278
146.3661,355.9459,36.2678,72.1083
217.6905,115.8500,36.6190,108.3000
371.6905,115.8500,36.6190,108.3000
136.6905,406.8500,36.6190,108.3000
147.6905,413.8500,36.6190,108.3000
301.6905,185.8500,36.6190,108.3000
144.3723,201.9520,55.2554,91.0959
146.3473,341.4271,48.3053,84.1458
161.7662,266.8459,78.4676,114.3081
145.9707,345.5505,50.0585,85.8990
149.8957,344.9755,49.2085,85.0490
145.5833,198.6631,49.8333,85.6738
164.0139,341.5937,52.9722,88.8127
229.6905,130.8500,36.6190,108.3000
129.1515,187.2312,62.6970,98.5375
376.6905,159.8500,36.6190,108.3000
135.9425,208.0223,83.1150,118.9555
147.9131,216.4928,66.1739,102.0144
152.6999,226.7796,66.6003,102.4408
160.4707,222.0504,56.0587,91.8992
202.4738,257.0535,58.0524,93.8929
163.4683,226.5480,42.0634,77.9039
143.4454,214.0252,73.1091,108.9496
132.8711,204.9509,76.2578,112.0983
134.2271,206.3068,84.5458,120.3863
134.5977,220.1774,43.8046,79.6451
114.8654,184.9451,77.2692,113.1097
127.2454,197.8252,78.5092,114.3497
113.7322,207.3119,61.5356,97.3762
239.0425,282.6222,66.9151,102.7556
124.3503,209.9300,68.2995,104.1400
120.8848,204.4645,75.2305,111.0710
119.8286,205.9083,78.3428,114.1833
132.8289,219.4086,79.3423,115.1828
132.9425,232.0223,83.1150,118.9555
128.2987,232.8784,77.4026,113.2431
126.6411,232.7208,83.7178,119.5583
119.5447,229.1245,83.9106,119.7511
132.9246,242.0044,85.1507,120.9912
129.4369,245.5167,89.1262,124.9667
132.1443,245.2240,94.7114,130.5519
133.4226,244.0024,94.1547,129.9952
141.4811,259.0608,89.0379,124.8784
130.8869,255.9667,84.2261,120.0666
131.5703,267.1500,90.8595,126.7000
130.3696,265.9493,90.2609,126.1014
135.0579,278.6376,86.8843,122.7248
135.4724,281.5521,85.0553,120.8958
130.6663,284.2461,80.6673,116.5078
136.4443,288.0240,85.1114,120.9519
132.5782,295.1580,80.8435,116.6840
134.8844,295.4642,85.2311,121.0716
143.9591,299.5388,84.0818,119.9223
133.9901,294.5699,82.0198,117.8603
129.9265,293.0063,85.1470,120.9875
131.3096,296.3893,81.3809,117.2214
122.8913,296.4711,75.2173,111.0578
144.8452,302.9250,78.3095,114.1500
163.5915,316.1712,67.8171,103.6576
149.8625,307.9423,76.2750,112.1155
166.4193,314.4991,78.1614,114.0019
176.5269,318.1066,75.9463,111.7868
181.1600,320.2397,61.6800,97.5205
185.9319,319.5117,70.1361,105.9766
203.5214,332.6012,64.9571,100.7976
208.3504,325.9301,67.2993,103.1398
217.9305,330.5103,65.1390,100.9795
226.0982,346.1779,39.8037,75.6442
370.6905,217.8500,36.6190,108.3000
272.7056,333.7853,55.5889,91.4294
273.0756,327.1553,62.8488,98.6893
290.9339,341.5136,59.1323,94.9728
316.6489,332.2286,56.7022,92.5427
376.6905,290.8500,36.6190,108.3000
301.6905,185.8500,36.6190,108.3000
301.6905,185.8500,36.6190,108.3000
376.6905,290.8500,36.6190,108.3000
301.6905,185.8500,36.6190,108.3000
301.6905,185.8500,36.6190,108.3000
301.6905,185.8500,36.6190,108.3000
414.6905,115.8500,36.6190,108.3000
414.6905,115.8500,36.6190,108.3000
301.6905,185.8500,36.6190,108.3000
301.6905,185.8500,36.6190,108.3000
301.6905,185.8500,36.6190,108.3000
301.6905,185.8500,36.6190,108.3000
301.6905,185.8500,36.6190,108.3000
301.6905,185.8500,36.6190,108.3000
301.6905,185.8500,36.6190,108.3000
301.6905,185.8500,36.6190,108.3000
301.6905,185.8500,36.6190,108.3000
301.6905,185.8500,36.6190,108.3000
301.6905,185.8500,36.6190,108.3000
301.6905,185.8500,36.6190,108.3000
301.6905,185.8500,36.6190,108.3000
301.6905,185.8500,36.6190,108.3000
301.6905,185.8500,36.6190,108.3000
301.6905,185.8500,36.6190,108.3000
301.6905,185.8500,36.6190,108.3000
301.6905,185.8500,36.6190,108.3000
16.6905,326.8500,36.6190,108.3000
16.6905,297.8500,36.6190,108.3000
16.6905,297.8500,36.6190,108.3000
376.6905,407.8500,36.6190,108.3000
301.6905,185.8500,36.6190,108.3000
376.6905,406.8500,36.6190,108.3000
415.6905,348.8500,36.6190,108.3000
419.6905,348.8500,36.6190,108.3000
369.5581,398.6378,41.8839,77.7243
373.2266,387.8063,40.5469,76.3874
359.5204,382.1002,55.9592,91.7997
359.6750,381.7547,56.6501,92.4906
351.3593,376.4391,58.2814,94.1219
362.3609,357.4406,54.2782,90.1187
360.4356,364.5153,52.1289,87.9694
359.6898,361.7695,50.6205,86.4610
361.7315,367.8112,47.5371,83.3776
387.6905,319.8500,36.6190,108.3000
346.8810,364.9608,46.2380,82.0785
316.6898,367.7695,50.6205,86.4610
315.9633,358.5431,52.0734,87.9139
319.5062,353.5859,56.9877,92.8282
311.3100,349.8898,57.3799,93.2205
315.0307,344.6104,61.9386,97.7791
309.0787,343.6584,59.8426,95.6831
308.1627,336.2424,63.6747,99.5152
300.3511,341.9308,61.2979,97.1384
311.7151,339.7948,51.5698,87.4103
288.0508,340.1305,61.8985,97.7390
303.7151,341.7948,51.5698,87.4103
303.3539,335.4336,47.2923,83.1328
320.2636,311.8433,47.4728,83.3133
301.2021,305.2818,65.5959,101.4364
318.9228,296.5025,60.1545,95.9949
301.2932,302.8730,66.4136,102.2541
332.1371,301.2168,31.7259,67.5664
328.0151,336.5949,26.9698,62.8103
370.6905,232.8500,36.6190,108.3000
354.6905,275.8500,36.6190,108.3000
376.6905,232.8500,36.6190,108.3000
371.6905,231.8500,36.6190,108.3000
370.6905,231.8500,36.6190,108.3000
370.6905,231.8500,36.6190,108.3000
365.6905,232.8500,36.6190,108.3000
371.6905,231.8500,36.6190,108.3000
376.6905,217.8500,36.6190,108.3000
370.6905,231.8500,36.6190,108.3000
254.6168,359.6966,32.7663,68.6068
243.3765,356.4563,40.2469,76.0874
228.7308,357.3105,43.5385,79.3790
381.6905,181.8500,36.6190,108.3000
223.5581,361.6378,41.8839,77.7243
225.3332,354.4130,44.3335,80.1740
218.7953,353.3751,43.4093,79.2498
224.9983,346.5781,50.0033,85.8438
231.3884,345.4682,47.2232,83.0637
354.6905,231.8500,36.6190,108.3000
354.6905,232.8500,36.6190,108.3000
354.6905,232.8500,36.6190,108.3000
270.7004,322.7802,39.5992,75.4397
263.4822,320.0619,51.0356,86.8761
173.1902,341.7700,38.6196,74.4601
217.5135,318.0933,61.9730,97.8135
171.9079,340.9876,46.1842,82.0247
164.3667,334.4464,53.2666,89.1071
158.0659,329.1456,60.8683,96.7088
144.0968,331.6766,57.8063,93.6468
143.7798,329.8596,59.4404,95.2809
148.5352,327.6149,58.9297,94.7702
138.7464,325.8261,59.5072,95.3477
143.4537,326.5334,55.0926,90.9332
145.0993,337.1790,33.8014,69.6419
133.0975,333.1773,45.8050,81.6455
126.8597,323.9394,57.2806,93.1211
145.2284,323.8082,35.5432,71.3837
147.5204,311.1002,55.9592,91.7997
141.6085,309.6882,60.7830,96.6235
145.7495,303.3293,61.5009,97.3414
148.5179,303.0976,57.9643,93.8048
150.1244,301.7041,54.7512,90.5917
144.5358,307.1155,29.9284,65.7690
123.8613,302.9411,53.2773,89.1178
127.2474,303.8271,46.5052,82.3457
126.2270,298.3067,48.5461,84.3866
119.4288,300.5086,45.1423,80.9828
123.4843,295.0641,46.0313,81.8718
120.1281,285.2078,48.7439,84.5844
126.8887,300.9684,31.2227,67.0632
119.7448,287.3245,49.5105,85.3510
360.6905,326.8500,36.6190,108.3000
365.6905,326.8500,36.6190,108.3000
301.6905,185.8500,36.6190,108.3000
375.6905,319.8500,36.6190,108.3000
398.6905,217.8500,36.6190,108.3000
392.6905,232.8500,36.6190,108.3000
270.3680,368.4478,29.2640,65.1045
266.0930,354.6728,46.8139,82.6544
273.1685,350.2482,50.6630,86.5035
275.1339,333.2137,66.7321,102.5726
276.8850,325.9648,73.2299,109.0704
288.3609,317.4406,78.2782,114.1187
284.1428,316.2226,78.7144,114.5549
283.8286,313.9083,78.3428,114.1833
286.8578,313.4375,78.2845,114.1250
287.5030,319.0828,75.9940,111.8345
286.6052,318.6850,74.7896,110.6301
288.7355,330.3152,68.5290,104.3695
285.1437,339.2234,64.7126,100.5531
286.1598,339.2396,65.6804,101.5209
270.8140,340.8938,66.3720,102.2125
266.4343,342.5141,63.1314,98.9719
254.9737,342.5534,59.0526,94.8931
248.0965,323.1763,67.8070,103.6475
223.3306,319.9103,69.3389,105.1794
210.8559,318.9356,71.2883,107.1288
197.2550,313.3347,74.4900,110.3305
204.9342,304.0139,75.1316,110.9721
190.7851,312.3649,72.4297,108.2702
163.2070,312.7867,73.5861,109.4266
159.4042,315.4839,70.1916,106.0321
164.2206,311.8003,69.5589,105.3994
148.9729,311.5526,72.0543,107.8948
144.9767,305.5564,79.0466,114.8871
133.6064,317.6861,68.7872,104.6277
133.4783,309.0580,67.0435,102.8840
117.8759,315.9557,69.2482,105.0887
113.9874,313.5671,63.0253,98.8658
102.2235,307.8033,61.5530,97.3935
117.1489,294.7286,56.7022,92.5427
116.5319,304.1116,48.9363,84.7768
104.7750,278.3548,66.4499,102.2904
113.9116,276.9913,52.1769,88.0174
92.4983,311.5780,59.0035,94.8440
94.3698,262.4495,92.2605,128.1010
92.3975,265.9773,85.2049,121.0454
97.5286,267.6083,84.9428,120.7833
107.2536,256.8333,82.4928,118.3333
127.3367,259.4165,84.3265,120.1670
136.7640,279.8438,71.4720,107.3125
189.1296,213.2094,63.7408,99.5813
250.1639,169.2436,95.6723,131.5128
266.6491,179.2289,93.7018,129.5423
362.2741,195.3539,68.4518,104.2923
334.7385,206.8182,77.5231,113.3636
334.5785,215.1583,81.8430,117.6835
425.7206,236.3003,63.5588,99.3993
438.6674,241.7472,60.6651,96.5056
456.8203,242.4000,63.3595,99.2000
387.1479,241.2277,84.7042,120.5447
457.1404,257.7202,66.7192,102.5597
470.3723,263.9521,55.2554,91.0959
474.5761,260.1559,60.8477,96.6882
479.1009,262.1806,62.7983,98.6388
478.8590,275.9387,59.2821,95.1226
499.5482,287.6279,48.9036,84.7441
301.6905,185.8500,36.6190,108.3000
371.6905,406.8500,36.6190,108.3000
301.6905,185.8500,36.6190,108.3000
491.3954,313.9751,38.2092,74.0498
477.7371,338.3168,41.5259,77.3664
322.6905,57.8500,36.6190,108.3000
238.3452,67.4250,31.3095,67.1500
332.6905,57.8500,36.6190,108.3000
239.9708,84.5506,46.0584,81.8989
112.6792,308.7590,60.6415,96.4820
116.7128,312.2925,49.5745,85.4150
104.5261,305.6058,59.9478,95.7883
109.2517,304.8315,58.4966,94.3371
104.5029,295.0827,56.9941,92.8346
105.1398,292.2196,68.7203,104.5608
110.3555,283.9352,79.2890,115.1295
107.3189,296.8987,75.3621,111.2026
100.5019,303.0817,77.9962,113.8367
106.6850,298.7647,74.6300,110.4705
102.9848,300.5645,71.0305,106.8710
113.3650,298.9447,75.2700,111.1105
113.1124,291.1921,76.7753,112.6158
107.8717,301.9515,77.2565,113.0970
111.5019,303.0817,77.9962,113.8367
107.2511,304.8309,79.4977,115.3382
111.8693,298.9490,83.2614,119.1019
112.6738,306.2536,82.6523,118.4928
116.3726,301.9524,82.2548,118.0953
112.0263,304.6061,80.9473,116.7878
119.1466,304.7264,82.7067,118.5472
122.3472,300.9269,83.3057,119.1462
125.6459,299.7257,78.7082,114.5487
130.4270,301.5068,80.1460,115.9865
135.7634,305.3431,79.4732,115.3137
143.6069,301.6867,71.7861,107.6266
172.8026,332.8823,37.3948,73.2353
358.6085,111.6882,60.7830,96.6235
362.7751,106.3548,66.4499,102.2904
363.1058,108.1855,71.7885,107.6290
103.5232,137.1030,53.9536,89.7941
357.3452,127.4250,55.3095,91.1500
114.3526,136.9324,52.2948,88.1353
185.8036,318.8834,72.3928,108.2333
172.1203,318.7000,70.7595,106.6000
179.6041,308.1839,81.7918,117.6323
183.6177,313.6974,76.7646,112.6051
187.0430,315.1227,82.9141,118.7546
189.0549,314.6347,81.8902,117.7307
186.1356,317.7153,78.7289,114.5694
190.1972,313.7769,82.6057,118.4462
194.1172,303.1969,86.7657,122.6062
205.7744,308.3542,85.4511,121.2916
206.3520,291.9318,92.2960,128.1365
220.2082,299.7879,89.5836,125.4241
219.1747,299.2544,90.6507,126.4912
235.0692,294.6489,87.8616,123.7021
236.8575,311.4373,79.2849,115.1254
267.5345,294.1143,72.9309,108.7714
269.2229,303.8027,70.5541,106.3946
182.5113,147.5911,77.9773,113.8178
182.9555,157.0352,68.0890,103.9295
292.5490,302.1287,62.9021,98.7426
280.4911,328.5708,61.0178,96.8583
278.3466,317.4264,64.3068,100.1473
198.4747,172.0544,50.0506,85.8911
191.5062,169.5859,56.9877,92.8282
195.0307,165.6104,61.9386,97.7791
199.2207,166.8004,53.5586,89.3991
306.7252,319.3050,46.5495,82.3900
302.1746,306.2543,68.6508,104.4913
302.7903,304.3701,68.4194,104.2599
303.2116,322.2913,52.5768,88.4173
210.8634,172.9432,49.2732,85.1137
296.4911,304.5708,70.0178,105.8583
297.3296,305.4094,70.3407,106.1812
210.3887,187.4685,54.2226,90.0631
301.2471,322.3268,51.5059,87.3464
299.2894,316.8692,56.4212,92.2617
272.8853,317.4650,68.2294,104.0699
271.4353,339.0151,50.1293,85.9698
216.8314,192.4111,54.3373,90.1778
405.8766,260.9564,26.2468,62.0873
218.5150,210.5947,47.9701,83.8106
245.6905,181.8500,36.6190,108.3000
441.5150,245.5947,47.9701,83.8106
430.6585,243.7382,66.6830,102.5235
445.5529,243.1326,72.8943,108.7348
443.7539,245.3336,74.4922,110.3327
437.0001,257.0798,66.9998,102.8403
432.0698,254.6496,74.8604,110.7009
453.5594,252.1391,68.8812,104.7217
450.7301,260.8099,70.5398,106.3803
462.6262,266.7060,68.7476,104.5881
469.8870,263.9667,72.2261,108.0666
467.4850,265.0648,70.0299,105.8704
464.2352,270.8149,69.5296,105.3701
468.8505,274.9302,66.2991,102.1396
480.0952,274.1750,70.8095,106.6500
466.3496,282.4294,75.3007,111.1412
479.8495,278.9293,76.3009,112.1414
473.8545,285.9342,79.2911,115.1316
484.6049,285.6846,76.7903,112.6308
484.8555,294.9352,73.2890,109.1295
491.9863,299.5660,66.0274,101.8679
281.6794,312.7591,54.6413,90.4818
505.3466,320.4264,64.3068,100.1473
286.7037,316.7834,62.5927,98.4332
303.3656,321.4454,64.2687,100.1092
313.3511,324.4308,61.2979,97.1384
542.0953,337.1750,48.8095,84.6500
354.6905,319.8500,36.6190,108.3000
341.4738,342.5536,40.0523,75.8928
365.6905,290.8500,36.6190,108.3000
301.6905,185.8500,36.6190,108.3000
301.6905,185.8500,36.6190,108.3000
301.6905,185.8500,36.6190,108.3000
376.6905,465.8500,36.6190,108.3000
441.2207,334.8004,56.5587,92.3992
301.6905,185.8500,36.6190,108.3000
301.6905,185.8500,36.6190,108.3000
176.3059,364.3856,37.3883,73.2288
376.6905,159.8500,36.6190,108.3000
301.6905,185.8500,36.6190,108.3000
301.6905,185.8500,36.6190,108.3000
301.6905,185.8500,36.6190,108.3000
301.6905,185.8500,36.6190,108.3000
415.6905,188.8500,36.6190,108.3000
301.6905,185.8500,36.6190,108.3000
301.6905,185.8500,36.6190,108.3000
301.6905,185.8500,36.6190,108.3000
301.6905,185.8500,36.6190,108.3000
301.6905,185.8500,36.6190,108.3000
301.6905,185.8500,36.6190,108.3000
301.6905,185.8500,36.6190,108.3000
301.6905,185.8500,36.6190,108.3000
301.6905,185.8500,36.6190,108.3000
301.6905,185.8500,36.6190,108.3000
301.6905,185.8500,36.6190,108.3000
301.6905,185.8500,36.6190,108.3000
301.6905,185.8500,36.6190,108.3000
301.6905,185.8500,36.6190,108.3000
301.6905,185.8500,36.6190,108.3000
301.6905,185.8500,36.6190,108.3000
301.6905,185.8500,36.6190,108.3000
301.6905,185.8500,36.6190,108.3000
301.6905,185.8500,36.6190,108.3000
301.6905,185.8500,36.6190,108.3000
301.6905,185.8500,36.6190,108.3000
301.6905,185.8500,36.6190,108.3000
464.4707,349.0505,51.0585,86.8990
376.6905,377.8500,36.6190,108.3000
376.6905,392.8500,36.6190,108.3000
426.7340,357.3138,28.5320,64.3725
354.6905,363.8500,36.6190,108.3000
398.6905,261.8500,36.6190,108.3000
332.6905,348.8500,36.6190,108.3000
307.5247,328.6045,52.9505,88.7910
313.1143,326.1941,47.7713,83.6118
296.2744,377.3542,40.4511,76.2916
290.6499,373.2296,37.7002,73.5407
269.9037,353.4835,48.1926,84.0331
289.1810,369.2607,38.6381,74.4786
312.1397,375.7195,33.7205,69.5610
193.3668,343.9466,47.2664,83.1069
365.6905,152.8500,36.6190,108.3000
365.6905,152.8500,36.6190,108.3000
365.6905,152.8500,36.6190,108.3000
204.1905,344.2702,55.6190,91.4595
224.6828,358.2625,44.6344,80.4749
246.0135,369.0932,35.9730,71.8135
278.9305,350.5103,65.1390,100.9795
256.0683,375.1480,36.8635,72.7040
247.6905,372.7702,34.6190,70.4595
264.7207,366.3004,52.5586,88.3991
250.7141,356.2939,56.5718,92.4123
230.5466,366.1263,47.9068,83.7473
253.6026,372.6824,26.7948,62.6353
172.8741,331.4539,70.2518,106.0923
244.8175,371.3972,45.3650,81.2055
230.4821,366.5618,46.0358,81.8763
168.7038,336.2836,70.5924,106.4329
250.2773,367.8570,40.4454,76.2859
140.8568,340.9366,45.2863,81.1268
387.6905,232.8500,36.6190,108.3000
157.5159,339.0956,56.9683,92.8088
157.8816,338.9614,61.2368,97.0773
156.9200,333.9998,49.1599,85.0004
151.0128,337.0926,47.9743,83.8148
263.1203,360.7000,35.7594,71.5999
181.3908,348.9705,51.2185,87.0590
203.1339,352.7137,45.7321,81.5726
167.5150,338.5947,54.9701,90.8106
164.1330,345.2127,54.7341,90.5746
149.1370,334.7167,61.7261,97.5666
161.5760,334.6558,63.8479,99.6884
187.5967,341.6765,60.8066,96.6471
175.0967,330.1764,61.8066,97.6471
191.2245,325.3042,66.5511,102.3916
193.3468,339.4266,58.3064,94.1469
174.6440,328.2237,65.7120,101.5525
189.8680,335.9478,62.2640,98.1045
194.2299,338.8097,58.5401,94.3806
194.2502,334.8300,60.4995,96.3400
192.5352,338.6150,57.9296,93.7701
164.5134,333.0931,64.9732,100.8137
168.9979,333.0777,64.0041,99.8446
158.1076,330.1874,68.7847,104.6252
163.8356,327.9154,70.3287,106.1692
146.5707,325.1505,71.8585,107.6990
153.9975,323.0772,74.0051,109.8456
146.8676,321.4473,74.2648,110.1053
147.1460,320.7257,73.7081,109.5486
140.4934,321.0731,73.0132,108.8537
141.9930,319.5727,74.0141,109.8546
136.4934,319.0731,73.0132,108.8537
138.1661,317.2459,74.6677,110.5082
129.2565,314.8362,70.4871,106.3276
130.8264,311.4061,71.3472,107.1877
137.1505,312.2302,73.6990,109.5395
128.5156,306.5954,70.9688,106.8093
127.2206,305.8003,70.5589,106.3994
119.6597,301.2394,69.6807,105.5212
124.0754,294.6552,71.8492,107.6897
126.6597,299.2394,69.6807,105.5212
117.1021,296.1819,72.7957,108.6362
125.8922,296.4719,74.2157,110.0562
123.8221,289.4019,72.3558,108.1963
123.9078,287.9876,69.1843,105.0248
125.0244,284.6042,73.9512,109.7917
123.8566,287.4364,73.2868,109.1273
125.9287,288.0085,72.1426,107.9831
121.3428,282.9225,69.3144,105.1549
125.3698,279.4495,69.2605,105.1010
117.4350,270.5148,71.1300,106.9705
119.3498,270.4295,73.3004,109.1409
125.7828,271.8626,69.4343,105.2748
122.8342,267.9140,69.3316,105.1721
130.0731,269.1528,71.8539,107.6944
138.2271,269.3068,75.5459,111.3864
130.7565,263.3362,70.4871,106.3276
126.5300,262.1097,72.9401,108.7806
112.6230,234.7028,67.7539,103.5944
123.7090,246.2888,72.5820,108.4225
122.7182,246.2979,70.5637,106.4042
119.2828,240.8626,72.4344,108.2749
117.0517,238.1315,72.8966,108.7371
115.9975,237.0772,74.0051,109.8456
128.2113,232.7911,72.5774,108.4179
119.7254,225.3052,69.5491,105.3896
121.4970,225.5767,68.0061,103.8466
124.7289,226.3086,63.5422,99.3827
128.0967,233.1764,61.8066,97.6471
141.7269,238.3066,39.5463,75.3868
460.5151,311.0949,26.9698,62.8103
450.4786,296.0584,50.0428,85.8833
439.5659,289.6457,58.8681,94.7086
294.6905,414.8500,36.6190,108.3000
289.6905,407.8500,36.6190,108.3000
300.6905,377.8500,36.6190,108.3000
267.6905,377.8500,36.6190,108.3000
267.6905,363.8500,36.6190,108.3000
392.0131,243.0928,41.9738,77.8143
393.3856,231.4653,32.2289,68.0694
301.6905,185.8500,36.6190,108.3000
301.6905,185.8500,36.6190,108.3000
301.6905,185.8500,36.6190,108.3000
301.6905,185.8500,36.6190,108.3000
301.6905,185.8500,36.6190,108.3000
202.6905,297.8500,36.6190,108.3000
201.6905,290.8500,36.6190,108.3000
301.6905,185.8500,36.6190,108.3000
301.6905,185.8500,36.6190,108.3000
301.6905,185.8500,36.6190,108.3000
301.6905,185.8500,36.6190,108.3000
301.6905,185.8500,36.6190,108.3000
301.6905,185.8500,36.6190,108.3000
301.6905,185.8500,36.6190,108.3000
301.6905,185.8500,36.6190,108.3000
301.6905,185.8500,36.6190,108.3000
301.6905,185.8500,36.6190,108.3000
301.6905,185.8500,36.6190,108.3000
301.6905,185.8500,36.6190,108.3000
301.6905,185.8500,36.6190,108.3000
301.6905,185.8500,36.6190,108.3000
301.6905,185.8500,36.6190,108.3000
301.6905,185.8500,36.6190,108.3000
301.6905,185.8500,36.6190,108.3000
301.6905,185.8500,36.6190,108.3000
301.6905,185.8500,36.6190,108.3000
301.6905,185.8500,36.6190,108.3000
301.6905,185.8500,36.6190,108.3000
301.6905,185.8500,36.6190,108.3000
301.6905,185.8500,36.6190,108.3000
322.6905,407.8500,36.6190,108.3000
301.6905,185.8500,36.6190,108.3000
301.6905,185.8500,36.6190,108.3000
301.6905,185.8500,36.6190,108.3000
109.8453,239.4250,39.3095,75.1500
111.8766,238.9564,26.2468,62.0873
117.2624,258.8421,33.4753,69.3158
107.8787,240.9585,61.2426,97.0831
111.7449,250.3246,59.5102,95.3507
201.4782,72.0579,36.0436,71.8841
216.8452,59.9250,70.3095,106.1500
235.7740,59.8538,46.4520,82.2925
237.6645,80.2442,60.6710,96.5115
243.2091,90.7888,61.5819,97.4224
245.8765,83.4563,62.2470,98.0875
257.9363,91.0161,62.1273,97.9678
239.2800,95.8598,62.4400,98.2805
249.3565,95.4362,68.2870,104.1275
269.8661,106.9458,45.2678,81.1083
244.3036,100.8834,54.3927,90.2332
274.0966,101.1763,65.8069,101.6474
239.7485,98.3283,67.5030,103.3435
271.2206,106.8003,63.5588,99.3993
195.8327,279.4125,68.3345,104.1750
195.0204,295.6002,55.9592,91.7997
180.4751,78.5549,60.0498,95.8903
185.2044,79.7841,64.5912,100.4317
203.8509,284.9307,62.2981,98.1386
186.2711,75.3508,55.4579,91.2983
202.4890,290.0688,59.0219,94.8624
309.6447,90.7245,63.7105,99.5510
298.1627,105.2424,63.6747,99.5152
231.5434,81.6232,85.9131,121.7536
294.9779,107.5577,69.0441,104.8846
277.4128,100.4925,81.1744,117.0149
262.4142,90.4940,86.1715,122.0120
270.4387,90.5184,85.1227,120.9632
271.6199,92.1996,81.7603,117.6008
273.7540,109.3337,85.4921,121.3326
280.2858,105.3656,80.4283,116.2688
299.4314,122.5112,79.1371,114.9776
277.1952,95.7750,87.6096,123.4501
322.6211,129.7008,78.7578,114.5983
363.8212,130.9010,70.3576,106.1981
363.9416,125.0213,70.1168,105.9573
301.4416,113.0213,83.1169,118.9574
347.8463,129.9261,75.3073,111.1478
322.8560,114.4358,76.2879,112.1284
290.2036,304.7834,77.5927,113.4332
314.1098,107.6895,82.7804,118.6209
316.5080,106.5877,74.9840,110.8245
297.4435,300.5232,76.1130,111.9535
332.9220,106.5017,80.1561,115.9966
302.3005,311.3802,78.3990,114.2395
313.6016,312.6813,77.7969,113.6374
332.0572,112.6370,75.8855,111.7260
304.3140,308.8938,82.3720,118.2125
318.6203,307.7000,80.7595,116.6000
301.8730,317.4528,72.2539,108.0944
314.3210,318.4007,72.3581,108.1986
347.4031,302.4828,84.1939,120.0344
348.1330,290.7128,92.7340,128.5745
370.3953,111.4750,83.2094,119.0499
349.7967,118.8764,81.4066,117.2471
355.6411,300.7208,83.7178,119.5583
430.4952,160.0750,69.0096,104.8501
329.2609,320.3406,72.4782,108.3187
372.8251,134.9049,77.3497,113.1902
370.0767,308.1564,78.8467,114.6872
386.3987,154.4785,80.2026,116.0431
398.9503,157.5300,80.0995,115.9400
463.0344,201.6142,76.9312,112.7717
408.8115,159.3913,81.3769,117.2174
473.0546,181.6344,59.8907,95.7312
407.7828,318.8626,69.4343,105.2748
407.8264,172.9062,81.3472,117.1877
405.7645,176.3442,86.4711,122.3116
398.7323,231.8121,107.5353,143.3758
461.2206,200.8003,65.5588,101.3993
413.2081,191.7878,78.5839,114.4244
415.9153,191.4950,77.1695,113.0100
468.3466,191.4263,66.3069,102.1474
404.7034,319.7831,76.5933,112.4338
476.4764,332.0562,41.0471,76.8876
464.9734,316.5532,62.0531,97.8936
455.5030,307.0828,75.9940,111.8345
401.7433,237.3230,100.5135,136.3540
417.5735,206.6532,72.8531,108.6936
413.6753,199.2551,73.6494,109.4899
416.3781,201.9578,79.2439,115.0844
411.1803,204.2600,83.6394,119.4799
404.3043,202.3840,79.3914,115.2319
407.8462,212.9259,85.3076,121.1481
408.7828,208.8626,83.4344,119.2749
408.6894,210.7691,82.6212,118.4617
408.4978,215.5776,80.0043,115.8448
401.3849,214.9646,78.2303,114.0708
406.4397,216.5194,79.1207,114.9612
401.6746,219.7544,79.6508,115.4913
400.1274,225.7072,70.7452,106.5857
392.6212,232.2009,73.7577,109.5982
396.9922,234.0719,76.0157,111.8562
403.6423,241.7221,72.7154,108.5559
387.0581,245.6379,73.8838,109.7243
394.7444,242.8242,83.5111,119.3516
396.8117,255.3914,85.3766,121.2171
399.7540,258.8338,83.4919,119.3324
401.5847,262.1645,83.8305,119.6710
405.9971,268.0769,84.0058,119.8463
410.6413,269.2211,84.7173,120.5578
405.1774,278.2571,80.6453,116.4858
410.6847,290.2644,77.6307,113.4712
419.0964,291.1761,73.8073,109.6478
421.6703,294.2501,75.6593,111.4998
436.2799,302.8597,83.4401,119.2806
452.2112,311.2909,78.5777,114.4182
448.5143,318.5940,73.9714,109.8119
451.7509,331.3307,59.4981,95.3386
468.3549,341.9346,44.2903,80.1308
465.5362,343.6159,46.9277,82.7682
301.6905,185.8500,36.6190,108.3000
301.6905,185.8500,36.6190,108.3000
301.6905,185.8500,36.6190,108.3000
301.6905,185.8500,36.6190,108.3000
301.6905,185.8500,36.6190,108.3000
301.6905,185.8500,36.6190,108.3000
301.6905,185.8500,36.6190,108.3000
301.6905,185.8500,36.6190,108.3000
301.6905,185.8500,36.6190,108.3000
301.6905,185.8500,36.6190,108.3000
419.6905,246.8500,36.6190,108.3000
301.6905,185.8500,36.6190,108.3000
301.6905,185.8500,36.6190,108.3000
301.6905,185.8500,36.6190,108.3000
301.6905,185.8500,36.6190,108.3000
301.6905,185.8500,36.6190,108.3000
301.6905,185.8500,36.6190,108.3000
301.6905,185.8500,36.6190,108.3000
301.6905,185.8500,36.6190,108.3000
301.6905,185.8500,36.6190,108.3000
301.6905,185.8500,36.6190,108.3000
301.6905,185.8500,36.6190,108.3000
301.6905,185.8500,36.6190,108.3000
301.6905,185.8500,36.6190,108.3000
301.6905,185.8500,36.6190,108.3000
301.6905,185.8500,36.6190,108.3000
301.6905,185.8500,36.6190,108.3000
301.6905,185.8500,36.6190,108.3000
301.6905,185.8500,36.6190,108.3000
301.6905,185.8500,36.6190,108.3000
301.6905,185.8500,36.6190,108.3000
301.6905,185.8500,36.6190,108.3000
301.6905,185.8500,36.6190,108.3000
301.6905,185.8500,36.6190,108.3000
301.6905,185.8500,36.6190,108.3000
301.6905,185.8500,36.6190,108.3000
301.6905,185.8500,36.6190,108.3000
420.6905,334.8500,36.6190,108.3000
414.6905,348.8500,36.6190,108.3000
365.6902,387.2700,38.6196,74.4601
347.9037,373.4835,48.1926,84.0331
357.6166,381.1964,38.7668,74.6073
341.0197,360.0995,53.9606,89.8011
334.7740,372.8538,46.4520,82.2925
321.3421,358.9219,58.3158,94.1562
311.0246,364.1043,59.9508,95.7913
313.2673,367.3470,54.4654,90.3059
300.0262,361.6060,60.9475,96.7880
292.2709,351.3506,65.4582,101.2987
295.0711,351.1508,64.8579,100.6984
301.0856,358.1654,63.8287,99.6692
284.1740,352.7537,66.6520,102.4925
286.4210,353.5007,61.1581,96.9986
277.9535,344.5332,62.0931,97.9336
271.9122,347.4920,61.1756,97.0161
268.2828,351.8626,64.4343,100.2748
263.3363,356.9161,60.3274,96.1679
269.3627,352.9424,61.2746,97.1151
266.3997,351.9794,64.2007,100.0412
263.1957,354.2755,63.6085,99.4490
255.9324,357.0121,64.1353,99.9758
256.9313,355.5111,66.1373,101.9778
240.5145,355.0943,60.9710,96.8115
244.0968,363.6766,57.8063,93.6468
231.7801,356.8599,64.4398,100.2803
224.3140,352.3938,64.3720,100.2125
217.4640,350.5438,66.0719,101.9124
210.5952,353.6750,67.8095,103.6500
208.3452,349.9250,68.3095,104.1500
214.5149,348.0947,68.9701,104.8106
210.8428,344.4225,69.3144,105.1549
209.0682,344.6479,66.8636,102.7041
205.6882,341.7679,64.6236,100.4641
195.5758,338.6556,69.8483,105.6888
193.5204,342.6001,70.9593,106.7998
172.6049,340.6846,76.7903,112.6308
190.5964,339.6761,72.8072,108.6477
186.5204,338.6001,70.9593,106.7998
182.1377,331.7175,72.7246,108.5651
165.4975,337.0772,74.0051,109.8456
177.7678,331.3475,76.4645,112.3050
181.6369,326.2167,76.7261,112.5666
175.3765,320.4563,80.2470,116.0875
161.0982,320.6779,82.8037,118.6442
160.2989,318.3786,84.4022,120.2427
163.8174,321.8971,83.3652,119.2057
157.7307,318.8105,85.5386,121.3791
162.6532,322.2330,79.6935,115.5340
150.4270,321.5068,80.1460,115.9865
148.5019,322.0816,81.9962,117.8367
139.6583,322.7381,78.6833,114.5238
138.3880,319.4677,78.2240,114.0645
138.5009,316.0806,79.9982,115.8387
139.3781,316.4578,79.2439,115.0844
139.5064,314.0861,80.9872,116.8277
141.5403,311.6201,80.9194,116.7599
147.1774,308.2571,80.6453,116.4858
148.7165,309.7962,80.5670,116.4075
138.1774,310.2571,80.6453,116.4858
148.8495,308.4292,77.3010,113.1415
146.9795,311.0592,81.0411,116.8816
144.3521,308.4318,82.2958,118.1363
147.0344,308.6141,78.9313,114.7718
141.8654,305.9451,77.2692,113.1097
134.1879,303.7676,79.6243,115.4648
133.6956,307.2754,78.6088,114.4493
133.8244,304.4042,78.3512,114.1917
152.6594,300.2391,77.6812,113.5217
148.1143,295.6940,80.7715,116.6120
146.8575,297.4373,79.2849,115.1254
136.9705,289.5503,78.0590,113.8995
156.2015,287.7813,77.5969,113.4374
142.6615,282.2412,77.6770,113.5175
141.5204,285.6001,70.9593,106.7998
125.3601,280.9398,77.2798,113.1203
133.9770,272.5568,76.0460,111.8865
118.7539,274.3336,74.4922,110.3327
129.4327,266.5124,76.1347,111.9752
132.3601,265.9398,77.2798,113.1203
135.3650,261.9447,75.2700,111.1105
130.8625,263.4423,76.2750,112.1155
134.1834,265.2632,75.6331,111.4736
137.1614,257.2412,78.6771,114.5176
138.7828,255.8626,74.4344,110.2749
143.7717,250.3514,74.4566,110.2971
147.0874,249.1671,73.8253,109.6658
135.3716,246.4513,75.2568,111.0973
140.2271,244.3068,75.5459,111.3864
131.9835,228.0633,76.0330,111.8735
116.7455,222.8252,68.5091,104.3496
123.2183,221.2980,73.5635,109.4040
109.3212,222.9010,70.3576,106.1981
123.3440,220.4238,68.3120,104.1525
133.9111,214.4909,75.1778,111.0183
144.8047,235.3844,58.3907,94.2312
140.3524,225.4321,53.2952,89.1357
158.1995,222.2792,26.6011,62.4416
149.3023,207.8821,50.3953,86.2358
143.1047,208.1844,44.7906,80.6311
122.0967,210.1764,61.8066,97.6471
127.9764,235.5562,41.0471,76.8876
128.6010,207.6807,61.7980,97.6385
343.6905,174.8500,36.6190,108.3000
134.0567,201.6365,58.8866,94.7271
141.8037,207.3835,33.3926,69.2331
321.6905,174.8500,36.6190,108.3000
301.6905,185.8500,36.6190,108.3000
301.6905,185.8500,36.6190,108.3000
301.6905,185.8500,36.6190,108.3000
332.6905,130.8500,36.6190,108.3000
333.6905,130.8500,36.6190,108.3000
316.6905,123.8500,36.6190,108.3000
343.6905,116.8500,36.6190,108.3000
343.6905,115.8500,36.6190,108.3000
558.1850,343.2647,35.6300,71.4705
451.9262,305.0060,86.1475,121.9880
428.5062,310.5859,56.9877,92.8282
393.4454,307.0252,78.1092,113.9497
397.7330,288.3127,78.5341,114.3746
371.8289,300.4086,79.3423,115.1828
365.9484,311.5281,69.1032,104.9437
345.2673,333.3470,54.4654,90.3059
334.2621,335.3418,63.4759,99.3164
323.6612,350.7410,64.6776,100.5181
330.9994,364.0791,51.0012,86.8417
376.6905,304.8500,36.6190,108.3000
301.6905,185.8500,36.6190,108.3000
301.6905,185.8500,36.6190,108.3000
354.6905,421.8500,36.6190,108.3000
94.1758,270.2555,30.6485,66.4890
299.6905,57.8500,36.6190,108.3000
300.6905,57.8500,36.6190,108.3000
98.2510,237.8307,59.4981,95.3386
99.9706,230.5503,69.0589,104.8994
100.3465,240.4263,68.3070,104.1475
102.8638,247.9435,72.2725,108.1130
124.2205,228.8003,77.5590,113.3995
130.9917,248.5714,54.0166,89.8571
145.7214,271.3012,31.5571,67.3976
289.6905,115.8500,36.6190,108.3000
92.6905,42.8500,36.6190,108.3000
91.3888,68.4686,41.2224,77.0629
179.8590,279.9387,59.2821,95.1226
113.3665,61.4463,65.2669,101.1074
130.4356,71.5153,52.1289,87.9694
232.4706,286.0504,59.0587,94.8992
184.5621,60.6419,76.8757,112.7162
175.7807,66.3604,76.4387,112.2792
185.1058,73.1855,71.7885,107.6290
266.5276,262.1074,96.9447,132.7852
216.0396,81.6194,68.9208,104.7613
292.5602,269.1399,94.8797,130.7202
293.3489,297.4286,87.3023,123.1428
239.5589,95.1386,81.8823,117.7228
265.1738,80.2536,86.6524,122.4929
263.5952,87.6750,89.8095,125.6500
305.2828,307.8625,84.4344,120.2749
258.4622,101.5419,86.0756,121.9161
332.5010,300.0807,91.9980,127.8385
336.1375,295.7173,93.7250,129.5655
339.3893,303.9691,89.2214,125.0619
284.7045,93.2842,88.5911,124.4316
335.7828,285.8625,99.4344,135.2749
343.9965,282.5763,95.0070,130.8475
320.8953,84.4750,93.2094,129.0499
352.2086,291.2883,86.5828,122.4233
306.7205,95.8002,84.5590,120.3995
336.4413,88.5210,91.1175,126.9580
324.8869,95.4667,87.2261,123.0666
356.5599,290.1396,97.8802,133.7207
351.7205,304.3002,88.5591,124.3996
314.7271,106.3068,75.5459,111.3864
357.5136,307.0933,84.9728,120.8133
351.2205,312.8003,80.5590,116.3995
318.7231,115.3029,67.5538,103.3943
342.4995,115.5792,68.0010,103.8415
319.6068,118.6866,66.7863,102.6268
367.1398,324.2196,68.7203,104.5608
392.8082,323.8880,72.3835,108.2240
394.8229,306.4026,85.3543,121.1948
378.2931,101.3728,85.4139,121.2544
385.8869,95.4667,87.2261,123.0666
372.6247,123.2045,79.7505,115.5910
369.8953,121.9750,78.2094,114.0499
421.3904,311.4701,79.2193,115.0598
417.6201,311.6998,83.7599,119.6004
415.9615,316.0413,81.0769,116.9174
406.4982,316.5779,77.0036,112.8441
398.1774,338.7571,64.6452,100.4857
413.5965,336.6763,66.8069,102.6474
433.5047,342.0845,54.9906,90.8311
433.8078,340.3875,58.3844,94.2249
430.4537,343.5334,55.0926,90.9332
389.6516,136.2314,63.6967,99.5372
388.8339,149.9136,62.3322,98.1727
395.3524,149.4321,62.2953,98.1358
394.1370,348.7167,58.7261,94.5666
385.6800,342.2597,67.6400,103.4805
409.9287,157.0085,72.1426,107.9831
422.0089,155.5886,76.9823,112.8228
418.6682,159.2479,75.6637,111.5042
408.7294,159.8092,74.5412,110.3817
399.9532,161.0330,76.0936,111.9341
405.3006,167.8804,74.3987,110.2392
412.9168,170.9965,74.1665,110.0070
415.0544,172.6341,71.8912,107.7317
424.5529,172.1326,72.8943,108.7348
424.5312,172.1109,75.9376,111.7781
422.5019,173.0817,77.9962,113.8367
429.8551,173.9349,75.2898,111.1303
427.6052,175.6850,74.7896,110.6301
428.8625,177.9422,76.2750,112.1155
435.1136,180.1934,72.7728,108.6133
431.0048,188.5845,72.9904,108.8309
438.2672,191.8470,74.4655,110.3060
437.3634,199.4432,73.2731,109.1136
428.6052,210.6850,74.7896,110.6301
430.4727,206.0524,77.0547,112.8952
434.3498,210.4296,73.3004,109.1409
432.4727,213.0525,75.0545,110.8950
435.0964,217.1761,73.8073,109.6478
438.4706,217.0503,72.0589,107.8994
441.9842,219.5640,73.0315,108.8720
445.6126,218.6924,75.7747,111.6152
449.3628,220.4426,75.2744,111.1149
447.2226,223.8024,77.5548,113.3953
446.9833,226.5630,77.0334,112.8739
453.4831,232.0628,78.0339,113.8744
451.8463,237.9261,77.3074,113.1479
456.1113,237.1910,80.7775,116.6180
457.5963,248.6761,76.8074,112.6479
458.3463,252.4260,78.3074,114.1479
456.2268,250.8066,77.5463,113.3868
454.9727,254.5525,75.0545,110.8950
453.7205,257.3003,76.5590,112.3995
455.7270,259.3067,76.5461,112.3866
456.8452,263.9250,78.3095,114.1500
456.4705,265.0503,79.0590,114.8995
455.4705,265.0503,80.0590,115.8995
460.0992,265.1790,80.8015,116.6420
452.1113,271.1910,80.7775,116.6180
460.8545,269.9342,79.2911,115.1316
462.0992,272.1790,80.8015,116.6420
464.8452,278.9250,76.3095,112.1500
453.9705,277.5503,76.0590,111.8995
461.3549,289.4347,76.2901,112.1306
471.8828,290.9625,78.2345,114.0750
482.7551,298.3349,72.4898,108.3303
491.2558,294.8355,71.4884,107.3289
492.7271,291.3068,75.5459,111.3864
496.2295,307.8092,60.5410,96.3815
495.2445,303.8242,70.5110,106.3515
497.2206,307.8003,67.5589,103.3994
494.3452,309.4250,71.3095,107.1500
513.4260,329.5058,56.1480,91.9885
354.6905,465.8500,36.6190,108.3000
332.6905,435.8500,36.6190,108.3000
172.8073,343.3870,41.3855,77.2260
183.9421,344.0219,51.1157,86.9563
376.6905,159.8500,36.6190,108.3000
301.6905,185.8500,36.6190,108.3000
301.6905,185.8500,36.6190,108.3000
301.6905,185.8500,36.6190,108.3000
301.6905,185.8500,36.6190,108.3000
301.6905,185.8500,36.6190,108.3000
301.6905,185.8500,36.6190,108.3000
301.6905,185.8500,36.6190,108.3000
301.6905,185.8500,36.6190,108.3000
301.6905,185.8500,36.6190,108.3000
301.6905,185.8500,36.6190,108.3000
301.6905,185.8500,36.6190,108.3000
301.6905,185.8500,36.6190,108.3000
301.6905,185.8500,36.6190,108.3000
301.6905,185.8500,36.6190,108.3000
301.6905,185.8500,36.6190,108.3000
301.6905,185.8500,36.6190,108.3000
301.6905,185.8500,36.6190,108.3000
301.6905,185.8500,36.6190,108.3000
301.6905,185.8500,36.6190,108.3000
301.6905,185.8500,36.6190,108.3000
301.6905,185.8500,36.6190,108.3000
301.6905,185.8500,36.6190,108.3000
301.6905,185.8500,36.6190,108.3000
301.6905,185.8500,36.6190,108.3000
301.6905,185.8500,36.6190,108.3000
301.6905,185.8500,36.6190,108.3000
301.6905,185.8500,36.6190,108.3000
301.6905,185.8500,36.6190,108.3000
301.6905,185.8500,36.6190,108.3000
301.6905,185.8500,36.6190,108.3000
301.6905,185.8500,36.6190,108.3000
301.6905,185.8500,36.6190,108.3000
301.6905,185.8500,36.6190,108.3000
301.6905,185.8500,36.6190,108.3000
301.6905,185.8500,36.6190,108.3000
425.6905,268.8500,36.6190,108.3000
420.6905,261.8500,36.6190,108.3000
420.6905,246.8500,36.6190,108.3000
287.3766,401.4563,40.2469,76.0874
415.6905,246.8500,36.6190,108.3000
270.6449,382.7246,44.7103,80.5508
398.6905,246.8500,36.6190,108.3000
392.6905,254.8500,36.6190,108.3000
392.6905,253.8500,36.6190,108.3000
387.6905,239.8500,36.6190,108.3000
382.6905,181.8500,36.6190,108.3000
376.6905,188.8500,36.6190,108.3000
215.5976,361.1774,44.8048,80.6453
203.7700,355.8498,47.4600,83.3005
244.4043,364.9840,35.1914,71.0319
203.4629,346.5426,67.0742,102.9147
213.2568,355.3365,49.4864,85.3269
199.9022,353.4819,51.1957,87.0362
206.8486,352.4284,55.3027,91.1432
192.3249,350.9047,61.3502,97.1907
209.7424,350.3221,58.5152,94.3557
204.3422,348.9220,59.3156,95.1561
197.8774,349.9571,55.2453,91.0858
210.0542,355.1339,54.8916,90.7321
185.5003,353.5800,49.9994,85.8399
193.1616,355.7414,43.6768,79.5173
201.8388,355.9185,47.3224,83.1629
171.6587,350.2385,54.6826,90.5231
206.8979,358.9776,43.2043,79.0448
194.1985,358.7783,40.6030,76.4435
158.7063,349.7861,57.5874,93.4279
144.3666,353.4464,56.2667,92.1072
138.6927,343.2724,67.6147,103.4552
147.2550,352.3347,56.4900,92.3305
376.6905,123.8500,36.6190,108.3000
376.6905,152.8500,36.6190,108.3000
376.6905,123.8500,36.6190,108.3000
136.1211,356.2008,49.7579,85.5984
376.6905,232.8500,36.6190,108.3000
152.5537,353.6334,40.8927,76.7332
156.4149,350.9946,45.1703,81.0107
157.8276,343.9074,57.3447,93.1852
165.8169,344.8966,51.3663,87.2068
162.4683,347.5480,42.0634,77.9039
143.9079,338.4876,52.1843,88.0248
166.7317,349.3115,30.5365,66.3770
161.1781,340.7578,44.6439,80.4844
168.2622,347.3420,39.4755,75.3160
164.5155,342.0953,48.9689,84.8094
365.6905,152.8500,36.6190,108.3000
259.5995,348.1793,32.8009,68.6414
365.6905,290.8500,36.6190,108.3000
376.6905,421.8500,36.6190,108.3000
266.5314,349.1112,38.9372,74.7776
300.4392,332.0190,54.1215,89.9620
275.4619,326.5417,54.0761,89.9166
349.6905,101.8500,36.6190,108.3000
333.6905,101.8500,36.6190,108.3000
365.6905,174.8500,36.6190,108.3000
376.6905,290.8500,36.6190,108.3000
365.6905,297.8500,36.6190,108.3000
320.3600,333.4398,56.2799,92.1204
322.2809,330.8606,49.4383,85.2788
308.1082,324.1879,61.7836,97.6241
328.9792,333.0589,48.0416,83.8821
261.9028,323.4826,68.1944,104.0349
260.5774,323.1571,70.8452,106.6857
255.3217,318.9014,71.3567,107.1972
315.0359,327.6157,48.9281,84.7686
216.5423,332.1220,54.9155,90.7560
226.5272,336.6070,45.9455,81.7860
315.1121,322.1918,51.7759,87.6164
242.8492,304.9289,82.3017,118.1422
255.1188,312.1985,76.7625,112.6030
259.7352,316.3149,69.5296,105.3701
318.3835,329.9632,54.2330,90.0735
252.6279,297.7076,75.7442,111.5847
239.6165,322.6962,47.7671,83.6076
238.1369,297.2167,79.7261,115.5666
241.0919,303.1716,73.8163,109.6568
238.8311,296.4109,80.3377,116.1782
247.0585,300.6382,77.8830,113.7235
245.1529,294.7327,75.6942,111.5347
244.8815,295.9612,75.2371,111.0776
243.2361,295.8158,74.5278,110.3683
251.7650,299.3448,74.4700,110.3105
247.7383,293.3181,74.5234,110.3639
239.9747,287.0544,78.0506,113.8911
249.6355,289.2152,75.7290,111.5695
238.7733,290.3531,77.4534,113.2939
235.5405,289.1203,78.9189,114.7594
226.3949,287.9746,76.2103,112.0508
237.3430,288.9228,74.3140,110.1545
246.7383,290.3181,74.5234,110.3639
236.2181,291.7979,69.5638,105.4043
247.6866,296.2664,73.6268,109.4673
251.4639,297.0436,55.0723,90.9128
253.3367,292.9165,62.3265,98.1670
264.2106,299.7904,68.5788,104.4193
249.9995,263.5792,83.0011,118.8416
247.8747,260.9545,71.2505,107.0910
255.3511,280.4308,61.2979,97.1384
421.3274,281.9072,60.3452,96.1857
272.0117,297.5914,72.9767,108.8172
244.5390,263.6187,53.9220,89.7625
231.1779,267.2576,66.6443,102.4848
213.1460,254.7257,73.7081,109.5486
200.6459,252.7257,78.7082,114.5487
180.7686,225.3483,75.4628,111.3033
182.1685,252.2482,50.6630,86.5035
194.1673,237.2471,67.6654,103.5059
193.5492,250.6289,69.9016,105.7421
185.1600,246.2397,62.6801,98.5206
125.5703,213.1501,30.8594,66.6999
257.2026,281.2823,70.5948,106.4353
162.4843,234.0640,64.0315,99.8720
252.4874,300.0672,41.0251,76.8656
234.6905,116.8500,36.6190,108.3000
376.6905,159.8500,36.6190,108.3000
403.6905,442.8500,36.6190,108.3000
453.5154,360.5952,55.9692,91.8097
456.5425,346.1222,66.9151,102.7556
447.5771,335.1568,76.8458,112.6863
442.1272,322.7070,82.7455,118.5860
441.1650,314.2447,83.6700,119.5105
423.0203,305.6001,90.9593,126.7998
427.2027,304.7825,81.5946,117.4351
457.8354,275.9151,75.3292,111.1697
435.6057,280.1855,83.7885,119.6290
446.0723,271.6520,80.8555,116.6960
456.6407,273.7204,74.7187,110.5592
460.2279,280.8076,69.5443,105.3848
442.1200,307.1997,58.7601,94.6006
418.6286,325.7084,55.7428,91.5833
396.5482,340.6279,48.9036,84.7441
150.0418,118.6216,35.9163,71.7568
154.0518,106.1316,52.8963,88.7368
173.3510,257.4308,72.2979,108.1384
202.8480,103.9277,41.3041,77.1446
289.6905,188.8500,36.6190,108.3000
211.4529,88.5327,39.0941,74.9346
305.6905,224.8500,36.6190,108.3000
256.7772,257.3570,51.4456,87.2861
294.6905,232.8500,36.6190,108.3000
185.6905,333.8500,36.6190,108.3000
319.8383,280.9181,27.3234,63.1639
311.6116,282.6913,52.7769,88.6174
103.4911,347.0708,55.0178,90.8583
321.9166,281.9963,61.1668,97.0073
343.6400,287.2198,58.7199,94.5604
108.7719,369.8516,52.4562,88.2967
354.9848,286.5645,71.0305,106.8710
368.5416,303.6213,71.9169,107.7574
358.9831,309.0628,73.0338,108.8743
389.2938,292.3735,92.4125,128.2530
388.3622,296.4420,88.2756,124.1161
388.5317,275.1114,101.9366,137.7771
406.2361,285.8158,90.5279,126.3684
402.3794,296.9591,84.2413,120.0818
399.1521,307.7319,78.6958,114.5363
405.0019,306.0816,81.9962,117.8367
417.2609,320.3406,72.4782,108.3187
399.6672,342.7469,61.6656,97.5061
396.7123,343.7920,55.5754,91.4159
405.8354,344.4151,56.3292,92.1697
419.9766,341.5564,60.0468,95.8873
437.3645,344.9442,57.2710,93.1115
432.1225,334.2022,68.7550,104.5955
439.7330,339.8128,63.5339,99.3744
437.1946,342.7744,61.6108,97.4513
435.1477,346.7275,64.7045,100.5450
446.8218,337.4016,66.3564,102.1969
443.9679,339.5476,64.0643,99.9048
449.8402,338.9200,68.3195,104.1600
457.2182,334.7979,70.5637,106.4042
452.7069,345.7867,54.5862,90.4267
473.6999,340.2797,60.6002,96.4407
484.4948,344.5746,52.0104,87.8509
197.6453,403.7251,45.7093,81.5498
198.5537,407.6334,40.8927,76.7332
485.4342,351.5140,49.1316,84.9721
486.4854,356.0652,44.0291,79.8696
207.0839,410.6636,34.8322,70.6727
468.8965,138.9762,62.2071,98.0476
212.2622,403.3420,39.4755,75.3160
212.0982,401.6779,39.8037,75.6442
472.4864,146.5662,54.0271,89.8676
468.3810,146.9608,53.2380,89.0785
215.5847,393.1644,47.8307,83.6712
218.8244,392.9042,45.3511,81.1916
220.8221,395.4019,45.3558,81.1963
219.5317,395.6114,43.9366,79.7771
222.1780,398.7578,41.6440,77.4845
494.8670,157.9467,64.2660,100.1065
