0.427045
0.025429
0.025913
0.026970
0.021923
0.029524
0.024236
0.021787
0.022201
0.021735
0.023933
0.021814
0.022625
0.021657
0.024774
0.029399
0.025842
0.025541
0.025560
0.025550
0.028595
0.026623
0.024010
0.024461
0.026848
0.025746
0.028828
0.031310
0.050080
0.030782
0.032090
0.032905
0.033909
0.035143
0.043494
0.034210
0.035576
0.060277
0.046440
0.053656
0.028181
0.029238
0.026509
0.031294
0.034808
0.026200
0.026246
0.031709
0.029098
0.027617
0.026651
0.026256
0.028711
0.031988
0.032480
0.054646
0.033377
0.031982
0.033228
0.052237
0.041084
0.051452
0.034222
0.031910
0.032925
0.051316
0.034579
0.051881
0.032200
0.033652
0.033994
0.033648
0.049455
0.052036
0.023747
0.023852
0.023725
0.021818
0.023614
0.025346
0.042039
0.045771
0.029989
0.035155
0.038135
0.034805
0.034172
0.037538
0.040115
0.036488
0.036687
0.037907
0.038692
0.037447
0.045321
0.039356
0.036120
0.046185
0.039766
0.041357
0.039009
0.037341
0.036720
0.039569
0.052515
0.038840
0.036139
0.040736
0.038628
0.040312
0.040680
0.039940
0.038335
0.038841
0.040495
0.035615
0.037924
0.036763
0.026250
0.029485
0.057455
0.021026
0.020127
0.015618
0.014301
0.015438
0.011973
0.010453
0.010382
0.010508
0.014597
0.012715
0.011471
0.027936
0.011783
0.013202
0.014714
0.013717
0.012017
0.011730
0.011532
0.011765
0.011564
0.011697
0.017540
0.016304
0.014978
0.014326
0.014460
0.035365
0.016101
0.014638
0.015451
0.019885
0.018180
0.031819
0.024324
0.018023
0.023762
0.031661
0.029810
0.028671
0.027859
0.032653
0.028861
0.028956
0.029951
0.029374
0.028371
0.029874
0.029520
0.029114
0.028394
0.034460
0.029932
0.028594
0.030146
0.031291
0.034640
0.029976
0.031684
0.031948
0.030071
0.033497
0.034572
0.030380
0.030578
0.032373
0.015534
0.021561
0.014486
0.014362
0.041107
0.016071
0.021595
0.027217
0.018554
0.026014
0.025364
0.019048
0.018578
0.019835
0.035300
0.019408
0.021905
0.021486
0.019011
0.024117
0.022816
0.034245
0.026084
0.024476
0.027873
0.024497
0.024654
0.026374
0.028496
0.031789
0.030308
0.025708
0.025695
0.028078
0.024543
0.025950
0.026404
0.026865
0.025742
0.024485
0.028205
0.025591
0.025867
0.026477
0.025821
0.026307
0.025656
0.033046
0.025006
0.022745
0.015289
0.016233
0.016394
0.017675
0.018875
0.018131
0.016975
0.014887
0.025706
0.030021
0.023660
0.031082
0.027266
0.027355
0.026205
0.025844
0.038909
0.028772
0.029371
0.029038
0.027755
0.020881
0.021324
0.028386
0.027199
0.031185
0.028486
0.031498
0.027784
0.021317
0.027896
0.026296
0.028946
0.033396
0.027335
0.026011
0.026021
0.026487
0.026335
0.029702
0.028726
0.034719
0.030416
0.023656
0.032100
0.023532
0.017055
0.015534
0.015463
0.021981
0.022944
0.021758
0.026868
0.019242
0.016819
0.018539
0.019586
0.017930
0.022371
0.024469
0.047639
0.024698
0.024821
0.019191
0.042763
0.027610
0.023255
0.040144
0.023554
0.031780
0.022309
0.023450
0.023349
0.043707
0.023191
0.024915
0.024877
0.040334
0.023865
0.023550
0.019798
0.041818
0.022519
0.021110
0.020047
0.021451
0.019081
0.020543
0.021296
0.023845
0.019389
0.020926
0.040159
0.036657
0.019156
0.018494
0.018986
0.019643
0.023831
0.018734
0.018857
0.018726
0.018541
0.018773
0.035918
0.020562
0.035571
0.022230
0.028360
0.011814
0.012311
0.011273
0.010367
0.015419
0.016101
0.019173
0.020750
0.019799
0.016576
0.016058
0.016868
0.017591
0.016588
0.016073
0.016719
0.015958
0.015878
0.036888
0.021369
0.017131
0.016408
0.017936
0.019208
0.017195
0.016931
0.016956
0.016314
0.015992
0.039480
0.019652
0.020169
0.018951
0.040136
0.022110
0.025029
0.018797
0.020595
0.019472
0.022997
0.036682
0.018791
0.020080
0.022352
0.019458
0.019594
0.017184
0.018471
0.023163
0.026411
0.022375
0.022357
0.024981
0.028651
0.022256
0.023151
0.015787
0.021109
0.025373
0.024477
0.022134
0.023278
0.022458
0.023147
0.018805
0.017033
0.016848
0.019649
0.016889
0.016799
0.019120
0.022422
0.016859
0.018810
0.016851
0.016740
0.025390
0.020355
0.018645
0.020272
0.026483
0.018512
0.026320
0.018395
0.020720
0.017545
0.033754
0.015345
0.014925
0.015063
0.014772
0.015603
0.025168
0.017654
0.017288
0.041165
0.014831
0.017068
0.025671
0.017850
0.021690
0.037450
0.020548
0.021660
0.020742
0.020196
0.022459
0.021395
0.031589
0.026642
0.026089
0.028548
0.026304
0.037512
0.025949
0.023655
0.036742
0.027121
0.026104
0.026277
0.029683
0.030180
0.025476
0.021712
0.024191
0.025941
0.025117
0.023863
0.021969
0.021577
0.027034
0.029861
0.031675
0.026564
0.040813
0.028217
0.028046
0.030406
0.031045
0.030692
0.028226
0.028034
0.028033
0.031585
0.026768
0.035543
0.021835
0.034473
0.022395
0.021660
0.025164
0.024324
0.024196
0.023796
0.023883
0.035726
0.021782
0.023637
0.025773
0.025139
0.025494
0.031860
0.026589
0.025954
0.025866
0.025711
0.028622
0.031529
0.030219
0.032328
0.031132
0.032320
0.034685
0.032325
0.033609
0.033299
0.035404
0.027890
0.012858
0.013582
0.027560
0.030438
0.018140
0.017165
0.029443
0.016818
0.018955
0.018399
0.018218
0.015537
0.022513
0.033982
0.024217
0.021336
0.020256
0.020821
0.025127
0.021034
0.023551
0.020805
0.017126
0.016926
0.018263
0.019062
0.017801
0.016708
0.017112
0.033501
0.020128
0.016827
0.011043
0.014111
0.013488
0.021114
0.013245
0.013294
0.014370
0.013724
0.013431
0.014980
0.017434
0.014691
0.030660
0.014729
0.031294
0.013484
0.013300
0.021397
0.018383
0.015664
0.016880
0.022329
0.016559
0.014738
0.032176
0.015316
0.011601
0.014620
0.021827
0.015199
0.026618
0.020957
0.025092
0.012739
0.020630
0.020740
0.021430
0.021468
0.012720
0.024673
0.012427
0.019639
0.013814
0.021637
0.022609
0.019260
0.015556
0.012461
0.013551
0.030626
0.015550
0.019340
0.016812
0.025107
0.023208
0.015885
0.015886
0.035698
0.017246
0.018274
0.017650
0.019738
0.022455
0.025690
0.034088
0.020836
0.017426
0.038596
0.020104
0.019360
0.017694
0.017693
0.020475
0.018533
0.017888
0.017838
0.018438
0.017680
0.036514
0.036634
0.017803
0.017277
0.017416
0.026752
0.035040
0.031127
0.038188
0.027014
0.026156
0.024446
0.015349
0.014899
0.032593
0.016123
0.016983
0.015189
0.020538
0.029173
0.015118
0.034985
0.014738
0.022022
0.026536
0.034597
0.027695
0.029683
0.042664
0.029928
0.029410
0.030408
0.021109
0.017263
0.015631
0.021018
0.023211
0.023948
0.025421
0.046046
0.028561
0.031367
0.031097
0.037662
0.018549
0.018795
0.020596
0.022911
0.018868
0.048744
0.038500
0.019649
0.018999
0.018904
0.020249
0.021068
0.018803
0.020463
0.018703
0.019377
0.034899
0.019762
0.017099
0.017490
0.021802
0.018865
0.017686
0.017430
0.017189
0.022647
0.018101
0.018448
0.019104
0.017201
0.016601
0.017752
0.022167
0.019075
0.019814
0.019294
0.015236
0.035159
0.027578
0.044659
0.022927
0.019245
0.018825
0.018123
0.022598
0.043471
0.029676
0.015039
0.014381
0.014966
0.016292
0.023584
0.023243
0.027545
0.033341
0.016169
0.014582
0.014382
0.014419
0.015513
0.014392
0.036849
0.023583
0.022986
0.021262
0.020780
0.020589
0.042280
0.020705
0.021068
0.021902
0.023337
0.025487
0.026185
0.023022
0.046434
0.024124
0.025620
0.023683
0.023504
0.025077
0.023211
0.022986
0.029788
0.023322
0.022963
0.022965
0.026624
0.023215
0.023111
0.023060
0.023842
0.028503
0.023866
0.023176
0.023254
0.024107
0.025126
0.023647
0.023833
0.023001
0.023513
0.025590
0.024130
0.023690
0.033133
0.042544
0.039180
0.025118
0.026875
0.027220
0.026035
0.026971
0.040920
0.022192
0.020753
0.021157
0.020796
0.020605
0.031679
0.034366
0.020624
0.020633
0.023773
0.020753
0.020548
0.020955
0.020521
0.020659
0.020792
0.025964
0.021323
0.021053
0.021956
0.020536
0.020550
0.021779
0.022232
0.021364
0.022931
0.020660
0.020546
0.020505
0.023432
0.021098
0.021616
0.020812
0.021386
0.026045
0.030103
0.020392
0.020692
0.020739
0.020550
0.021173
0.021698
0.024302
0.024587
0.022596
0.022662
0.022812
0.023421
0.022460
0.025466
0.022512
0.024758
0.023644
0.022803
0.022624
0.022686
0.025738
0.023242
0.023190
0.023533
0.024790
0.023345
0.022545
0.026290
0.024887
0.024590
0.022826
0.022392
0.024959
0.023652
0.022723
0.022812
0.023176
0.023280
0.022784
0.023353
0.028702
0.023746
0.023284
0.029127
0.028787
0.017352
0.018117
0.017587
0.022679
0.024200
0.018918
0.017183
0.019821
0.017145
0.017060
0.017015
0.017285
0.019246
0.017185
0.017174
0.027452
0.018335
0.018111
0.017597
0.017436
0.019524
0.017223
0.016914
0.017177
0.018688
0.019382
0.020452
0.022536
0.022759
0.028549
0.025699
0.027945
0.027733
0.028278
0.029634
0.029392
0.028592
0.033831
0.028104
0.034426
0.036205
0.030127
0.028612
0.027555
0.029750
0.028010
0.035801
0.027713
0.031659
0.041931
0.033450
0.028326
0.033485
0.029587
0.035353
0.028814
0.032339
0.031629
0.030627
0.030316
0.029957
0.029707
0.027744
0.034141
0.036703
0.035271
0.036125
0.035834
0.038062
0.042022
0.035923
0.035775
0.043579
0.036050
0.036806
0.037168
0.040268
0.036409
0.035668
0.038791
0.041199
0.036371
0.036984
0.038122
0.036073
0.038773
0.035774
0.047042
0.036328
0.037074
0.036604
0.039076
0.038737
0.039791
0.037932
0.040100
0.038365
0.041514
0.039773
0.038375
0.038760
0.039137
0.038426
0.041957
0.042250
0.038014
0.044706
0.040018
0.044038
0.038593
0.037940
0.041535
0.038099
0.038011
0.047358
0.051413
0.039491
0.040560
0.028170
0.030287
0.041655
0.039580
0.038654
0.038436
0.038947
0.039319
0.037993
0.030881
0.040610
0.044853
0.030909
0.030123
0.028931
0.040890
0.049426
0.034412
0.036895
0.038613
0.037073
0.037139
0.036439
0.043423
0.046665
0.054331
0.038112
0.037463
0.046752
0.048942
0.039701
0.037981
0.039619
0.039325
0.030251
0.038181
0.041594
0.039309
0.027555
0.039486
0.043090
0.020906
0.029617
0.029531
0.021782
0.025476
0.023994
0.031067
0.022869
0.027843
0.024652
0.024452
0.026835
0.026655
0.032471
0.025268
0.024430
0.024230
0.024228
0.025791
0.027352
0.024377
0.035251
0.034032
0.033648
0.040558
0.037271
0.035250
0.035125
0.039823
0.043308
0.037489
0.037596
0.038921
0.040451
0.040394
0.038820
0.037948
0.039362
0.037311
0.050295
0.039772
0.038451
0.038278
0.042348
0.036652
0.037202
0.040614
0.037734
0.032368
0.038144
0.040712
0.050600
0.057070
0.043231
0.044705
0.044181
0.046382
0.043258
0.046921
0.043576
0.043570
0.054214
0.051373
0.058722
0.044981
0.042527
0.031540
0.044487
0.042797
0.029241
0.024764
0.020794
0.022863
0.018737
0.022015
0.021855
0.026797
0.018699
0.028881
0.026015
0.024914
0.021591
0.025679
0.021749
0.022051
0.033869
0.034342
0.022817
0.021994
0.021840
0.023045
0.026151
0.024139
0.021703
0.021757
0.021875
0.021447
0.023774
0.024886
0.021873
0.021834
0.023993
0.023104
0.021573
0.021737
0.023296
0.029532
0.029544
0.023985
0.021618
0.027069
0.026172
0.033808
0.025825
0.032217
0.035425
0.038322
0.030187
0.032220
0.027891
0.034076
0.040160
0.030542
0.034677
0.029311
0.028749
0.029173
0.035243
0.040864
0.037938
0.036467
0.036504
0.036759
0.047026
0.031018
0.018724
0.016743
0.041746
0.016031
0.020388
0.016694
0.021277
0.020813
0.016131
0.020227
0.017894
0.023093
0.018306
0.018868
0.020865
0.016405
0.014931
0.016492
0.014372
0.014291
0.018665
0.016850
0.019621
0.017197
0.017329
0.016893
0.022548
0.023937
0.023681
0.024988
0.018628
0.027091
0.024796
0.027825
0.024850
0.031863
0.025638
0.026917
0.026948
0.026550
0.025213
0.035933
0.026274
0.025179
0.025076
0.028490
0.025429
0.025721
0.027102
0.029337
0.034363
0.028054
0.029452
0.027546
0.027220
0.037342
0.035004
0.029563
0.029436
0.022163
0.021958
0.024415
0.023823
0.027450
0.023603
0.025479
0.026922
0.029032
0.028220
0.027469
0.027899
0.027774
0.028255
0.031885
0.028781
0.028058
0.027776
0.028714
0.029088
0.030706
0.037124
0.028242
0.029210
0.041690
0.034825
0.034821
0.034108
0.035394
0.036607
0.035286
0.044562
0.037313
0.034087
0.034151
0.041875
0.034396
0.034226
0.036670
0.034470
0.037238
0.035611
0.035714
0.034928
0.034569
0.035898
0.049245
0.034346
0.035834
0.036191
0.033266
0.038213
0.029023
0.027856
0.032727
0.029440
0.032430
0.031208
0.021598
0.030622
0.030997
0.029030
0.030052
0.029103
0.030114
0.035098
0.035834
0.036871
0.043254
0.028902
0.022506
0.025327
0.025685
0.026873
0.024596
0.027247
0.028873
0.027983
0.027867
0.040741
0.034260
0.033244
0.028073
0.024107
0.025310
0.028449
0.030310
0.027570
0.027153
0.037081
0.032662
0.027255
0.029647
0.040778
0.027119
0.032086
0.029079
0.027667
0.027498
0.029400
0.033365
0.035541
0.029876
0.029818
0.030343
0.030156
0.031137
0.030969
0.031876
0.036683
0.038010
0.038891
0.036142
0.042479
0.047486
0.036068
0.036268
0.040906
0.035471
0.036157
0.038263
0.037152
0.026659
0.036643
0.026837
0.036314
0.036400
0.036552
0.037307
0.036254
0.037142
0.036813
0.037107
0.036956
0.037819
0.037991
0.043725
0.040756
0.038715
0.040256
0.038542
0.038062
0.046856
0.052157
0.042029
0.040560
0.040166
0.042618
0.043456
0.041694
0.040533
0.040176
0.043267
0.040685
0.040155
0.040793
0.042000
0.041160
0.040191
0.041173
0.042171
0.040244
0.039976
0.042710
0.034716
0.021972
0.033532
0.031433
0.031125
0.036363
0.031885
0.031229
0.034473
0.031607
0.033926
0.032821
0.031504
0.035713
0.031675
0.031062
0.032138
0.031650
0.033391
0.031705
0.032289
0.033239
0.037296
0.034876
0.033346
0.043596
0.033244
0.035495
0.033407
0.035814
0.033088
0.034842
0.036329
0.033676
0.033059
0.032911
0.034271
0.040695
0.038702
0.033360
0.035511
0.034136
0.033858
0.036524
0.033444
0.033802
0.033659
0.035571
0.033823
0.033731
0.034080
0.036464
0.037730
0.034751
0.035144
0.034402
0.034722
0.034869
0.033501
0.033406
0.034482
0.035094
0.033540
0.034468
0.033777
0.034195
0.034027
0.044834
0.044394
0.034765
0.032946
0.028875
0.024141
0.024239
0.033452
0.035633
0.024114
0.024226
0.033369
0.033185
0.024259
0.017327
0.012765
0.014350
0.024092
0.017385
0.050493
0.037926
0.037031
0.026879
0.029570
0.020216
0.023244
0.021162
0.020508
0.020216
0.020147
0.034730
0.027116
0.021026
0.020369
0.020246
0.037461
0.028592
0.031372
0.023019
0.012043
0.029911
0.032093
0.023094
0.024147
0.028208
0.029015
0.037138
0.039651
0.029253
0.029686
0.023977
0.026486
0.029724
0.026047
0.028849
0.026495
0.025576
0.025393
0.026642
0.026787
0.027019
0.029713
0.023469
0.027117
0.028390
0.025661
0.040079
0.041320
0.031811
0.029470
0.027228
0.027256
0.027057
0.028162
0.028456
0.029202
0.033029
0.032209
0.031807
0.035938
0.032521
0.031738
0.032969
0.031605
0.036610
0.034116
0.032103
0.031983
0.033406
0.032757
0.031913
0.032770
0.034208
0.032542
0.033219
0.034612
0.034206
0.034118
0.030925
0.031105
0.031616
0.030323
0.029956
0.029313
0.029003
0.034324
0.036137
0.031126
0.028022
0.031447
0.034341
0.033290
0.033546
0.034089
0.034929
0.031476
0.036600
0.051184
0.038888
0.029096
0.033471
0.038343
0.031525
0.031526
0.035368
0.032610
0.032277
0.033525
0.031816
0.033518
0.032119
0.030706
0.029763
0.036571
0.030460
0.021246
0.023120
0.025580
0.024059
0.028540
0.026441
0.027695
0.027919
0.029283
0.029076
0.027628
0.030088
0.027379
0.030242
0.029889
0.031728
0.038818
0.032143
0.030548
0.021923
0.021484
0.023654
0.023521
0.022306
0.030735
0.031983
0.026671
0.024891
0.023057
0.022992
0.029486
0.024926
0.023139
0.024096
0.030390
0.024282
0.024196
0.024442
0.023087
0.027480
0.025636
0.025088
0.023094
0.035331
0.027711
0.031420
0.023136
0.022966
0.024311
0.034189
0.024644
0.029613
0.024491
0.038453
0.035077
0.031354
0.031923
0.030117
0.030184
0.032721
0.035161
0.036798
0.035393
0.037749
0.035913
0.035975
0.035561
0.037968
0.037405
0.035707
0.036964
0.035952
0.035742
0.036279
0.042384
0.036140
0.036266
0.036429
0.041940
0.035719
0.036735
0.039139
0.035610
0.035937
0.035822
0.037234
0.037508
0.048212
0.038461
0.039531
0.038553
0.040685
0.045181
0.040070
0.038454
0.037914
0.038765
0.039672
0.038265
0.037959
0.050191
0.040126
0.045356
0.040901
0.046613
0.053589
0.032809
0.052870
0.047288
0.057844
0.047453
0.048666
0.042481
0.052729
0.054148
0.042604
0.037958
0.043699
0.039125
0.037216
0.042650
0.045727
0.038410
0.036874
0.036010
0.038877
0.035903
0.036963
0.036297
0.038558
0.036211
0.036278
0.036764
0.036136
0.036543
0.039374
0.025216
0.053056
0.034796
0.034611
0.034758
0.039427
0.037500
0.037154
0.029970
0.035940
0.037188
0.027792
0.017961
0.016709
0.030077
0.032072
0.032099
0.029674
0.024345
0.018821
0.016601
0.016790
0.019106
0.017851
0.028603
0.035908
0.037761
0.037264
0.040306
0.038677
0.031513
0.028324
0.024126
0.018618
0.018363
0.018070
0.026530
0.030434
0.028999
0.031105
0.035928
0.032523
0.032964
0.038693
0.031986
0.031948
0.035488
0.036514
0.033738
0.031725
0.033076
0.033698
0.030840
0.032947
0.025701
0.022034
0.027723
0.026273
0.018079
0.031436
0.015741
0.015644
0.022350
0.028485
0.029654
0.021238
0.017652
0.017911
0.022894
0.022413
0.025837
0.025396
0.026960
0.028078
0.025752
0.028308
0.026336
0.029218
0.029941
0.028577
0.025316
0.025259
0.027882
0.028261
0.027301
0.029408
0.026878
0.026457
0.025476
0.025219
0.029609
0.026309
0.026385
0.025959
0.031462
0.029682
0.031261
0.029349
0.029441
0.030710
0.034269
0.024442
0.027397
0.031210
0.029671
0.027504
0.027497
0.027437
0.027246
0.034055
0.027360
0.029550
0.027287
0.030542
0.032386
0.030357
0.033727
0.032038
0.039426
0.037700
0.042370
0.038704
0.036977
0.036150
0.038363
0.036024
0.044272
0.037047
0.036197
0.034702
0.035744
0.035765
0.033805
0.036703
0.034053
0.033732
0.027397
0.028892
0.027901
0.028155
0.029727
0.028839
0.030341
0.031453
0.028958
0.028000
0.027680
0.027558
0.029288
0.028537
0.030449
0.027910
0.029771
0.023573
0.020438
0.021744
0.022783
0.022637
0.018663
0.032464
0.026996
0.021404
0.022490
0.022156
0.023457
0.022978
0.025497
0.027301
0.026489
0.025576
0.026345
0.026644
0.025944
0.025774
0.025138
0.025166
0.027964
0.025377
0.025390
0.022074
0.019412
0.019269
0.025078
0.026477
0.027088
0.030978
0.029300
0.015864
0.033135
0.028929
0.030647
0.035107
0.023020
0.020789
0.024138
0.020966
0.020983
0.021814
0.024330
0.020766
0.020573
0.027045
0.027338
0.026387
0.030948
0.026082
0.026927
0.035794
0.026138
0.025974
0.027126
0.026609
0.027233
0.026184
0.043273
0.027286
0.025953
0.027121
0.030046
0.028854
0.028225
0.028098
0.029525
0.031904
0.031341
0.031618
0.032983
0.033738
0.034024
0.032030
0.044148
0.035131
0.035668
0.036780
0.037048
0.038346
0.043626
0.035314
0.025283
0.030361
0.034395
0.037082
0.035687
0.031926
0.040092
0.032967
0.034059
0.043211
0.035370
0.033992
0.027119
0.020066
0.021163
0.023702
0.014664
0.018514
0.024463
0.018834
0.017911
0.032258
0.018613
0.015211
0.014800
0.015002
0.015880
0.014331
0.019388
0.016978
0.016321
0.016683
0.015000
0.014859
0.015200
0.021090
0.026894
0.020893
0.019370
0.028200
0.024595
0.024399
0.023402
0.024326
0.028725
0.025218
0.025568
0.027207
0.025307
0.026500
0.027471
0.027145
0.028599
0.025543
0.025511
0.038258
0.026476
0.025799
0.025214
0.025431
0.025322
0.024326
0.023103
0.020424
0.020370
0.025234
0.020215
0.023226
0.020823
0.026243
0.021453
0.022485
0.020222
0.020044
0.020673
0.020670
0.017578
0.022979
0.033558
0.031574
0.029107
0.033713
0.026322
0.027861
0.023560
0.025371
0.029299
0.029058
0.035345
0.018341
0.015584
0.014976
0.017109
0.017828
0.023181
0.015501
0.015350
0.019310
0.020150
0.016152
0.016856
0.015778
0.015596
0.015493
0.015838
0.017385
0.017385
0.015193
0.029197
0.018149
0.020628
0.025690
0.019880
0.022136
0.025765
0.018175
0.020871
0.025062
0.017822
0.026697
0.021817
0.027128
0.018567
0.024089
0.037583
0.020289
0.027396
0.024433
0.025295
0.023433
0.036379
0.031320
0.038062
0.032158
0.030678
0.036258
0.047456
0.043480
0.044529
0.032541
0.045287
0.029200
0.031411
0.025939
0.025326
0.019111
0.024390
0.019041
0.021805
0.020215
0.018005
0.021772
0.030225
0.018457
0.020279
0.022870
0.025523
0.024537
0.021551
0.021693
0.022597
0.022101
0.023256
0.022399
0.023982
0.021725
0.027064
0.029957
0.024105
0.021815
0.021778
0.024585
0.024542
0.026040
0.022832
0.021540
0.028077
0.022718
0.022966
0.024948
0.036750
0.027403
0.021885
0.025268
0.021662
0.023585
0.021997
0.026810
0.022883
0.023929
0.022521
0.030663
0.038653
0.033074
0.030430
0.034395
0.023890
0.024863
0.026952
0.027206
0.024933
0.024781
0.037763
0.035475
0.028271
0.024709
0.032513
0.030560
0.035988
0.042213
0.039576
0.031005
0.024274
0.023494
0.031582
0.031194
0.043351
0.034526
0.031716
0.031223
0.023686
0.022768
0.022579
0.023912
0.026312
0.026200
0.025643
0.027578
0.027536
0.027105
0.026901
0.030367
0.027394
0.028042
0.023987
0.029388
0.028289
0.027281
0.021697
0.032304
0.018522
0.016269
0.016354
0.017426
0.016273
0.015927
0.016451
0.019429
0.018609
0.020279
0.017924
0.018083
0.020443
0.020404
0.018218
0.020515
0.017919
0.018778
0.022374
0.019336
0.018006
0.019705
0.018014
0.017854
0.018180
0.018764
0.020250
0.018996
0.018005
0.017987
0.018561
0.021080
0.021193
0.020805
0.020118
0.023654
0.021887
0.020850
0.021795
0.020724
0.020519
0.021419
0.022676
0.024763
0.021718
0.024534
0.022061
0.024738
0.022363
0.023370
0.020099
0.021289
0.033760
0.020050
0.019530
0.021149
0.021397
0.020227
0.018442
0.018633
0.023695
0.035134
0.024883
0.024629
0.027320
0.032700
0.028545
0.028500
0.029735
0.029436
0.041979
0.029722
0.029689
0.029817
0.032937
0.029976
0.034326
0.034780
0.033839
0.032483
0.037702
0.033357
0.032831
0.032149
