0.560659
0.033229
0.034879
0.033029
0.041928
0.049509
0.031923
0.031733
0.033691
0.034440
0.033302
0.032797
0.034803
0.034641
0.035658
0.032577
0.032164
0.031710
0.027923
0.041813
0.035438
0.033962
0.032137
0.050062
0.033636
0.052885
0.032273
0.037273
0.037573
0.030265
0.039920
0.036779
0.064411
0.027935
0.029787
0.038919
0.039889
0.045586
0.049078
0.037856
0.019893
0.025610
0.037476
0.042318
0.029316
0.033159
0.033810
0.033787
0.032000
0.031600
0.036314
0.032428
0.035623
0.031819
0.033088
0.035702
0.032533
0.032226
0.031979
0.035017
0.034939
0.031735
0.031673
0.035702
0.031640
0.020622
0.021744
0.021881
0.032552
0.034915
0.035225
0.043884
0.038402
0.047912
0.037513
0.038404
0.038267
0.037324
0.037209
0.040189
0.042397
0.050310
0.053767
0.046488
0.042452
0.035764
0.033180
0.031807
0.035799
0.046873
0.038314
0.035752
0.036660
0.037356
0.036464
0.036165
0.038185
0.038525
0.039736
0.041176
0.040208
0.037154
0.047293
0.038179
0.040868
0.037837
0.039998
0.026580
0.039268
0.038293
0.030201
0.023853
0.043098
0.028996
0.028992
0.030982
0.029690
0.041713
0.028919
0.045508
0.042321
0.042700
0.043043
0.044240
0.039735
0.031077
0.030841
0.032458
0.031594
0.034057
0.033191
0.034560
0.033292
0.033016
0.032618
0.028619
0.021294
0.026551
0.027898
0.024491
0.031886
0.034999
0.030122
0.025616
0.025322
0.027735
0.025228
0.026476
0.028092
0.038538
0.036053
0.035653
0.040196
0.025741
0.024959
0.025784
0.030654
0.025186
0.021326
0.032517
0.032872
0.031476
0.036287
0.040066
0.039655
0.042158
0.036055
0.046825
0.043212
0.041883
0.040894
0.043337
0.039634
0.041696
0.036445
0.032819
0.032869
0.035373
0.034714
0.042038
0.032130
0.037718
0.034030
0.032918
0.037401
0.033396
0.039352
0.040857
0.040158
0.034018
0.035968
0.035484
0.038476
0.036012
0.038106
0.034974
0.041121
0.037401
0.049029
0.038439
0.040400
0.042526
0.038875
0.026681
0.027728
0.032407
0.032777
0.028138
0.028162
0.040902
0.041567
0.038959
0.038343
0.038514
0.042240
0.040143
0.038085
0.034184
0.031899
0.033126
0.033328
0.024608
0.033554
0.022756
0.025122
0.037646
0.029565
0.028576
0.021617
0.020367
0.029075
0.029199
0.019162
0.022228
0.020718
0.019748
0.023312
0.039787
0.033059
0.044876
0.054251
0.033522
0.037842
0.029341
0.044720
0.045697
0.042472
0.035191
0.024566
0.043580
0.016407
0.016625
0.018810
0.018043
0.016352
0.020772
0.018451
0.016565
0.016532
0.016303
0.016500
0.017031
0.017069
0.018533
0.019618
0.020627
0.019844
0.019750
0.019632
0.019455
0.025136
0.024808
0.021036
0.023861
0.024791
0.022267
0.022719
0.031249
0.023563
0.023884
0.017884
0.018157
0.018322
0.022768
0.020165
0.018283
0.022649
0.018172
0.019258
0.026753
0.025959
0.018970
0.019927
0.019454
0.017276
0.038826
0.032225
0.031799
0.029911
0.032487
0.033281
0.021512
0.022285
0.023871
0.022253
0.028374
0.038579
0.022384
0.022376
0.022505
0.022504
0.027589
0.028709
0.024682
0.022382
0.035156
0.022386
0.023341
0.025161
0.022577
0.024680
0.022293
0.022549
0.022987
0.023254
0.023417
0.022354
0.022162
0.022119
0.031562
0.023870
0.026615
0.026212
0.025102
0.035293
0.044770
0.041715
0.045947
0.027344
0.025229
0.027943
0.025504
0.024939
0.026154
0.041065
0.047058
0.029537
0.028795
0.019325
0.021843
0.030070
0.022545
0.020438
0.025567
0.026379
0.030779
0.030901
0.020321
0.025334
0.023130
0.020919
0.026259
0.027035
0.030443
0.020681
0.038109
0.043398
0.044489
0.045423
0.043900
0.043378
0.042643
0.036752
0.035982
0.037894
0.036916
0.030511
0.028102
0.031732
0.033444
0.033434
0.031195
0.043015
0.030809
0.031493
0.033777
0.030979
0.036438
0.027240
0.023397
0.025390
0.022385
0.023738
0.025797
0.021914
0.014529
0.016249
0.015406
0.016357
0.014061
0.016276
0.014039
0.017668
0.015172
0.014635
0.014060
0.020567
0.017448
0.018715
0.016460
0.016922
0.018004
0.016449
0.016464
0.016374
0.017946
0.019337
0.016614
0.026754
0.030080
0.020413
0.020886
0.020319
0.024310
0.022729
0.036441
0.031525
0.033890
0.030785
0.028992
0.039113
0.032449
0.026311
0.017834
0.018742
0.019848
0.018323
0.019872
0.025009
0.020658
0.020270
0.027344
0.024337
0.033900
0.025228
0.016950
0.024914
0.035176
0.027784
0.019503
0.022667
0.022489
0.019534
0.021127
0.021671
0.033418
0.020810
0.025168
0.030249
0.026202
0.021770
0.020698
0.024052
0.045756
0.031103
0.032119
0.034833
0.028765
0.025473
0.016786
0.032637
0.017285
0.018677
0.023118
0.019617
0.021495
0.019547
0.019448
0.018752
0.017540
0.019973
0.018906
0.022620
0.025088
0.025682
0.025600
0.025089
0.024790
0.027144
0.028326
0.026448
0.026306
0.027401
0.027709
0.030144
0.029634
0.027401
0.027868
0.027745
0.015327
0.015600
0.018445
0.019243
0.017204
0.018222
0.018516
0.019560
0.017859
0.017942
0.017580
0.021005
0.018002
0.019709
0.028349
0.031901
0.031014
0.029253
0.029865
0.023068
0.032072
0.031825
0.031016
0.033038
0.035401
0.033612
0.033486
0.035306
0.045410
0.034311
0.033418
0.036456
0.034620
0.028456
0.038452
0.030476
0.026382
0.027177
0.026196
0.029374
0.028592
0.028939
0.033951
0.035070
0.035608
0.034032
0.034144
0.034038
0.036855
0.037301
0.036342
0.035646
0.036638
0.036150
0.038468
0.040757
0.036336
0.037876
0.036566
0.036983
0.044991
0.042824
0.035920
0.038456
0.038087
0.032051
0.037980
0.033751
0.038206
0.034555
0.036027
0.033229
0.036171
0.034685
0.033096
0.041156
0.043677
0.060267
0.040099
0.033027
0.038974
0.033181
0.034234
0.033003
0.036185
0.035383
0.039983
0.037177
0.045228
0.040468
0.039851
0.041130
0.043494
0.040099
0.041784
0.040602
0.062394
0.042632
0.045627
0.067542
0.042063
0.050879
0.042314
0.043816
0.042805
0.036776
0.050205
0.026440
0.049956
0.036935
0.049820
0.033370
0.035266
0.035298
0.033742
0.039160
0.024694
0.029502
0.030428
0.039502
0.032303
0.033433
0.033790
0.032586
0.031665
0.037919
0.034534
0.035803
0.029805
0.041311
0.035790
0.037029
0.033817
0.035346
0.037531
0.043473
0.038317
0.040706
0.044982
0.036284
0.036399
0.037724
0.036933
0.048814
0.044616
0.040613
0.040144
0.036483
0.037964
0.039886
0.039952
0.036572
0.039737
0.037296
0.037668
0.041687
0.043981
0.037823
0.044866
0.025824
0.029748
0.031311
0.030278
0.031797
0.032002
0.033087
0.032981
0.032442
0.033409
0.029207
0.031359
0.028144
0.034630
0.043357
0.032055
0.039033
0.032613
0.033449
0.042400
0.039701
0.042577
0.042376
0.039407
0.049650
0.043910
0.043888
0.051693
0.042548
0.029709
0.029756
0.029306
0.028639
0.032724
0.028837
0.028696
0.038523
0.028997
0.029841
0.030175
0.029890
0.028653
0.029406
0.039022
0.029132
0.028836
0.033229
0.029254
0.042099
0.043619
0.036211
0.034332
0.033482
0.029059
0.073774
0.052073
0.030816
0.043862
0.065000
0.045953
0.063601
0.046715
0.036794
0.055050
0.042032
0.039603
0.037400
0.041681
0.036649
0.039912
0.037292
0.039447
0.037294
0.039965
0.053681
0.035905
0.036926
0.027774
0.027318
0.026567
0.040231
0.044572
0.042367
0.044257
0.032898
0.031678
0.048592
0.046133
0.047115
0.046352
0.046077
0.049710
0.046295
0.046286
0.048999
0.046745
0.044759
0.048801
0.049769
0.045970
0.045705
0.033712
0.046848
0.045877
0.035735
0.045693
0.046843
0.031691
0.032060
0.031648
0.051362
0.045571
0.051133
0.046076
0.047172
0.047867
0.047816
0.048814
0.050165
0.046691
0.046178
0.045705
0.031412
0.040070
0.035119
0.039195
0.047007
0.042349
0.043218
0.041844
0.044389
0.054043
0.041893
0.028148
0.055744
0.045985
0.042927
0.040904
0.048867
0.042676
0.045513
0.041630
0.040007
0.042942
0.047801
0.040766
0.046469
0.027769
0.027534
0.049045
0.040524
0.040470
0.041782
0.027817
0.027642
0.042739
0.041310
0.040616
0.040540
0.040620
0.040122
0.041531
0.038132
0.035937
0.034858
0.034545
0.033794
0.037814
0.036299
0.056412
0.042045
0.041018
0.041937
0.040080
0.040183
0.039761
0.041446
0.042656
0.028933
0.031659
0.035290
0.037357
0.037165
0.036951
0.036787
0.037374
0.038611
0.036613
0.038681
0.031484
0.034846
0.041000
0.038014
0.038684
0.038397
0.037523
0.039838
0.042896
0.039872
0.037795
0.064123
0.037597
0.038061
0.040143
0.037913
0.037971
0.039485
0.038422
0.038734
0.044523
0.039587
0.043846
0.041859
0.048783
0.037964
0.039517
0.039089
0.040795
0.038614
0.041667
0.039096
0.038519
0.038300
0.027474
0.038360
0.030082
0.039417
0.041361
0.039419
0.038048
0.038331
0.037663
0.038057
0.042485
0.041215
0.050473
0.037878
0.042447
0.038042
0.037810
0.053581
0.036440
0.036053
0.034940
0.040669
0.035265
0.037397
0.036600
0.041698
0.039545
0.041125
0.040777
0.042223
0.038963
0.051157
0.051788
0.047544
0.054842
0.046984
0.048558
0.046417
0.048467
0.046342
0.044369
0.047565
0.046199
0.052627
0.044927
0.049733
0.044120
0.055517
0.055130
0.061412
0.045360
0.060732
0.043972
0.044403
0.045582
0.044021
0.043842
0.043770
0.049947
0.044341
0.057771
0.044706
0.043733
0.048627
0.046553
0.048266
0.045825
0.031433
0.030320
0.044109
0.044553
0.045046
0.047560
0.043886
0.032746
0.031463
0.047046
0.038163
0.030718
0.043809
0.044287
0.046699
0.044790
0.030375
0.030190
0.045475
0.045718
0.045181
0.044837
0.045510
0.049039
0.031217
0.030479
0.043005
0.028777
0.029578
0.035974
0.048278
0.029802
0.029279
0.030487
0.043462
0.029347
0.042567
0.050016
0.045086
0.050044
0.045023
0.044280
0.048970
0.043463
0.043705
0.042847
0.043628
0.042457
0.044460
0.042654
0.042786
0.044434
0.045836
0.039111
0.029510
0.045079
0.042449
0.045535
0.042742
0.030681
0.029265
0.032253
0.029433
0.029811
0.029695
0.025627
0.028869
0.028025
0.027788
0.032363
0.029023
0.046604
0.040941
0.040899
0.042720
0.040108
0.066337
0.039933
0.040056
0.044961
0.041674
0.055149
0.047957
0.040768
0.029095
0.028933
0.028328
0.018595
0.015078
0.014302
0.015517
0.015810
0.014580
0.014430
0.021250
0.018138
0.019214
0.018320
0.017392
0.017842
0.017452
0.020195
0.016750
0.020750
0.016700
0.019493
0.024265
0.032531
0.019227
0.016691
0.018054
0.016727
0.019778
0.025106
0.023466
0.017349
0.030947
0.019244
0.022386
0.016814
0.028937
0.032416
0.026203
0.023365
0.018565
0.019444
0.021611
0.021554
0.014835
0.019522
0.015108
0.016488
0.017678
0.015373
0.023196
0.021651
0.024641
0.023281
0.031350
0.022112
0.038038
0.028630
0.022700
0.024242
0.021824
0.015190
0.022508
0.021974
0.021606
0.023410
0.015901
0.024575
0.015207
0.027012
0.022108
0.024237
0.023253
0.022057
0.022375
0.021808
0.026814
0.030912
0.017899
0.023798
0.021292
0.018978
0.019783
0.027043
0.020182
0.034634
0.021600
0.022291
0.027967
0.029408
0.034614
0.032076
0.030281
0.030829
0.020704
0.022335
0.032144
0.020725
0.021775
0.020663
0.034516
0.022281
0.022815
0.022453
0.023673
0.041464
0.032115
0.035914
0.038815
0.045610
0.050312
0.029642
0.031253
0.045614
0.034641
0.038286
0.019051
0.019508
0.019395
0.020011
0.031244
0.028872
0.019778
0.020028
0.030905
0.029370
0.031826
0.027805
0.020871
0.020518
0.019199
0.030239
0.029596
0.019368
0.030812
0.022792
0.028881
0.022496
0.024075
0.023590
0.024197
0.022092
0.022048
0.025440
0.024702
0.024086
0.023626
0.029090
0.025173
0.024321
0.036900
0.035297
0.027943
0.027911
0.023561
0.025443
0.026605
0.023700
0.023890
0.023433
0.025263
0.036851
0.034944
0.037009
0.027624
0.038291
0.046381
0.056902
0.051092
0.041087
0.035763
0.034889
0.040342
0.037608
0.037939
0.035403
0.034796
0.037989
0.035628
0.036062
0.037408
0.037531
0.038091
0.040843
0.028828
0.046291
0.045135
0.039812
0.042949
0.041742
0.032057
0.041274
0.045528
0.040447
0.045466
0.048080
0.046213
0.049171
0.042295
0.046460
0.044553
0.048026
0.044029
0.044620
0.041131
0.029252
0.043820
0.038062
0.037603
0.038567
0.038263
0.038137
0.032201
0.032808
0.028255
0.031822
0.037330
0.029690
0.028087
0.031504
0.034656
0.027974
0.028955
0.029020
0.026574
0.037101
0.033999
0.028427
0.033075
0.029396
0.031338
0.030916
0.037924
0.036666
0.035231
0.033698
0.034534
0.027279
0.026937
0.028834
0.040437
0.027385
0.038753
0.034223
0.027674
0.027429
0.028254
0.032819
0.029547
0.028124
0.029243
0.028029
0.035443
0.030222
0.030348
0.029071
0.030963
0.029519
0.029627
0.033456
0.028131
0.032404
0.030113
0.030269
0.028833
0.028087
0.034713
0.031405
0.033892
0.031582
0.030496
0.033840
0.033715
0.033861
0.038309
0.034697
0.035137
0.032921
0.032613
0.034936
0.036361
0.033149
0.036882
0.035624
0.035752
0.036195
0.036029
0.038356
0.034019
0.038803
0.037175
0.037056
0.042971
0.047402
0.038584
0.039440
0.063831
0.056892
0.050618
0.048792
0.024873
0.033737
0.035488
0.042223
0.038089
0.035184
0.026792
0.020833
0.019020
0.019602
0.024904
0.024437
0.024792
0.024125
0.028862
0.027423
0.035443
0.026562
0.033066
0.027259
0.028275
0.038575
0.027457
0.024124
0.023920
0.034111
0.024843
0.028019
0.028953
0.029398
0.032830
0.025395
0.028713
0.027270
0.027969
0.030663
0.026309
0.029772
0.028395
0.029992
0.027720
0.027854
0.034581
0.031738
0.034673
0.032036
0.031063
0.029781
0.034913
0.038407
0.032576
0.030910
0.029958
0.030380
0.030417
0.033209
0.038023
0.034204
0.034652
0.034488
0.040528
0.043342
0.041464
0.033907
0.036421
0.043281
0.035788
0.044295
0.037359
0.037951
0.038499
0.035979
0.036526
0.046885
0.039768
0.036016
0.038502
0.038418
0.038916
0.036863
0.039330
0.044433
0.035821
0.038981
0.042394
0.047824
0.035860
0.039164
0.037062
0.036644
0.036817
0.050912
0.039132
0.035991
0.037703
0.036795
0.036742
0.038173
0.037501
0.038525
0.037629
0.052874
0.043423
0.045537
0.044202
0.044586
0.043689
0.048253
0.044400
0.047364
0.044649
0.045940
0.044477
0.043823
0.055744
0.046461
0.051875
0.041889
0.040219
0.042400
0.041532
0.042389
0.045516
0.052768
0.047630
0.050839
0.042961
0.042553
0.039337
0.040852
0.044144
0.043495
0.048141
0.043517
0.045819
0.046796
0.044245
0.044702
0.043458
0.045435
0.044738
0.045529
0.048197
0.045474
0.049588
0.047498
0.049432
0.047847
0.047679
0.046789
0.044806
0.047116
0.050286
0.048628
0.047325
0.048238
0.047972
0.047119
0.047777
0.047872
0.046527
0.048980
0.050264
0.046718
0.048951
0.048271
0.049831
0.050196
0.048461
0.055206
0.046575
0.047554
0.050219
0.048337
0.047420
0.047637
0.048252
0.047914
0.047780
0.051668
0.046820
0.053582
0.065825
0.068296
0.048794
0.047679
0.057665
0.069340
0.052733
0.043685
0.045352
0.046945
0.048851
0.046845
0.048200
0.046287
0.049177
0.049148
0.048753
0.045001
0.048736
0.046820
0.047750
0.046002
0.048163
0.045114
0.050724
0.045997
0.046228
0.048759
0.048912
0.045405
0.050424
0.042321
0.042685
0.042575
0.043817
0.042104
0.042023
0.042117
0.042673
0.041582
0.042491
0.052710
0.054947
0.058659
0.051067
0.041981
0.044158
0.040392
0.041734
0.031432
0.049915
0.023569
0.032882
0.044896
0.045470
0.044320
0.038438
0.044458
0.057159
0.031160
0.043675
0.042779
0.031632
0.043220
0.043559
0.031348
0.031542
0.040021
0.037135
0.039366
0.040289
0.045749
0.043576
0.045075
0.039962
0.041356
0.040930
0.042006
0.041490
0.041333
0.046642
0.040755
0.041345
0.051579
0.046505
0.043761
0.043413
0.045330
0.044422
0.043879
0.051105
0.043756
0.051022
0.039134
0.047573
0.042738
0.031732
0.035031
0.035077
0.039215
0.040262
0.040458
0.040551
0.047440
0.042198
0.047398
0.042113
0.048966
0.041855
0.042305
0.045687
0.030035
0.047919
0.044077
0.033463
0.044145
0.043431
0.052706
0.042200
0.045787
0.031183
0.042951
0.032612
0.028750
0.030076
0.035237
0.032235
0.032820
0.048771
0.031394
0.034083
0.047424
0.048727
0.048178
0.047003
0.051249
0.048254
0.047553
0.048323
0.053291
0.035154
0.046650
0.046852
0.046043
0.048931
0.047365
0.032562
0.046288
0.049442
0.031697
0.048442
0.046223
0.047291
0.046796
0.050870
0.055115
0.068699
0.046563
0.043656
0.047524
0.048091
0.051265
0.046027
0.049337
0.045731
0.049471
0.045901
0.048663
0.055287
0.051050
0.046314
0.045475
0.053573
0.045270
0.045875
0.050991
0.046777
0.047861
0.046894
0.047205
0.046959
0.046072
0.045704
0.046139
0.054798
0.052933
0.046530
0.049873
0.046087
0.049376
0.045822
0.048275
0.047386
0.048524
0.047894
0.049066
0.045573
0.047235
0.047296
0.046205
0.051971
0.046830
0.046609
0.048270
0.046934
0.046187
0.046724
0.047477
0.047438
0.045970
0.046846
0.048570
0.046573
0.046453
0.047495
0.046808
0.046167
0.046016
0.048636
0.046287
0.049914
0.040659
0.031770
0.034941
0.049285
0.048908
0.045991
0.049146
0.045781
0.048176
0.049215
0.047489
0.052294
0.046525
0.048818
0.046736
0.045769
0.049305
0.045599
0.050357
0.046044
0.031603
0.031913
0.030587
0.046267
0.046386
0.049570
0.045950
0.045634
0.032198
0.048501
0.040684
0.039929
0.042067
0.042238
0.029162
0.031424
0.050246
0.046129
0.045336
0.046117
0.048918
0.046230
0.045881
0.049510
0.045705
0.058036
0.061738
0.050041
0.055327
0.049369
0.048734
0.048981
0.048057
0.046454
0.046951
0.046571
0.045963
0.050353
0.046683
0.046795
0.042727
0.041571
0.045704
0.032364
0.040238
0.049285
0.046074
0.045485
0.050198
0.046260
0.046714
0.046293
0.045757
0.048170
0.048348
0.045910
0.048022
0.047346
0.045634
0.046306
0.045767
0.048429
0.046193
0.046274
0.048460
0.045486
0.048740
0.046130
0.047338
0.050508
0.047063
0.046071
0.048264
0.045979
0.046078
0.046928
0.045971
0.048317
0.045882
0.046002
0.048081
0.045989
0.050163
0.047067
0.045870
0.048765
0.045852
0.046666
0.048618
0.045918
0.046717
0.046845
0.048985
0.046289
0.046480
0.045891
0.055446
0.051144
0.045876
0.069349
0.052988
0.045898
0.047910
0.046184
0.046398
0.050968
0.046418
0.064697
0.049878
0.049715
0.051953
0.047855
0.046076
0.049945
0.045989
0.046828
0.049307
0.030791
0.037087
0.036381
0.044137
0.042589
0.042599
0.043939
0.042495
0.042649
0.044487
0.057047
0.043923
0.045019
0.058101
0.042446
0.047076
0.042847
0.042462
0.046512
0.046051
0.045979
0.047388
0.045678
0.048588
0.049202
0.046123
0.046644
0.054437
0.048702
0.046593
0.046714
0.046379
0.048049
0.046797
0.049009
0.045957
0.046189
0.051528
0.044673
0.042693
0.045744
0.046448
0.048381
0.045925
0.045846
0.047043
0.049118
0.049006
0.046760
0.045686
0.047379
0.046447
0.046091
0.046081
0.045830
0.047828
0.039782
0.050026
0.046529
0.046841
0.045868
0.048383
0.047318
0.047831
0.046990
0.046105
0.051723
0.046277
0.046310
0.048790
0.046722
0.046786
0.047410
0.046798
0.048530
0.046320
0.048334
0.045970
0.051678
0.046247
0.049535
0.046388
0.046343
0.049224
0.049421
0.052192
0.047443
0.048247
0.045919
0.049301
0.045667
0.047300
0.047882
0.047632
0.045776
0.046932
0.046305
0.046905
0.045897
0.050299
0.038515
0.044975
0.057439
0.045615
0.042848
0.043048
0.042571
0.045872
0.058288
0.045201
0.047606
0.046505
0.045931
0.049150
0.046125
0.045586
0.048824
0.046286
0.044966
0.046980
0.045641
0.040917
0.043241
0.043150
0.039951
0.042536
0.044104
0.029095
0.048536
0.030213
0.043676
0.046741
0.045869
0.044035
0.047482
0.045897
0.045939
0.048635
0.046288
0.045377
0.048014
0.035918
0.035332
0.038046
0.036799
0.039803
0.038236
0.041517
0.038613
0.038183
0.039358
0.032663
0.035892
0.034351
0.038239
0.044264
0.042964
0.030607
0.033098
0.033001
0.033086
0.033738
0.034984
0.038543
0.037979
0.053669
0.058244
0.042510
0.044172
0.035873
0.035643
0.057880
0.031720
0.057516
0.044484
0.049870
0.030867
0.038197
0.064331
0.044928
0.038297
0.064782
0.054504
0.037105
0.049865
0.065388
0.040393
0.055436
0.067917
0.045669
0.037250
0.039719
0.041034
0.039017
0.040272
0.043616
0.041902
0.043187
0.041282
0.040961
0.039811
0.039793
0.033755
0.039425
0.035093
0.034687
0.035166
0.041520
0.035011
0.038352
0.035793
0.034580
0.044159
0.025773
0.023991
0.026348
0.024123
0.023992
0.028480
0.025468
0.025484
0.026052
0.025765
0.025612
0.026555
0.021436
0.026377
0.026120
0.025620
0.042924
0.039519
0.033189
0.031528
0.031639
0.036208
0.038428
0.038441
0.036942
0.025956
0.027958
0.027698
0.032436
0.030237
0.029076
0.027940
0.031023
0.038136
0.040898
0.029974
0.028795
0.029917
0.029174
0.030103
0.028784
0.027756
0.031960
0.028657
0.028105
0.034491
0.028666
0.033771
0.033161
0.029117
0.030572
0.028559
0.030282
0.027866
0.031363
0.036502
0.029075
0.027885
0.019926
0.025001
0.022784
0.022400
0.025538
0.023964
0.022494
0.023009
0.026879
0.022498
0.025429
0.034056
0.027237
0.029724
0.025739
0.028686
0.024873
0.024569
0.022905
0.012883
0.024629
0.027869
0.028213
0.032831
0.028831
0.041758
0.027605
0.035101
0.016162
0.018169
0.019410
0.016984
0.013710
0.018557
0.019987
0.017154
0.014548
0.014465
0.021403
0.016675
0.025762
0.023487
0.024012
0.027303
0.026169
0.023690
0.035658
0.043725
0.045182
0.023971
0.023546
0.029745
0.024274
0.025362
0.041456
0.040084
0.040652
0.042529
0.039090
0.028510
0.028488
0.031095
0.032458
0.033796
0.029338
0.032526
0.033732
0.031422
0.029426
0.034980
0.032671
0.033600
0.040702
0.029201
0.027541
0.029438
0.029957
0.035099
0.033024
0.029559
0.042609
0.031924
0.031553
0.031238
0.029603
0.051692
0.033073
0.031731
0.030493
0.034327
0.033415
0.032130
0.025346
0.024044
0.025022
0.027256
0.027957
0.026175
0.022491
0.039143
0.034734
0.038537
0.033096
0.022389
0.016442
0.015214
0.015053
0.025155
0.024296
0.019665
0.026143
0.028828
0.030542
0.029742
0.026859
0.030805
0.028334
0.029144
0.031891
0.029706
0.043179
0.034704
0.030469
0.029905
0.030094
0.030960
0.029845
0.030076
0.029659
0.036992
0.029861
0.029681
0.030589
0.030226
0.030298
0.049850
0.039971
0.041263
0.042284
0.046584
0.046214
0.033850
0.035897
0.031821
0.032699
0.036593
0.033056
0.031734
0.033211
0.032360
0.039184
0.047362
0.035851
0.034136
0.033642
0.033801
0.032401
0.027447
0.031501
0.034304
0.035877
0.041376
0.039559
0.041179
0.040621
0.038804
0.044142
0.042081
0.054443
0.043492
0.044751
0.028165
0.033637
0.029670
0.031236
0.033563
0.032565
0.031467
0.030693
0.029061
0.027768
0.030737
0.030449
0.036729
0.031880
0.030789
0.037925
0.034687
0.034539
0.037118
0.037840
0.036439
0.027161
0.039209
0.039853
0.031985
0.024972
0.027577
0.029197
0.027963
0.027607
0.026837
0.028580
0.032156
0.028341
0.026942
0.026670
0.027720
0.027408
0.026597
0.026157
0.031377
0.027542
0.026978
0.028816
0.036406
0.030730
0.029959
0.037259
0.033322
0.029974
0.029958
0.038772
0.030353
0.030775
0.029958
0.032538
0.033199
0.030586
0.030260
0.032441
0.030708
0.027101
0.027971
0.029246
0.026710
0.028552
0.026982
0.027289
0.028461
0.030157
0.028751
0.031590
0.030704
0.030426
0.029514
0.030896
0.031431
0.030303
0.029543
0.031186
0.029211
0.032834
0.032192
0.031680
0.023813
0.027790
0.029901
0.031012
0.052522
0.041055
0.035645
0.036486
0.035483
0.033186
0.038380
0.036463
0.026823
0.030558
0.026177
0.026293
0.026230
0.026770
0.031435
0.027690
0.025689
0.028970
0.026911
0.027030
0.026067
0.027223
0.026710
0.027096
0.026891
0.034648
0.026394
0.025860
0.029218
0.030603
0.028407
0.028431
0.029933
0.031410
0.028418
0.028287
0.030929
0.028499
0.029540
0.028509
0.029051
0.027999
0.034161
0.028941
0.028596
0.028610
0.029210
0.033846
0.028121
0.033789
0.033011
0.032155
0.035373
0.036681
0.032874
0.032142
0.033978
0.033570
0.026657
0.035510
0.033822
0.033293
0.033659
0.034680
0.034422
0.048245
0.046602
0.044082
0.033823
0.031619
0.044058
0.047298
0.033643
0.041671
0.033947
0.034978
0.035227
0.033745
0.033354
0.036984
0.032888
0.036446
0.032971
0.041523
0.059343
0.036392
0.033532
0.033538
0.032481
0.036602
0.035019
0.035852
0.034464
0.033236
0.032884
0.032851
0.034227
0.034492
0.044750
0.050646
0.036000
0.035599
0.039865
0.040509
0.037682
0.039371
0.050234
0.054988
0.038728
0.040006
0.045831
0.034574
0.034827
0.043081
0.036839
0.036376
0.038152
0.040189
0.037193
0.037384
0.037069
0.036489
0.038313
0.039423
0.040023
0.052674
0.037706
0.028575
0.028705
0.026645
0.042434
0.029675
0.029219
0.026466
0.028597
0.029673
0.030814
0.027963
0.028779
0.030028
0.038665
0.032605
0.034015
0.030838
0.032450
0.040019
0.030543
0.030344
0.038694
0.042539
0.049037
0.039219
0.032518
0.037153
0.032467
0.033176
0.044002
0.033864
0.032450
0.034874
0.045126
0.045771
0.035153
0.032762
0.036360
0.034158
0.034147
0.038106
0.038027
0.034536
0.036085
0.043205
0.039827
0.038777
0.039688
0.038415
0.048018
0.054348
0.038770
0.038056
0.040623
0.048274
0.050626
0.040991
0.037655
0.045321
0.049875
0.042997
0.038272
0.039576
0.040637
0.039709
0.038188
0.028626
0.021388
0.028059
0.030689
0.029557
0.030099
0.031223
0.031331
0.029715
0.039683
0.032033
0.041874
0.033999
0.033745
0.038100
0.034264
0.037283
0.045142
0.038043
0.036381
0.037805
0.037509
0.028048
0.024815
0.027555
0.031002
0.023927
0.031292
