1
615.0000,304.5000,50.0000,111.0000
615.0000,304.5000,50.0000,111.0000
615.0000,304.5000,50.0000,111.0000
615.0000,304.5000,50.0000,111.0000
615.0000,304.5000,50.0000,111.0000
615.0000,304.5000,50.0000,111.0000
615.0000,304.5000,50.0000,111.0000
615.0000,304.5000,50.0000,111.0000
615.0000,304.5000,50.0000,111.0000
615.0000,304.5000,50.0000,111.0000
615.0000,304.5000,50.0000,111.0000
615.0000,304.5000,50.0000,111.0000
615.0000,304.5000,50.0000,111.0000
615.0000,304.5000,50.0000,111.0000
615.0000,304.5000,50.0000,111.0000
615.0000,304.5000,50.0000,111.0000
615.0000,304.5000,50.0000,111.0000
615.0000,304.5000,50.0000,111.0000
615.0000,304.5000,50.0000,111.0000
615.0000,304.5000,50.0000,111.0000
615.0000,304.5000,50.0000,111.0000
615.0000,304.5000,50.0000,111.0000
175.0000,954.5000,50.0000,111.0000
615.0000,304.5000,50.0000,111.0000
175.0000,954.5000,50.0000,111.0000
615.0000,304.5000,50.0000,111.0000
615.0000,304.5000,50.0000,111.0000
615.0000,304.5000,50.0000,111.0000
615.0000,304.5000,50.0000,111.0000
615.0000,304.5000,50.0000,111.0000
615.0000,304.5000,50.0000,111.0000
167.0000,983.5000,50.0000,111.0000
615.0000,304.5000,50.0000,111.0000
615.0000,304.5000,50.0000,111.0000
615.0000,304.5000,50.0000,111.0000
175.0000,983.5000,50.0000,111.0000
175.0000,983.5000,50.0000,111.0000
175.0000,983.5000,50.0000,111.0000
175.0000,983.5000,50.0000,111.0000
175.0000,983.5000,50.0000,111.0000
175.0000,983.5000,50.0000,111.0000
175.0000,983.5000,50.0000,111.0000
175.0000,983.5000,50.0000,111.0000
167.0000,983.5000,50.0000,111.0000
175.0000,983.5000,50.0000,111.0000
175.0000,983.5000,50.0000,111.0000
159.0000,983.5000,50.0000,111.0000
159.0000,983.5000,50.0000,111.0000
159.0000,983.5000,50.0000,111.0000
159.0000,983.5000,50.0000,111.0000
159.0000,983.5000,50.0000,111.0000
158.0000,983.5000,50.0000,111.0000
142.0000,983.5000,50.0000,111.0000
142.0000,983.5000,50.0000,111.0000
1020.3564,142.1065,34.2871,64.7871
167.0000,983.5000,50.0000,111.0000
175.0000,983.5000,50.0000,111.0000
174.0000,983.5000,50.0000,111.0000
175.0000,983.5000,50.0000,111.0000
159.0000,984.5000,50.0000,111.0000
159.0000,983.5000,50.0000,111.0000
159.0000,983.5000,50.0000,111.0000
159.0000,983.5000,50.0000,111.0000
174.0000,983.5000,50.0000,111.0000
615.0000,304.5000,50.0000,111.0000
615.0000,304.5000,50.0000,111.0000
615.0000,304.5000,50.0000,111.0000
167.0000,955.5000,50.0000,111.0000
175.0000,983.5000,50.0000,111.0000
159.0000,983.5000,50.0000,111.0000
175.0000,983.5000,50.0000,111.0000
175.0000,954.5000,50.0000,111.0000
159.0000,983.5000,50.0000,111.0000
175.0000,983.5000,50.0000,111.0000
175.0000,954.5000,50.0000,111.0000
142.0000,751.5000,50.0000,111.0000
142.0000,751.5000,50.0000,111.0000
142.0000,751.5000,50.0000,111.0000
142.0000,780.5000,50.0000,111.0000
175.0000,954.5000,50.0000,111.0000
166.0000,925.5000,50.0000,111.0000
159.0000,925.5000,50.0000,111.0000
167.0000,955.5000,50.0000,111.0000
159.0000,925.5000,50.0000,111.0000
159.0000,925.5000,50.0000,111.0000
159.0000,867.5000,50.0000,111.0000
159.0000,867.5000,50.0000,111.0000
142.0000,780.5000,50.0000,111.0000
142.0000,780.5000,50.0000,111.0000
142.0000,780.5000,50.0000,111.0000
142.0000,780.5000,50.0000,111.0000
126.0000,751.5000,50.0000,111.0000
126.0000,751.5000,50.0000,111.0000
126.0000,751.5000,50.0000,111.0000
126.0000,751.5000,50.0000,111.0000
110.0000,751.5000,50.0000,111.0000
126.0000,751.5000,50.0000,111.0000
142.0000,780.5000,50.0000,111.0000
142.0000,867.5000,50.0000,111.0000
126.0000,765.5000,50.0000,111.0000
142.0000,780.5000,50.0000,111.0000
126.0000,766.5000,50.0000,111.0000
142.0000,838.5000,50.0000,111.0000
110.0000,780.5000,50.0000,111.0000
142.0000,867.5000,50.0000,111.0000
142.0000,838.5000,50.0000,111.0000
615.0000,304.5000,50.0000,111.0000
142.0000,867.5000,50.0000,111.0000
142.0000,867.5000,50.0000,111.0000
615.0000,304.5000,50.0000,111.0000
615.0000,304.5000,50.0000,111.0000
142.0000,838.5000,50.0000,111.0000
615.0000,304.5000,50.0000,111.0000
615.0000,304.5000,50.0000,111.0000
615.0000,304.5000,50.0000,111.0000
615.0000,304.5000,50.0000,111.0000
134.0000,809.5000,50.0000,111.0000
615.0000,304.5000,50.0000,111.0000
134.0000,838.5000,50.0000,111.0000
126.0000,809.5000,50.0000,111.0000
134.0000,838.5000,50.0000,111.0000
93.0000,649.5000,50.0000,111.0000
93.0000,649.5000,50.0000,111.0000
77.0000,663.5000,50.0000,111.0000
77.0000,663.5000,50.0000,111.0000
77.0000,663.5000,50.0000,111.0000
77.0000,663.5000,50.0000,111.0000
77.0000,663.5000,50.0000,111.0000
77.0000,663.5000,50.0000,111.0000
77.0000,663.5000,50.0000,111.0000
77.0000,663.5000,50.0000,111.0000
77.0000,663.5000,50.0000,111.0000
77.0000,663.5000,50.0000,111.0000
77.0000,663.5000,50.0000,111.0000
76.0000,663.5000,50.0000,111.0000
615.0000,304.5000,50.0000,111.0000
76.0000,693.5000,50.0000,111.0000
76.0000,693.5000,50.0000,111.0000
615.0000,304.5000,50.0000,111.0000
110.0000,809.5000,50.0000,111.0000
109.0000,809.5000,50.0000,111.0000
615.0000,304.5000,50.0000,111.0000
615.0000,304.5000,50.0000,111.0000
615.0000,304.5000,50.0000,111.0000
615.0000,304.5000,50.0000,111.0000
615.0000,304.5000,50.0000,111.0000
615.0000,304.5000,50.0000,111.0000
615.0000,304.5000,50.0000,111.0000
126.0000,809.5000,50.0000,111.0000
110.0000,809.5000,50.0000,111.0000
134.0000,867.5000,50.0000,111.0000
126.0000,809.5000,50.0000,111.0000
615.0000,304.5000,50.0000,111.0000
615.0000,304.5000,50.0000,111.0000
615.0000,304.5000,50.0000,111.0000
77.0000,663.5000,50.0000,111.0000
615.0000,304.5000,50.0000,111.0000
615.0000,304.5000,50.0000,111.0000
44.0000,649.5000,50.0000,111.0000
60.0000,649.5000,50.0000,111.0000
60.0000,649.5000,50.0000,111.0000
44.0000,635.5000,50.0000,111.0000
44.0000,635.5000,50.0000,111.0000
60.0000,649.5000,50.0000,111.0000
60.0000,635.5000,50.0000,111.0000
60.0000,649.5000,50.0000,111.0000
61.0000,649.5000,50.0000,111.0000
61.0000,635.5000,50.0000,111.0000
60.0000,635.5000,50.0000,111.0000
44.0000,635.5000,50.0000,111.0000
44.0000,635.5000,50.0000,111.0000
44.0000,635.5000,50.0000,111.0000
44.0000,635.5000,50.0000,111.0000
44.0000,635.5000,50.0000,111.0000
44.0000,635.5000,50.0000,111.0000
44.0000,634.5000,50.0000,111.0000
44.0000,634.5000,50.0000,111.0000
60.0000,634.5000,50.0000,111.0000
61.0000,635.5000,50.0000,111.0000
61.0000,635.5000,50.0000,111.0000
77.0000,663.5000,50.0000,111.0000
61.0000,635.5000,50.0000,111.0000
61.0000,635.5000,50.0000,111.0000
60.0000,634.5000,50.0000,111.0000
60.0000,634.5000,50.0000,111.0000
60.0000,634.5000,50.0000,111.0000
60.0000,634.5000,50.0000,111.0000
60.0000,634.5000,50.0000,111.0000
60.0000,634.5000,50.0000,111.0000
60.0000,634.5000,50.0000,111.0000
61.0000,634.5000,50.0000,111.0000
61.0000,634.5000,50.0000,111.0000
60.0000,634.5000,50.0000,111.0000
77.0000,634.5000,50.0000,111.0000
61.0000,634.5000,50.0000,111.0000
77.0000,634.5000,50.0000,111.0000
61.0000,634.5000,50.0000,111.0000
77.0000,634.5000,50.0000,111.0000
93.0000,635.5000,50.0000,111.0000
77.0000,634.5000,50.0000,111.0000
77.0000,634.5000,50.0000,111.0000
93.0000,634.5000,50.0000,111.0000
615.0000,304.5000,50.0000,111.0000
615.0000,304.5000,50.0000,111.0000
615.0000,304.5000,50.0000,111.0000
615.0000,304.5000,50.0000,111.0000
615.0000,304.5000,50.0000,111.0000
615.0000,304.5000,50.0000,111.0000
142.0000,693.5000,50.0000,111.0000
77.0000,634.5000,50.0000,111.0000
61.0000,634.5000,50.0000,111.0000
77.0000,634.5000,50.0000,111.0000
77.0000,634.5000,50.0000,111.0000
44.0000,605.5000,50.0000,111.0000
77.0000,605.5000,50.0000,111.0000
44.0000,547.5000,50.0000,111.0000
44.0000,547.5000,50.0000,111.0000
44.0000,547.5000,50.0000,111.0000
44.0000,547.5000,50.0000,111.0000
60.0000,576.5000,50.0000,111.0000
615.0000,304.5000,50.0000,111.0000
77.0000,634.5000,50.0000,111.0000
615.0000,304.5000,50.0000,111.0000
77.0000,605.5000,50.0000,111.0000
60.0000,576.5000,50.0000,111.0000
44.0000,547.5000,50.0000,111.0000
93.0000,634.5000,50.0000,111.0000
615.0000,304.5000,50.0000,111.0000
615.0000,304.5000,50.0000,111.0000
93.0000,634.5000,50.0000,111.0000
126.0000,634.5000,50.0000,111.0000
615.0000,304.5000,50.0000,111.0000
615.0000,304.5000,50.0000,111.0000
615.0000,304.5000,50.0000,111.0000
615.0000,304.5000,50.0000,111.0000
615.0000,304.5000,50.0000,111.0000
77.0000,605.5000,50.0000,111.0000
93.0000,634.5000,50.0000,111.0000
126.0000,634.5000,50.0000,111.0000
110.0000,634.5000,50.0000,111.0000
77.0000,605.5000,50.0000,111.0000
77.0000,605.5000,50.0000,111.0000
110.0000,605.5000,50.0000,111.0000
77.0000,605.5000,50.0000,111.0000
77.0000,547.5000,50.0000,111.0000
110.0000,605.5000,50.0000,111.0000
126.0000,576.5000,50.0000,111.0000
615.0000,304.5000,50.0000,111.0000
126.0000,634.5000,50.0000,111.0000
615.0000,304.5000,50.0000,111.0000
615.0000,304.5000,50.0000,111.0000
615.0000,304.5000,50.0000,111.0000
615.0000,304.5000,50.0000,111.0000
615.0000,304.5000,50.0000,111.0000
615.0000,304.5000,50.0000,111.0000
615.0000,304.5000,50.0000,111.0000
615.0000,304.5000,50.0000,111.0000
615.0000,304.5000,50.0000,111.0000
615.0000,304.5000,50.0000,111.0000
615.0000,304.5000,50.0000,111.0000
615.0000,304.5000,50.0000,111.0000
615.0000,304.5000,50.0000,111.0000
615.0000,304.5000,50.0000,111.0000
615.0000,304.5000,50.0000,111.0000
615.0000,304.5000,50.0000,111.0000
615.0000,304.5000,50.0000,111.0000
615.0000,304.5000,50.0000,111.0000
615.0000,304.5000,50.0000,111.0000
615.0000,304.5000,50.0000,111.0000
615.0000,304.5000,50.0000,111.0000
615.0000,304.5000,50.0000,111.0000
615.0000,304.5000,50.0000,111.0000
615.0000,304.5000,50.0000,111.0000
615.0000,304.5000,50.0000,111.0000
615.0000,304.5000,50.0000,111.0000
615.0000,304.5000,50.0000,111.0000
615.0000,304.5000,50.0000,111.0000
615.0000,304.5000,50.0000,111.0000
615.0000,304.5000,50.0000,111.0000
615.0000,304.5000,50.0000,111.0000
615.0000,304.5000,50.0000,111.0000
615.0000,304.5000,50.0000,111.0000
615.0000,304.5000,50.0000,111.0000
615.0000,304.5000,50.0000,111.0000
615.0000,304.5000,50.0000,111.0000
615.0000,304.5000,50.0000,111.0000
615.0000,304.5000,50.0000,111.0000
615.0000,304.5000,50.0000,111.0000
615.0000,304.5000,50.0000,111.0000
615.0000,304.5000,50.0000,111.0000
615.0000,304.5000,50.0000,111.0000
615.0000,304.5000,50.0000,111.0000
615.0000,304.5000,50.0000,111.0000
615.0000,304.5000,50.0000,111.0000
615.0000,304.5000,50.0000,111.0000
615.0000,304.5000,50.0000,111.0000
615.0000,304.5000,50.0000,111.0000
615.0000,304.5000,50.0000,111.0000
615.0000,304.5000,50.0000,111.0000
615.0000,304.5000,50.0000,111.0000
615.0000,304.5000,50.0000,111.0000
615.0000,304.5000,50.0000,111.0000
615.0000,304.5000,50.0000,111.0000
615.0000,304.5000,50.0000,111.0000
615.0000,304.5000,50.0000,111.0000
615.0000,304.5000,50.0000,111.0000
615.0000,304.5000,50.0000,111.0000
615.0000,304.5000,50.0000,111.0000
615.0000,304.5000,50.0000,111.0000
615.0000,304.5000,50.0000,111.0000
615.0000,304.5000,50.0000,111.0000
615.0000,304.5000,50.0000,111.0000
615.0000,304.5000,50.0000,111.0000
615.0000,304.5000,50.0000,111.0000
615.0000,304.5000,50.0000,111.0000
615.0000,304.5000,50.0000,111.0000
615.0000,304.5000,50.0000,111.0000
615.0000,304.5000,50.0000,111.0000
615.0000,304.5000,50.0000,111.0000
615.0000,304.5000,50.0000,111.0000
615.0000,304.5000,50.0000,111.0000
615.0000,304.5000,50.0000,111.0000
615.0000,304.5000,50.0000,111.0000
615.0000,304.5000,50.0000,111.0000
615.0000,304.5000,50.0000,111.0000
615.0000,304.5000,50.0000,111.0000
615.0000,304.5000,50.0000,111.0000
615.0000,304.5000,50.0000,111.0000
615.0000,304.5000,50.0000,111.0000
615.0000,304.5000,50.0000,111.0000
615.0000,304.5000,50.0000,111.0000
615.0000,304.5000,50.0000,111.0000
615.0000,304.5000,50.0000,111.0000
615.0000,304.5000,50.0000,111.0000
615.0000,304.5000,50.0000,111.0000
615.0000,304.5000,50.0000,111.0000
615.0000,304.5000,50.0000,111.0000
615.0000,304.5000,50.0000,111.0000
615.0000,304.5000,50.0000,111.0000
615.0000,304.5000,50.0000,111.0000
615.0000,304.5000,50.0000,111.0000
615.0000,304.5000,50.0000,111.0000
615.0000,304.5000,50.0000,111.0000
615.0000,304.5000,50.0000,111.0000
615.0000,304.5000,50.0000,111.0000
615.0000,304.5000,50.0000,111.0000
615.0000,304.5000,50.0000,111.0000
615.0000,304.5000,50.0000,111.0000
615.0000,304.5000,50.0000,111.0000
615.0000,304.5000,50.0000,111.0000
615.0000,304.5000,50.0000,111.0000
615.0000,304.5000,50.0000,111.0000
615.0000,304.5000,50.0000,111.0000
615.0000,304.5000,50.0000,111.0000
44.0000,1012.5000,50.0000,111.0000
44.0000,1012.5000,50.0000,111.0000
615.0000,304.5000,50.0000,111.0000
615.0000,304.5000,50.0000,111.0000
615.0000,304.5000,50.0000,111.0000
615.0000,304.5000,50.0000,111.0000
615.0000,304.5000,50.0000,111.0000
615.0000,304.5000,50.0000,111.0000
44.0000,1012.5000,50.0000,111.0000
615.0000,304.5000,50.0000,111.0000
615.0000,304.5000,50.0000,111.0000
44.0000,1012.5000,50.0000,111.0000
44.0000,1012.5000,50.0000,111.0000
1057.0739,18.8239,52.8523,83.3523
1039.8141,22.0641,47.3719,77.8719
1037.9982,14.7482,59.0037,89.5037
44.0000,1012.5000,50.0000,111.0000
1036.1083,24.8583,42.7834,73.2834
44.0000,1012.5000,50.0000,111.0000
44.0000,1012.5000,50.0000,111.0000
44.0000,984.5000,50.0000,111.0000
44.0000,984.5000,50.0000,111.0000
44.0000,984.5000,50.0000,111.0000
44.0000,1012.5000,50.0000,111.0000
44.0000,984.5000,50.0000,111.0000
44.0000,984.5000,50.0000,111.0000
44.0000,984.5000,50.0000,111.0000
1021.2131,32.9631,38.5739,69.0739
44.0000,984.5000,50.0000,111.0000
44.0000,984.5000,50.0000,111.0000
44.0000,984.5000,50.0000,111.0000
44.0000,984.5000,50.0000,111.0000
44.0000,1012.5000,50.0000,111.0000
615.0000,304.5000,50.0000,111.0000
615.0000,304.5000,50.0000,111.0000
615.0000,304.5000,50.0000,111.0000
615.0000,304.5000,50.0000,111.0000
615.0000,304.5000,50.0000,111.0000
615.0000,304.5000,50.0000,111.0000
615.0000,304.5000,50.0000,111.0000
615.0000,304.5000,50.0000,111.0000
615.0000,304.5000,50.0000,111.0000
615.0000,304.5000,50.0000,111.0000
615.0000,304.5000,50.0000,111.0000
615.0000,304.5000,50.0000,111.0000
615.0000,304.5000,50.0000,111.0000
615.0000,304.5000,50.0000,111.0000
615.0000,304.5000,50.0000,111.0000
615.0000,304.5000,50.0000,111.0000
615.0000,304.5000,50.0000,111.0000
615.0000,304.5000,50.0000,111.0000
615.0000,304.5000,50.0000,111.0000
615.0000,304.5000,50.0000,111.0000
615.0000,304.5000,50.0000,111.0000
615.0000,304.5000,50.0000,111.0000
615.0000,304.5000,50.0000,111.0000
615.0000,304.5000,50.0000,111.0000
615.0000,304.5000,50.0000,111.0000
615.0000,304.5000,50.0000,111.0000
615.0000,304.5000,50.0000,111.0000
615.0000,304.5000,50.0000,111.0000
615.0000,304.5000,50.0000,111.0000
615.0000,304.5000,50.0000,111.0000
273.0000,256.5000,50.0000,111.0000
273.0000,256.5000,50.0000,111.0000
615.0000,304.5000,50.0000,111.0000
615.0000,304.5000,50.0000,111.0000
615.0000,304.5000,50.0000,111.0000
615.0000,304.5000,50.0000,111.0000
615.0000,304.5000,50.0000,111.0000
273.0000,285.5000,50.0000,111.0000
273.0000,285.5000,50.0000,111.0000
273.0000,257.5000,50.0000,111.0000
273.0000,256.5000,50.0000,111.0000
273.0000,285.5000,50.0000,111.0000
273.0000,285.5000,50.0000,111.0000
298.0000,257.5000,50.0000,111.0000
290.0000,285.5000,50.0000,111.0000
615.0000,304.5000,50.0000,111.0000
615.0000,304.5000,50.0000,111.0000
615.0000,304.5000,50.0000,111.0000
615.0000,304.5000,50.0000,111.0000
615.0000,304.5000,50.0000,111.0000
615.0000,304.5000,50.0000,111.0000
615.0000,304.5000,50.0000,111.0000
615.0000,304.5000,50.0000,111.0000
289.0000,242.5000,50.0000,111.0000
289.9132,272.1632,35.1735,65.6735
273.0000,256.5000,50.0000,111.0000
273.0000,256.5000,50.0000,111.0000
615.0000,304.5000,50.0000,111.0000
281.0000,242.5000,50.0000,111.0000
615.0000,304.5000,50.0000,111.0000
615.0000,304.5000,50.0000,111.0000
615.0000,304.5000,50.0000,111.0000
615.0000,304.5000,50.0000,111.0000
615.0000,304.5000,50.0000,111.0000
615.0000,304.5000,50.0000,111.0000
615.0000,304.5000,50.0000,111.0000
615.0000,304.5000,50.0000,111.0000
615.0000,304.5000,50.0000,111.0000
615.0000,304.5000,50.0000,111.0000
615.0000,304.5000,50.0000,111.0000
615.0000,304.5000,50.0000,111.0000
615.0000,304.5000,50.0000,111.0000
615.0000,304.5000,50.0000,111.0000
615.0000,304.5000,50.0000,111.0000
615.0000,304.5000,50.0000,111.0000
289.0000,242.5000,50.0000,111.0000
273.0000,256.5000,50.0000,111.0000
273.0000,256.5000,50.0000,111.0000
273.0000,256.5000,50.0000,111.0000
289.0000,241.5000,50.0000,111.0000
289.0000,241.5000,50.0000,111.0000
615.0000,304.5000,50.0000,111.0000
281.0000,241.5000,50.0000,111.0000
615.0000,304.5000,50.0000,111.0000
615.0000,304.5000,50.0000,111.0000
615.0000,304.5000,50.0000,111.0000
615.0000,304.5000,50.0000,111.0000
615.0000,304.5000,50.0000,111.0000
615.0000,304.5000,50.0000,111.0000
615.0000,304.5000,50.0000,111.0000
615.0000,304.5000,50.0000,111.0000
615.0000,304.5000,50.0000,111.0000
615.0000,304.5000,50.0000,111.0000
615.0000,304.5000,50.0000,111.0000
615.0000,304.5000,50.0000,111.0000
615.0000,304.5000,50.0000,111.0000
615.0000,304.5000,50.0000,111.0000
615.0000,304.5000,50.0000,111.0000
615.0000,304.5000,50.0000,111.0000
615.0000,304.5000,50.0000,111.0000
615.0000,304.5000,50.0000,111.0000
615.0000,304.5000,50.0000,111.0000
615.0000,304.5000,50.0000,111.0000
615.0000,304.5000,50.0000,111.0000
615.0000,304.5000,50.0000,111.0000
615.0000,304.5000,50.0000,111.0000
615.0000,304.5000,50.0000,111.0000
615.0000,304.5000,50.0000,111.0000
615.0000,304.5000,50.0000,111.0000
615.0000,304.5000,50.0000,111.0000
615.0000,304.5000,50.0000,111.0000
615.0000,304.5000,50.0000,111.0000
615.0000,304.5000,50.0000,111.0000
615.0000,304.5000,50.0000,111.0000
615.0000,304.5000,50.0000,111.0000
615.0000,304.5000,50.0000,111.0000
615.0000,304.5000,50.0000,111.0000
615.0000,304.5000,50.0000,111.0000
615.0000,304.5000,50.0000,111.0000
615.0000,304.5000,50.0000,111.0000
615.0000,304.5000,50.0000,111.0000
615.0000,304.5000,50.0000,111.0000
615.0000,304.5000,50.0000,111.0000
615.0000,304.5000,50.0000,111.0000
615.0000,304.5000,50.0000,111.0000
240.0000,721.5000,50.0000,111.0000
241.0000,722.5000,50.0000,111.0000
240.0000,751.5000,50.0000,111.0000
257.0000,751.5000,50.0000,111.0000
240.0000,663.5000,50.0000,111.0000
615.0000,304.5000,50.0000,111.0000
257.0000,809.5000,50.0000,111.0000
265.0000,838.5000,50.0000,111.0000
846.7130,238.9629,70.5741,101.0741
265.0000,838.5000,50.0000,111.0000
249.0000,838.5000,50.0000,111.0000
257.0000,809.5000,50.0000,111.0000
842.2015,237.9516,58.5969,89.0969
265.0000,838.5000,50.0000,111.0000
842.4546,227.2046,91.0908,121.5908
842.3341,238.0841,61.3318,91.8318
859.0071,228.2571,59.9857,90.4857
858.5372,225.7872,61.9256,92.4256
241.0000,838.5000,50.0000,111.0000
846.3921,230.6421,33.2158,63.7158
248.0000,766.5000,50.0000,111.0000
249.0000,765.5000,50.0000,111.0000
832.9168,224.6668,76.1664,106.6664
840.5233,223.2733,75.9534,106.4534
868.8328,239.0827,48.3345,78.8345
842.9797,231.7297,65.0406,95.5406
831.2180,230.4679,81.5641,112.0641
257.0000,751.5000,50.0000,111.0000
825.1668,228.9168,74.6664,105.1664
826.7917,226.0417,71.4166,101.9166
816.8973,230.6473,76.2055,106.7055
818.0540,231.8040,75.8920,106.3920
815.8442,234.0942,81.3116,111.8116
257.0000,751.5000,50.0000,111.0000
808.4907,247.7407,52.0185,82.5185
265.0000,751.5000,50.0000,111.0000
265.0000,751.5000,50.0000,111.0000
257.0000,751.5000,50.0000,111.0000
240.0000,751.5000,50.0000,111.0000
257.0000,751.5000,50.0000,111.0000
224.0000,751.5000,50.0000,111.0000
240.0000,751.5000,50.0000,111.0000
224.0000,751.5000,50.0000,111.0000
224.0000,751.5000,50.0000,111.0000
208.0000,751.5000,50.0000,111.0000
224.0000,751.5000,50.0000,111.0000
240.0000,751.5000,50.0000,111.0000
240.0000,751.5000,50.0000,111.0000
232.0000,751.5000,50.0000,111.0000
240.0000,751.5000,50.0000,111.0000
233.0000,751.5000,50.0000,111.0000
257.0000,751.5000,50.0000,111.0000
208.0000,751.5000,50.0000,111.0000
224.0000,751.5000,50.0000,111.0000
232.0000,751.5000,50.0000,111.0000
225.0000,751.5000,50.0000,111.0000
788.6614,220.9115,35.6771,66.1771
232.0000,751.5000,50.0000,111.0000
224.0000,751.5000,50.0000,111.0000
232.0000,751.5000,50.0000,111.0000
779.3386,226.0885,50.3229,80.8229
779.3832,214.6332,42.2337,72.7337
778.5114,212.2614,46.9773,77.4773
778.4252,210.6752,50.1496,80.6496
789.9174,219.1674,34.1651,64.6652
776.4891,209.7391,48.0217,78.5217
208.0000,751.5000,50.0000,111.0000
224.0000,751.5000,50.0000,111.0000
232.0000,750.5000,50.0000,111.0000
224.0000,751.5000,50.0000,111.0000
232.0000,751.5000,50.0000,111.0000
224.0000,751.5000,50.0000,111.0000
224.0000,751.5000,50.0000,111.0000
224.0000,751.5000,50.0000,111.0000
778.3757,226.6256,49.2487,79.7487
232.0000,751.5000,50.0000,111.0000
224.0000,751.5000,50.0000,111.0000
224.0000,751.5000,50.0000,111.0000
787.2085,212.9585,35.5830,66.0830
787.2085,212.9585,35.5830,66.0830
208.0000,750.5000,50.0000,111.0000
224.0000,751.5000,50.0000,111.0000
224.0000,751.5000,50.0000,111.0000
224.0000,751.5000,50.0000,111.0000
224.0000,751.5000,50.0000,111.0000
208.0000,750.5000,50.0000,111.0000
208.0000,750.5000,50.0000,111.0000
224.0000,751.5000,50.0000,111.0000
785.7042,208.9542,34.5917,65.0917
207.0000,750.5000,50.0000,111.0000
208.0000,750.5000,50.0000,111.0000
208.0000,750.5000,50.0000,111.0000
208.0000,750.5000,50.0000,111.0000
768.9689,199.7188,35.0623,65.5623
208.0000,750.5000,50.0000,111.0000
208.0000,750.5000,50.0000,111.0000
207.0000,750.5000,50.0000,111.0000
208.0000,750.5000,50.0000,111.0000
760.8381,202.5881,48.3238,78.8238
756.3013,199.0513,55.3974,85.8974
208.0000,722.5000,50.0000,111.0000
208.0000,722.5000,50.0000,111.0000
771.8693,201.6193,33.2614,63.7614
208.0000,751.5000,50.0000,111.0000
208.0000,750.5000,50.0000,111.0000
208.0000,751.5000,50.0000,111.0000
208.0000,751.5000,50.0000,111.0000
224.0000,751.5000,50.0000,111.0000
224.0000,751.5000,50.0000,111.0000
208.0000,751.5000,50.0000,111.0000
208.0000,751.5000,50.0000,111.0000
224.0000,751.5000,50.0000,111.0000
224.0000,751.5000,50.0000,111.0000
207.0000,751.5000,50.0000,111.0000
191.0000,751.5000,50.0000,111.0000
208.0000,751.5000,50.0000,111.0000
224.0000,751.5000,50.0000,111.0000
224.0000,751.5000,50.0000,111.0000
207.0000,751.5000,50.0000,111.0000
208.0000,751.5000,50.0000,111.0000
224.0000,751.5000,50.0000,111.0000
207.0000,751.5000,50.0000,111.0000
175.0000,751.5000,50.0000,111.0000
191.0000,751.5000,50.0000,111.0000
192.0000,751.5000,50.0000,111.0000
175.0000,751.5000,50.0000,111.0000
798.7750,138.0250,57.4500,87.9500
208.0000,751.5000,50.0000,111.0000
208.0000,751.5000,50.0000,111.0000
224.0000,751.5000,50.0000,111.0000
224.0000,751.5000,50.0000,111.0000
208.0000,751.5000,50.0000,111.0000
208.0000,751.5000,50.0000,111.0000
208.0000,780.5000,50.0000,111.0000
208.0000,780.5000,50.0000,111.0000
175.0000,838.5000,50.0000,111.0000
175.0000,838.5000,50.0000,111.0000
175.0000,838.5000,50.0000,111.0000
207.0000,867.5000,50.0000,111.0000
208.0000,896.5000,50.0000,111.0000
208.0000,751.5000,50.0000,111.0000
208.0000,954.5000,50.0000,111.0000
240.0000,751.5000,50.0000,111.0000
208.0000,867.5000,50.0000,111.0000
240.0000,838.5000,50.0000,111.0000
208.0000,867.5000,50.0000,111.0000
208.0000,954.5000,50.0000,111.0000
208.0000,954.5000,50.0000,111.0000
208.0000,954.5000,50.0000,111.0000
208.0000,955.5000,50.0000,111.0000
999.4735,190.7235,58.0530,88.5530
1032.2003,214.9503,32.5993,63.0993
922.3594,203.6095,80.2811,110.7811
903.5502,220.8002,39.8997,70.3997
908.2835,226.0335,32.4330,62.9330
240.0000,867.5000,50.0000,111.0000
240.0000,867.5000,50.0000,111.0000
224.0000,867.5000,50.0000,111.0000
224.0000,867.5000,50.0000,111.0000
240.0000,867.5000,50.0000,111.0000
232.0000,867.5000,50.0000,111.0000
232.0000,867.5000,50.0000,111.0000
240.0000,867.5000,50.0000,111.0000
240.0000,954.5000,50.0000,111.0000
240.0000,867.5000,50.0000,111.0000
240.0000,867.5000,50.0000,111.0000
944.8133,219.0633,69.3734,99.8734
240.0000,867.5000,50.0000,111.0000
241.0000,867.5000,50.0000,111.0000
240.0000,867.5000,50.0000,111.0000
240.0000,867.5000,50.0000,111.0000
240.0000,867.5000,50.0000,111.0000
241.0000,867.5000,50.0000,111.0000
240.0000,867.5000,50.0000,111.0000
615.0000,304.5000,50.0000,111.0000
615.0000,304.5000,50.0000,111.0000
615.0000,304.5000,50.0000,111.0000
615.0000,304.5000,50.0000,111.0000
615.0000,304.5000,50.0000,111.0000
615.0000,304.5000,50.0000,111.0000
615.0000,304.5000,50.0000,111.0000
615.0000,304.5000,50.0000,111.0000
615.0000,304.5000,50.0000,111.0000
615.0000,304.5000,50.0000,111.0000
615.0000,304.5000,50.0000,111.0000
615.0000,304.5000,50.0000,111.0000
615.0000,304.5000,50.0000,111.0000
615.0000,304.5000,50.0000,111.0000
615.0000,304.5000,50.0000,111.0000
615.0000,304.5000,50.0000,111.0000
615.0000,304.5000,50.0000,111.0000
615.0000,304.5000,50.0000,111.0000
615.0000,304.5000,50.0000,111.0000
248.0000,867.5000,50.0000,111.0000
615.0000,304.5000,50.0000,111.0000
615.0000,304.5000,50.0000,111.0000
615.0000,304.5000,50.0000,111.0000
615.0000,304.5000,50.0000,111.0000
615.0000,304.5000,50.0000,111.0000
257.0000,867.5000,50.0000,111.0000
265.0000,867.5000,50.0000,111.0000
615.0000,304.5000,50.0000,111.0000
241.0000,838.5000,50.0000,111.0000
256.0000,867.5000,50.0000,111.0000
257.0000,867.5000,50.0000,111.0000
265.0000,867.5000,50.0000,111.0000
265.0000,867.5000,50.0000,111.0000
615.0000,304.5000,50.0000,111.0000
265.0000,867.5000,50.0000,111.0000
265.0000,867.5000,50.0000,111.0000
257.0000,867.5000,50.0000,111.0000
265.0000,867.5000,50.0000,111.0000
257.0000,867.5000,50.0000,111.0000
257.0000,867.5000,50.0000,111.0000
909.8305,251.5805,37.3390,67.8390
257.0000,867.5000,50.0000,111.0000
265.0000,867.5000,50.0000,111.0000
265.0000,853.5000,50.0000,111.0000
256.0000,867.5000,50.0000,111.0000
257.0000,867.5000,50.0000,111.0000
265.0000,867.5000,50.0000,111.0000
265.0000,853.5000,50.0000,111.0000
615.0000,304.5000,50.0000,111.0000
615.0000,304.5000,50.0000,111.0000
615.0000,304.5000,50.0000,111.0000
241.0000,838.5000,50.0000,111.0000
241.0000,838.5000,50.0000,111.0000
241.0000,838.5000,50.0000,111.0000
224.0000,416.5000,50.0000,111.0000
615.0000,304.5000,50.0000,111.0000
615.0000,304.5000,50.0000,111.0000
224.0000,649.5000,50.0000,111.0000
241.0000,838.5000,50.0000,111.0000
241.0000,838.5000,50.0000,111.0000
241.0000,838.5000,50.0000,111.0000
224.0000,416.5000,50.0000,111.0000
224.0000,416.5000,50.0000,111.0000
224.0000,358.5000,50.0000,111.0000
224.0000,358.5000,50.0000,111.0000
224.0000,358.5000,50.0000,111.0000
249.0000,867.5000,50.0000,111.0000
265.0000,867.5000,50.0000,111.0000
224.0000,358.5000,50.0000,111.0000
257.0000,867.5000,50.0000,111.0000
241.0000,838.5000,50.0000,111.0000
248.0000,838.5000,50.0000,111.0000
615.0000,304.5000,50.0000,111.0000
224.0000,358.5000,50.0000,111.0000
265.0000,809.5000,50.0000,111.0000
615.0000,304.5000,50.0000,111.0000
265.0000,838.5000,50.0000,111.0000
248.0000,838.5000,50.0000,111.0000
615.0000,304.5000,50.0000,111.0000
615.0000,304.5000,50.0000,111.0000
615.0000,304.5000,50.0000,111.0000
224.0000,358.5000,50.0000,111.0000
224.0000,358.5000,50.0000,111.0000
241.0000,722.5000,50.0000,111.0000
257.0000,751.5000,50.0000,111.0000
224.0000,358.5000,50.0000,111.0000
224.0000,358.5000,50.0000,111.0000
224.0000,358.5000,50.0000,111.0000
208.0000,430.5000,50.0000,111.0000
208.0000,358.5000,50.0000,111.0000
208.0000,358.5000,50.0000,111.0000
224.0000,416.5000,50.0000,111.0000
208.0000,373.5000,50.0000,111.0000
224.0000,416.5000,50.0000,111.0000
208.0000,417.5000,50.0000,111.0000
208.0000,417.5000,50.0000,111.0000
208.0000,417.5000,50.0000,111.0000
208.0000,416.5000,50.0000,111.0000
208.0000,417.5000,50.0000,111.0000
191.0000,416.5000,50.0000,111.0000
207.0000,430.5000,50.0000,111.0000
207.0000,431.5000,50.0000,111.0000
191.0000,474.5000,50.0000,111.0000
191.0000,460.5000,50.0000,111.0000
615.0000,304.5000,50.0000,111.0000
273.0000,751.5000,50.0000,111.0000
273.0000,751.5000,50.0000,111.0000
273.0000,751.5000,50.0000,111.0000
191.0000,416.5000,50.0000,111.0000
207.0000,431.5000,50.0000,111.0000
191.0000,416.5000,50.0000,111.0000
207.0000,431.5000,50.0000,111.0000
191.0000,417.5000,50.0000,111.0000
273.0000,751.5000,50.0000,111.0000
273.0000,809.5000,50.0000,111.0000
207.0000,431.5000,50.0000,111.0000
207.0000,431.5000,50.0000,111.0000
191.0000,417.5000,50.0000,111.0000
615.0000,304.5000,50.0000,111.0000
615.0000,304.5000,50.0000,111.0000
207.0000,431.5000,50.0000,111.0000
207.0000,431.5000,50.0000,111.0000
175.0000,431.5000,50.0000,111.0000
208.0000,431.5000,50.0000,111.0000
615.0000,304.5000,50.0000,111.0000
615.0000,304.5000,50.0000,111.0000
290.0000,635.5000,50.0000,111.0000
273.0000,634.5000,50.0000,111.0000
273.0000,634.5000,50.0000,111.0000
273.0000,634.5000,50.0000,111.0000
273.0000,634.5000,50.0000,111.0000
290.0000,635.5000,50.0000,111.0000
290.0000,635.5000,50.0000,111.0000
290.0000,635.5000,50.0000,111.0000
289.0000,635.5000,50.0000,111.0000
290.0000,693.5000,50.0000,111.0000
273.0000,722.5000,50.0000,111.0000
615.0000,304.5000,50.0000,111.0000
175.0000,489.5000,50.0000,111.0000
191.0000,533.5000,50.0000,111.0000
191.0000,533.5000,50.0000,111.0000
191.0000,533.5000,50.0000,111.0000
541.6885,170.9385,60.6230,91.1230
183.0000,474.5000,50.0000,111.0000
513.9406,138.1905,88.1189,118.6189
534.3001,166.0501,52.3998,82.8998
175.0000,489.5000,50.0000,111.0000
257.0000,634.5000,50.0000,111.0000
241.0000,634.5000,50.0000,111.0000
615.0000,304.5000,50.0000,111.0000
257.0000,634.5000,50.0000,111.0000
257.0000,635.5000,50.0000,111.0000
289.0000,809.5000,50.0000,111.0000
273.0000,751.5000,50.0000,111.0000
273.0000,751.5000,50.0000,111.0000
289.0000,751.5000,50.0000,111.0000
273.0000,751.5000,50.0000,111.0000
273.0000,751.5000,50.0000,111.0000
273.0000,751.5000,50.0000,111.0000
273.0000,751.5000,50.0000,111.0000
273.0000,751.5000,50.0000,111.0000
289.0000,751.5000,50.0000,111.0000
289.0000,751.5000,50.0000,111.0000
273.0000,751.5000,50.0000,111.0000
289.0000,751.5000,50.0000,111.0000
290.0000,751.5000,50.0000,111.0000
290.0000,751.5000,50.0000,111.0000
273.0000,751.5000,50.0000,111.0000
273.0000,751.5000,50.0000,111.0000
273.0000,751.5000,50.0000,111.0000
273.0000,751.5000,50.0000,111.0000
273.0000,751.5000,50.0000,111.0000
273.0000,838.5000,50.0000,111.0000
273.0000,809.5000,50.0000,111.0000
843.7170,252.4670,68.5660,99.0660
880.7917,265.0418,41.4165,71.9165
840.6649,247.4149,56.6702,87.1702
265.0000,838.5000,50.0000,111.0000
265.0000,751.5000,50.0000,111.0000
273.0000,809.5000,50.0000,111.0000
273.0000,809.5000,50.0000,111.0000
273.0000,780.5000,50.0000,111.0000
273.0000,780.5000,50.0000,111.0000
273.0000,809.5000,50.0000,111.0000
273.0000,809.5000,50.0000,111.0000
289.0000,809.5000,50.0000,111.0000
274.0000,838.5000,50.0000,111.0000
289.0000,867.5000,50.0000,111.0000
273.0000,809.5000,50.0000,111.0000
273.0000,838.5000,50.0000,111.0000
273.0000,867.5000,50.0000,111.0000
289.0000,867.5000,50.0000,111.0000
273.0000,838.5000,50.0000,111.0000
290.0000,809.5000,50.0000,111.0000
615.0000,304.5000,50.0000,111.0000
297.0000,809.5000,50.0000,111.0000
615.0000,304.5000,50.0000,111.0000
298.0000,838.5000,50.0000,111.0000
290.0000,867.5000,50.0000,111.0000
290.0000,867.5000,50.0000,111.0000
895.7540,278.5040,40.4919,70.9919
290.0000,867.5000,50.0000,111.0000
289.0000,867.5000,50.0000,111.0000
878.5089,259.2589,59.9821,90.4821
289.0000,867.5000,50.0000,111.0000
273.0000,867.5000,50.0000,111.0000
889.0281,264.7782,44.9437,75.4437
877.4767,249.7268,68.0465,98.5465
880.8275,247.0775,77.3450,107.8450
879.2250,250.4750,72.5500,103.0500
885.9143,266.1643,57.1714,87.6714
882.0114,259.2614,79.9773,110.4773
886.0455,258.7955,79.9090,110.4090
884.7903,258.0403,85.4194,115.9194
888.2703,260.0202,77.4595,107.9595
897.5557,263.3057,42.8885,73.3885
894.2438,252.4938,75.5124,106.0124
903.4087,254.6587,92.1826,122.6826
915.0663,241.3163,75.8675,106.3675
919.5712,235.8212,89.8575,120.3575
911.5966,242.3466,83.8069,114.3069
921.3325,233.5826,95.3349,125.8349
927.0057,247.2557,68.9886,99.4886
931.6890,257.9390,48.6220,79.1220
273.0000,925.5000,50.0000,111.0000
273.0000,925.5000,50.0000,111.0000
273.0000,925.5000,50.0000,111.0000
265.0000,955.5000,50.0000,111.0000
257.0000,926.5000,50.0000,111.0000
257.0000,925.5000,50.0000,111.0000
257.0000,925.5000,50.0000,111.0000
257.0000,925.5000,50.0000,111.0000
257.0000,925.5000,50.0000,111.0000
265.0000,954.5000,50.0000,111.0000
257.0000,926.5000,50.0000,111.0000
257.0000,926.5000,50.0000,111.0000
257.0000,925.5000,50.0000,111.0000
967.1315,245.3815,46.7371,77.2371
265.0000,954.5000,50.0000,111.0000
265.0000,925.5000,50.0000,111.0000
948.3970,237.6470,71.2061,101.7061
944.3606,243.6106,67.2788,97.7788
257.0000,925.5000,50.0000,111.0000
257.0000,925.5000,50.0000,111.0000
265.0000,867.5000,50.0000,111.0000
265.0000,867.5000,50.0000,111.0000
265.0000,867.5000,50.0000,111.0000
257.0000,867.5000,50.0000,111.0000
257.0000,867.5000,50.0000,111.0000
257.0000,867.5000,50.0000,111.0000
265.0000,867.5000,50.0000,111.0000
908.3578,253.1079,53.2843,83.7843
907.7086,262.9586,32.5829,63.0829
910.8943,260.1443,45.2114,75.7114
273.0000,867.5000,50.0000,111.0000
265.0000,867.5000,50.0000,111.0000
265.0000,867.5000,50.0000,111.0000
265.0000,867.5000,50.0000,111.0000
265.0000,867.5000,50.0000,111.0000
273.0000,867.5000,50.0000,111.0000
615.0000,304.5000,50.0000,111.0000
615.0000,304.5000,50.0000,111.0000
615.0000,304.5000,50.0000,111.0000
224.0000,867.5000,50.0000,111.0000
232.0000,867.5000,50.0000,111.0000
224.0000,867.5000,50.0000,111.0000
225.0000,867.5000,50.0000,111.0000
232.0000,867.5000,50.0000,111.0000
615.0000,304.5000,50.0000,111.0000
615.0000,304.5000,50.0000,111.0000
232.0000,838.5000,50.0000,111.0000
615.0000,304.5000,50.0000,111.0000
615.0000,304.5000,50.0000,111.0000
208.0000,838.5000,50.0000,111.0000
232.0000,867.5000,50.0000,111.0000
224.0000,867.5000,50.0000,111.0000
224.0000,867.5000,50.0000,111.0000
615.0000,304.5000,50.0000,111.0000
615.0000,304.5000,50.0000,111.0000
208.0000,867.5000,50.0000,111.0000
224.0000,867.5000,50.0000,111.0000
224.0000,867.5000,50.0000,111.0000
224.0000,867.5000,50.0000,111.0000
224.0000,809.5000,50.0000,111.0000
224.0000,809.5000,50.0000,111.0000
615.0000,304.5000,50.0000,111.0000
615.0000,304.5000,50.0000,111.0000
615.0000,304.5000,50.0000,111.0000
615.0000,304.5000,50.0000,111.0000
615.0000,304.5000,50.0000,111.0000
615.0000,304.5000,50.0000,111.0000
615.0000,304.5000,50.0000,111.0000
615.0000,304.5000,50.0000,111.0000
615.0000,304.5000,50.0000,111.0000
615.0000,304.5000,50.0000,111.0000
208.0000,809.5000,50.0000,111.0000
615.0000,304.5000,50.0000,111.0000
208.0000,838.5000,50.0000,111.0000
208.0000,838.5000,50.0000,111.0000
207.0000,867.5000,50.0000,111.0000
208.0000,867.5000,50.0000,111.0000
208.0000,867.5000,50.0000,111.0000
208.0000,867.5000,50.0000,111.0000
200.0000,867.5000,50.0000,111.0000
207.0000,838.5000,50.0000,111.0000
207.0000,867.5000,50.0000,111.0000
200.0000,809.5000,50.0000,111.0000
200.0000,809.5000,50.0000,111.0000
199.0000,809.5000,50.0000,111.0000
175.0000,751.5000,50.0000,111.0000
192.0000,751.5000,50.0000,111.0000
175.0000,751.5000,50.0000,111.0000
175.0000,751.5000,50.0000,111.0000
200.0000,751.5000,50.0000,111.0000
615.0000,304.5000,50.0000,111.0000
615.0000,304.5000,50.0000,111.0000
207.0000,751.5000,50.0000,111.0000
208.0000,751.5000,50.0000,111.0000
175.0000,722.5000,50.0000,111.0000
208.0000,809.5000,50.0000,111.0000
615.0000,304.5000,50.0000,111.0000
615.0000,304.5000,50.0000,111.0000
615.0000,304.5000,50.0000,111.0000
615.0000,304.5000,50.0000,111.0000
615.0000,304.5000,50.0000,111.0000
615.0000,304.5000,50.0000,111.0000
224.0000,751.5000,50.0000,111.0000
615.0000,304.5000,50.0000,111.0000
615.0000,304.5000,50.0000,111.0000
615.0000,304.5000,50.0000,111.0000
615.0000,304.5000,50.0000,111.0000
615.0000,304.5000,50.0000,111.0000
615.0000,304.5000,50.0000,111.0000
159.0000,693.5000,50.0000,111.0000
224.0000,751.5000,50.0000,111.0000
615.0000,304.5000,50.0000,111.0000
224.0000,751.5000,50.0000,111.0000
175.0000,693.5000,50.0000,111.0000
224.0000,751.5000,50.0000,111.0000
224.0000,751.5000,50.0000,111.0000
142.0000,663.5000,50.0000,111.0000
615.0000,304.5000,50.0000,111.0000
175.0000,722.5000,50.0000,111.0000
175.0000,693.5000,50.0000,111.0000
175.0000,722.5000,50.0000,111.0000
615.0000,304.5000,50.0000,111.0000
615.0000,304.5000,50.0000,111.0000
615.0000,304.5000,50.0000,111.0000
615.0000,304.5000,50.0000,111.0000
615.0000,304.5000,50.0000,111.0000
615.0000,304.5000,50.0000,111.0000
615.0000,304.5000,50.0000,111.0000
615.0000,304.5000,50.0000,111.0000
615.0000,304.5000,50.0000,111.0000
615.0000,304.5000,50.0000,111.0000
615.0000,304.5000,50.0000,111.0000
615.0000,304.5000,50.0000,111.0000
615.0000,304.5000,50.0000,111.0000
615.0000,304.5000,50.0000,111.0000
615.0000,304.5000,50.0000,111.0000
615.0000,304.5000,50.0000,111.0000
615.0000,304.5000,50.0000,111.0000
615.0000,304.5000,50.0000,111.0000
615.0000,304.5000,50.0000,111.0000
615.0000,304.5000,50.0000,111.0000
615.0000,304.5000,50.0000,111.0000
615.0000,304.5000,50.0000,111.0000
615.0000,304.5000,50.0000,111.0000
615.0000,304.5000,50.0000,111.0000
615.0000,304.5000,50.0000,111.0000
615.0000,304.5000,50.0000,111.0000
615.0000,304.5000,50.0000,111.0000
615.0000,304.5000,50.0000,111.0000
615.0000,304.5000,50.0000,111.0000
175.0000,635.5000,50.0000,111.0000
175.0000,635.5000,50.0000,111.0000
615.0000,304.5000,50.0000,111.0000
174.0000,635.5000,50.0000,111.0000
615.0000,304.5000,50.0000,111.0000
615.0000,304.5000,50.0000,111.0000
615.0000,304.5000,50.0000,111.0000
615.0000,304.5000,50.0000,111.0000
159.0000,635.5000,50.0000,111.0000
159.0000,635.5000,50.0000,111.0000
159.0000,635.5000,50.0000,111.0000
615.0000,304.5000,50.0000,111.0000
615.0000,304.5000,50.0000,111.0000
615.0000,304.5000,50.0000,111.0000
615.0000,304.5000,50.0000,111.0000
615.0000,304.5000,50.0000,111.0000
615.0000,304.5000,50.0000,111.0000
615.0000,304.5000,50.0000,111.0000
615.0000,304.5000,50.0000,111.0000
615.0000,304.5000,50.0000,111.0000
615.0000,304.5000,50.0000,111.0000
142.0000,663.5000,50.0000,111.0000
142.0000,693.5000,50.0000,111.0000
159.0000,693.5000,50.0000,111.0000
159.0000,693.5000,50.0000,111.0000
175.0000,750.5000,50.0000,111.0000
159.0000,693.5000,50.0000,111.0000
175.0000,722.5000,50.0000,111.0000
175.0000,751.5000,50.0000,111.0000
175.0000,751.5000,50.0000,111.0000
191.0000,751.5000,50.0000,111.0000
191.0000,751.5000,50.0000,111.0000
615.0000,304.5000,50.0000,111.0000
175.0000,751.5000,50.0000,111.0000
191.0000,751.5000,50.0000,111.0000
615.0000,304.5000,50.0000,111.0000
175.0000,722.5000,50.0000,111.0000
615.0000,304.5000,50.0000,111.0000
192.0000,751.5000,50.0000,111.0000
615.0000,304.5000,50.0000,111.0000
192.0000,751.5000,50.0000,111.0000
175.0000,751.5000,50.0000,111.0000
175.0000,751.5000,50.0000,111.0000
192.0000,751.5000,50.0000,111.0000
192.0000,751.5000,50.0000,111.0000
200.0000,751.5000,50.0000,111.0000
192.0000,751.5000,50.0000,111.0000
192.0000,751.5000,50.0000,111.0000
207.0000,751.5000,50.0000,111.0000
207.0000,751.5000,50.0000,111.0000
207.0000,751.5000,50.0000,111.0000
199.0000,751.5000,50.0000,111.0000
207.0000,751.5000,50.0000,111.0000
207.0000,751.5000,50.0000,111.0000
207.0000,751.5000,50.0000,111.0000
207.0000,751.5000,50.0000,111.0000
208.0000,751.5000,50.0000,111.0000
207.0000,751.5000,50.0000,111.0000
192.0000,751.5000,50.0000,111.0000
208.0000,751.5000,50.0000,111.0000
192.0000,751.5000,50.0000,111.0000
208.0000,751.5000,50.0000,111.0000
207.0000,751.5000,50.0000,111.0000
224.0000,751.5000,50.0000,111.0000
224.0000,751.5000,50.0000,111.0000
615.0000,304.5000,50.0000,111.0000
615.0000,304.5000,50.0000,111.0000
208.0000,751.5000,50.0000,111.0000
615.0000,304.5000,50.0000,111.0000
615.0000,304.5000,50.0000,111.0000
615.0000,304.5000,50.0000,111.0000
175.0000,780.5000,50.0000,111.0000
615.0000,304.5000,50.0000,111.0000
615.0000,304.5000,50.0000,111.0000
615.0000,304.5000,50.0000,111.0000
615.0000,304.5000,50.0000,111.0000
207.0000,838.5000,50.0000,111.0000
615.0000,304.5000,50.0000,111.0000
175.0000,809.5000,50.0000,111.0000
199.0000,867.5000,50.0000,111.0000
200.0000,867.5000,50.0000,111.0000
200.0000,867.5000,50.0000,111.0000
615.0000,304.5000,50.0000,111.0000
615.0000,304.5000,50.0000,111.0000
175.0000,780.5000,50.0000,111.0000
615.0000,304.5000,50.0000,111.0000
199.0000,867.5000,50.0000,111.0000
615.0000,304.5000,50.0000,111.0000
615.0000,304.5000,50.0000,111.0000
615.0000,304.5000,50.0000,111.0000
615.0000,304.5000,50.0000,111.0000
199.0000,867.5000,50.0000,111.0000
175.0000,867.5000,50.0000,111.0000
615.0000,304.5000,50.0000,111.0000
615.0000,304.5000,50.0000,111.0000
175.0000,867.5000,50.0000,111.0000
175.0000,867.5000,50.0000,111.0000
175.0000,867.5000,50.0000,111.0000
191.0000,867.5000,50.0000,111.0000
615.0000,304.5000,50.0000,111.0000
615.0000,304.5000,50.0000,111.0000
615.0000,304.5000,50.0000,111.0000
192.0000,867.5000,50.0000,111.0000
175.0000,867.5000,50.0000,111.0000
615.0000,304.5000,50.0000,111.0000
207.0000,867.5000,50.0000,111.0000
615.0000,304.5000,50.0000,111.0000
615.0000,304.5000,50.0000,111.0000
615.0000,304.5000,50.0000,111.0000
615.0000,304.5000,50.0000,111.0000
615.0000,304.5000,50.0000,111.0000
615.0000,304.5000,50.0000,111.0000
615.0000,304.5000,50.0000,111.0000
615.0000,304.5000,50.0000,111.0000
615.0000,304.5000,50.0000,111.0000
615.0000,304.5000,50.0000,111.0000
615.0000,304.5000,50.0000,111.0000
615.0000,304.5000,50.0000,111.0000
615.0000,304.5000,50.0000,111.0000
615.0000,304.5000,50.0000,111.0000
615.0000,304.5000,50.0000,111.0000
200.0000,867.5000,50.0000,111.0000
207.0000,867.5000,50.0000,111.0000
615.0000,304.5000,50.0000,111.0000
615.0000,304.5000,50.0000,111.0000
615.0000,304.5000,50.0000,111.0000
615.0000,304.5000,50.0000,111.0000
615.0000,304.5000,50.0000,111.0000
615.0000,304.5000,50.0000,111.0000
615.0000,304.5000,50.0000,111.0000
615.0000,304.5000,50.0000,111.0000
615.0000,304.5000,50.0000,111.0000
175.0000,780.5000,50.0000,111.0000
175.0000,780.5000,50.0000,111.0000
175.0000,780.5000,50.0000,111.0000
615.0000,304.5000,50.0000,111.0000
175.0000,751.5000,50.0000,111.0000
175.0000,751.5000,50.0000,111.0000
175.0000,751.5000,50.0000,111.0000
175.0000,751.5000,50.0000,111.0000
175.0000,751.5000,50.0000,111.0000
175.0000,751.5000,50.0000,111.0000
175.0000,751.5000,50.0000,111.0000
175.0000,751.5000,50.0000,111.0000
175.0000,751.5000,50.0000,111.0000
175.0000,751.5000,50.0000,111.0000
175.0000,751.5000,50.0000,111.0000
175.0000,751.5000,50.0000,111.0000
175.0000,751.5000,50.0000,111.0000
175.0000,751.5000,50.0000,111.0000
175.0000,751.5000,50.0000,111.0000
175.0000,751.5000,50.0000,111.0000
175.0000,751.5000,50.0000,111.0000
191.0000,751.5000,50.0000,111.0000
175.0000,751.5000,50.0000,111.0000
175.0000,751.5000,50.0000,111.0000
175.0000,751.5000,50.0000,111.0000
191.0000,751.5000,50.0000,111.0000
191.0000,751.5000,50.0000,111.0000
191.0000,751.5000,50.0000,111.0000
191.0000,751.5000,50.0000,111.0000
615.0000,304.5000,50.0000,111.0000
199.0000,750.5000,50.0000,111.0000
175.0000,751.5000,50.0000,111.0000
175.0000,722.5000,50.0000,111.0000
175.0000,722.5000,50.0000,111.0000
175.0000,722.5000,50.0000,111.0000
175.0000,722.5000,50.0000,111.0000
175.0000,721.5000,50.0000,111.0000
175.0000,722.5000,50.0000,111.0000
175.0000,722.5000,50.0000,111.0000
175.0000,722.5000,50.0000,111.0000
175.0000,722.5000,50.0000,111.0000
175.0000,722.5000,50.0000,111.0000
175.0000,722.5000,50.0000,111.0000
175.0000,721.5000,50.0000,111.0000
175.0000,693.5000,50.0000,111.0000
175.0000,693.5000,50.0000,111.0000
175.0000,721.5000,50.0000,111.0000
174.0000,693.5000,50.0000,111.0000
159.0000,707.5000,50.0000,111.0000
175.0000,722.5000,50.0000,111.0000
159.0000,707.5000,50.0000,111.0000
159.0000,707.5000,50.0000,111.0000
175.0000,721.5000,50.0000,111.0000
175.0000,721.5000,50.0000,111.0000
175.0000,721.5000,50.0000,111.0000
166.0000,693.5000,50.0000,111.0000
159.0000,693.5000,50.0000,111.0000
723.8475,135.0975,56.3050,86.8050
736.1439,148.3938,45.7123,76.2123
734.6255,141.3756,52.7489,83.2489
166.0000,693.5000,50.0000,111.0000
730.6771,155.4271,33.6458,64.1458
159.0000,707.5000,50.0000,111.0000
729.4005,146.1505,45.1990,75.6990
166.0000,693.5000,50.0000,111.0000
728.7303,157.4803,34.5394,65.0394
167.0000,692.5000,50.0000,111.0000
159.0000,707.5000,50.0000,111.0000
159.0000,707.5000,50.0000,111.0000
159.0000,707.5000,50.0000,111.0000
158.0000,707.5000,50.0000,111.0000
158.0000,707.5000,50.0000,111.0000
158.0000,707.5000,50.0000,111.0000
753.0628,142.3128,38.8744,69.3744
745.8026,130.0526,59.3948,89.8948
749.6033,127.3533,61.7933,92.2933
756.0890,129.8390,55.8221,86.3221
772.2750,139.0250,47.4499,77.9499
765.4891,138.7391,48.0217,78.5217
159.0000,750.5000,50.0000,111.0000
158.0000,707.5000,50.0000,111.0000
159.0000,707.5000,50.0000,111.0000
159.0000,707.5000,50.0000,111.0000
159.0000,750.5000,50.0000,111.0000
159.0000,750.5000,50.0000,111.0000
143.0000,750.5000,50.0000,111.0000
158.0000,750.5000,50.0000,111.0000
158.0000,750.5000,50.0000,111.0000
158.0000,750.5000,50.0000,111.0000
159.0000,750.5000,50.0000,111.0000
158.0000,750.5000,50.0000,111.0000
158.0000,707.5000,50.0000,111.0000
773.4660,154.7160,36.0680,66.5680
174.0000,722.5000,50.0000,111.0000
159.0000,707.5000,50.0000,111.0000
159.0000,707.5000,50.0000,111.0000
158.0000,707.5000,50.0000,111.0000
159.0000,707.5000,50.0000,111.0000
760.0436,135.2936,47.9129,78.4129
159.0000,750.5000,50.0000,111.0000
159.0000,750.5000,50.0000,111.0000
175.0000,722.5000,50.0000,111.0000
175.0000,721.5000,50.0000,111.0000
175.0000,722.5000,50.0000,111.0000
175.0000,722.5000,50.0000,111.0000
175.0000,722.5000,50.0000,111.0000
762.4911,142.2411,46.0178,76.5179
761.2606,137.5106,54.4788,84.9788
753.2429,143.4929,51.5141,82.0141
743.8830,140.1330,58.2340,88.7340
758.4233,139.1733,51.1534,81.6534
764.0837,141.3337,45.8327,76.3327
742.5218,129.2718,67.9564,98.4564
752.5901,137.8401,56.8198,87.3198
759.5461,143.7962,43.9077,74.4077
159.0000,707.5000,50.0000,111.0000
159.0000,707.5000,50.0000,111.0000
159.0000,707.5000,50.0000,111.0000
730.6259,153.8759,41.7481,72.2481
739.4935,145.2435,54.0129,84.5129
167.0000,693.5000,50.0000,111.0000
755.7084,155.9584,41.5831,72.0831
167.0000,693.5000,50.0000,111.0000
167.0000,693.5000,50.0000,111.0000
175.0000,722.5000,50.0000,111.0000
175.0000,721.5000,50.0000,111.0000
175.0000,721.5000,50.0000,111.0000
747.6691,160.4191,36.6619,67.1619
175.0000,721.5000,50.0000,111.0000
175.0000,721.5000,50.0000,111.0000
175.0000,693.5000,50.0000,111.0000
175.0000,693.5000,50.0000,111.0000
175.0000,693.5000,50.0000,111.0000
175.0000,693.5000,50.0000,111.0000
175.0000,693.5000,50.0000,111.0000
718.5501,167.3001,44.8997,75.3997
718.3408,165.0908,48.3184,78.8185
711.6448,163.8948,44.7104,75.2104
702.6763,160.9262,49.6475,80.1475
709.3001,157.0501,52.3998,82.8998
705.2420,160.4920,48.5160,79.0160
175.0000,692.5000,50.0000,111.0000
175.0000,663.5000,50.0000,111.0000
175.0000,692.5000,50.0000,111.0000
175.0000,663.5000,50.0000,111.0000
175.0000,649.5000,50.0000,111.0000
175.0000,663.5000,50.0000,111.0000
175.0000,692.5000,50.0000,111.0000
175.0000,693.5000,50.0000,111.0000
175.0000,692.5000,50.0000,111.0000
175.0000,663.5000,50.0000,111.0000
175.0000,649.5000,50.0000,111.0000
175.0000,635.5000,50.0000,111.0000
175.0000,648.5000,50.0000,111.0000
686.6536,156.9037,51.6927,82.1927
687.1937,165.9438,40.6125,71.1125
678.7222,163.4723,47.5555,78.0555
675.0078,160.7578,48.9844,79.4844
682.2347,162.9847,53.5307,84.0307
674.2949,165.5449,51.4102,81.9102
681.3649,162.6149,48.2702,78.7701
687.1711,160.9212,49.6577,80.1577
686.6887,160.9387,54.6226,85.1226
682.0272,162.2772,47.9456,78.4456
688.4188,168.1688,38.1624,68.6624
685.2085,169.9585,35.5830,66.0830
676.1183,161.8683,50.7633,81.2633
680.2740,166.5240,48.4521,78.9521
682.8724,169.6224,43.2551,73.7551
183.0000,649.5000,50.0000,111.0000
183.0000,649.5000,50.0000,111.0000
191.0000,649.5000,50.0000,111.0000
679.0062,174.7563,34.9875,65.4875
191.0000,649.5000,50.0000,111.0000
685.3148,180.0648,40.3704,70.8704
679.8875,176.1375,36.2250,66.7250
673.9737,173.2237,44.0526,74.5526
175.0000,635.5000,50.0000,111.0000
175.0000,635.5000,50.0000,111.0000
191.0000,649.5000,50.0000,111.0000
183.0000,649.5000,50.0000,111.0000
191.0000,649.5000,50.0000,111.0000
183.0000,649.5000,50.0000,111.0000
183.0000,649.5000,50.0000,111.0000
688.0836,159.8336,51.8328,82.3328
183.0000,649.5000,50.0000,111.0000
183.0000,649.5000,50.0000,111.0000
183.0000,649.5000,50.0000,111.0000
696.4010,173.1510,35.1980,65.6980
191.0000,649.5000,50.0000,111.0000
191.0000,649.5000,50.0000,111.0000
191.0000,649.5000,50.0000,111.0000
192.0000,649.5000,50.0000,111.0000
191.0000,649.5000,50.0000,111.0000
191.0000,649.5000,50.0000,111.0000
199.0000,649.5000,50.0000,111.0000
702.1286,175.8786,46.7428,77.2428
700.0649,181.8150,51.8701,82.3701
692.0836,176.8336,51.8328,82.3328
691.4045,182.6545,38.1909,68.6909
192.0000,649.5000,50.0000,111.0000
691.0752,179.3252,54.8496,85.3496
192.0000,649.5000,50.0000,111.0000
192.0000,649.5000,50.0000,111.0000
691.8668,191.6167,38.2665,68.7665
691.1906,193.4405,36.6189,67.1189
685.3608,184.1109,59.2783,89.7783
690.6626,193.4126,38.6748,69.1748
684.7830,191.0329,53.4341,83.9341
689.3608,193.6108,50.2785,80.7785
684.4886,192.7386,36.0227,66.5227
207.0000,635.5000,50.0000,111.0000
200.0000,649.5000,50.0000,111.0000
207.0000,635.5000,50.0000,111.0000
200.0000,649.5000,50.0000,111.0000
200.0000,649.5000,50.0000,111.0000
199.0000,649.5000,50.0000,111.0000
192.0000,649.5000,50.0000,111.0000
192.0000,649.5000,50.0000,111.0000
191.0000,649.5000,50.0000,111.0000
191.0000,649.5000,50.0000,111.0000
191.0000,649.5000,50.0000,111.0000
191.0000,649.5000,50.0000,111.0000
183.0000,649.5000,50.0000,111.0000
191.0000,649.5000,50.0000,111.0000
191.0000,649.5000,50.0000,111.0000
191.0000,649.5000,50.0000,111.0000
191.0000,649.5000,50.0000,111.0000
191.0000,649.5000,50.0000,111.0000
183.0000,649.5000,50.0000,111.0000
191.0000,649.5000,50.0000,111.0000
191.0000,649.5000,50.0000,111.0000
191.0000,649.5000,50.0000,111.0000
681.6652,174.9152,34.6695,65.1695
183.0000,649.5000,50.0000,111.0000
191.0000,649.5000,50.0000,111.0000
192.0000,692.5000,50.0000,111.0000
191.0000,649.5000,50.0000,111.0000
191.0000,649.5000,50.0000,111.0000
191.0000,649.5000,50.0000,111.0000
191.0000,649.5000,50.0000,111.0000
192.0000,649.5000,50.0000,111.0000
192.0000,649.5000,50.0000,111.0000
192.0000,649.5000,50.0000,111.0000
207.0000,664.5000,50.0000,111.0000
207.0000,663.5000,50.0000,111.0000
207.0000,664.5000,50.0000,111.0000
192.0000,649.5000,50.0000,111.0000
192.0000,649.5000,50.0000,111.0000
192.0000,692.5000,50.0000,111.0000
191.0000,649.5000,50.0000,111.0000
191.0000,649.5000,50.0000,111.0000
191.0000,649.5000,50.0000,111.0000
192.0000,649.5000,50.0000,111.0000
192.0000,649.5000,50.0000,111.0000
207.0000,664.5000,50.0000,111.0000
207.0000,692.5000,50.0000,111.0000
191.0000,649.5000,50.0000,111.0000
192.0000,692.5000,50.0000,111.0000
191.0000,649.5000,50.0000,111.0000
191.0000,692.5000,50.0000,111.0000
191.0000,693.5000,50.0000,111.0000
183.0000,649.5000,50.0000,111.0000
191.0000,649.5000,50.0000,111.0000
191.0000,649.5000,50.0000,111.0000
191.0000,649.5000,50.0000,111.0000
191.0000,649.5000,50.0000,111.0000
207.0000,663.5000,50.0000,111.0000
207.0000,663.5000,50.0000,111.0000
208.0000,649.5000,50.0000,111.0000
207.0000,649.5000,50.0000,111.0000
207.0000,649.5000,50.0000,111.0000
207.0000,663.5000,50.0000,111.0000
192.0000,649.5000,50.0000,111.0000
191.0000,649.5000,50.0000,111.0000
191.0000,649.5000,50.0000,111.0000
192.0000,649.5000,50.0000,111.0000
200.0000,634.5000,50.0000,111.0000
200.0000,634.5000,50.0000,111.0000
669.5209,189.2709,36.9583,67.4583
200.0000,634.5000,50.0000,111.0000
200.0000,634.5000,50.0000,111.0000
207.0000,635.5000,50.0000,111.0000
207.0000,635.5000,50.0000,111.0000
192.0000,649.5000,50.0000,111.0000
675.6268,193.8768,33.7464,64.2464
200.0000,635.5000,50.0000,111.0000
191.0000,649.5000,50.0000,111.0000
191.0000,649.5000,50.0000,111.0000
191.0000,649.5000,50.0000,111.0000
200.0000,649.5000,50.0000,111.0000
200.0000,635.5000,50.0000,111.0000
192.0000,649.5000,50.0000,111.0000
192.0000,649.5000,50.0000,111.0000
208.0000,635.5000,50.0000,111.0000
208.0000,635.5000,50.0000,111.0000
207.0000,635.5000,50.0000,111.0000
207.0000,663.5000,50.0000,111.0000
208.0000,663.5000,50.0000,111.0000
208.0000,663.5000,50.0000,111.0000
208.0000,692.5000,50.0000,111.0000
208.0000,692.5000,50.0000,111.0000
208.0000,663.5000,50.0000,111.0000
208.0000,692.5000,50.0000,111.0000
208.0000,664.5000,50.0000,111.0000
208.0000,692.5000,50.0000,111.0000
208.0000,664.5000,50.0000,111.0000
208.0000,692.5000,50.0000,111.0000
208.0000,693.5000,50.0000,111.0000
208.0000,693.5000,50.0000,111.0000
224.0000,707.5000,50.0000,111.0000
224.0000,707.5000,50.0000,111.0000
224.0000,693.5000,50.0000,111.0000
224.0000,707.5000,50.0000,111.0000
224.0000,693.5000,50.0000,111.0000
224.0000,693.5000,50.0000,111.0000
224.0000,693.5000,50.0000,111.0000
224.0000,692.5000,50.0000,111.0000
224.0000,693.5000,50.0000,111.0000
224.0000,693.5000,50.0000,111.0000
224.0000,649.5000,50.0000,111.0000
224.0000,649.5000,50.0000,111.0000
240.0000,635.5000,50.0000,111.0000
240.0000,635.5000,50.0000,111.0000
224.0000,649.5000,50.0000,111.0000
240.0000,663.5000,50.0000,111.0000
240.0000,693.5000,50.0000,111.0000
240.0000,663.5000,50.0000,111.0000
240.0000,663.5000,50.0000,111.0000
240.0000,722.5000,50.0000,111.0000
240.0000,721.5000,50.0000,111.0000
240.0000,722.5000,50.0000,111.0000
224.0000,649.5000,50.0000,111.0000
224.0000,649.5000,50.0000,111.0000
224.0000,649.5000,50.0000,111.0000
224.0000,649.5000,50.0000,111.0000
224.0000,649.5000,50.0000,111.0000
224.0000,649.5000,50.0000,111.0000
224.0000,649.5000,50.0000,111.0000
224.0000,649.5000,50.0000,111.0000
224.0000,649.5000,50.0000,111.0000
224.0000,649.5000,50.0000,111.0000
224.0000,649.5000,50.0000,111.0000
224.0000,649.5000,50.0000,111.0000
224.0000,649.5000,50.0000,111.0000
224.0000,649.5000,50.0000,111.0000
224.0000,649.5000,50.0000,111.0000
224.0000,649.5000,50.0000,111.0000
224.0000,649.5000,50.0000,111.0000
224.0000,649.5000,50.0000,111.0000
224.0000,649.5000,50.0000,111.0000
208.0000,635.5000,50.0000,111.0000
224.0000,649.5000,50.0000,111.0000
224.0000,649.5000,50.0000,111.0000
224.0000,649.5000,50.0000,111.0000
224.0000,649.5000,50.0000,111.0000
224.0000,635.5000,50.0000,111.0000
224.0000,649.5000,50.0000,111.0000
240.0000,635.5000,50.0000,111.0000
240.0000,635.5000,50.0000,111.0000
240.0000,663.5000,50.0000,111.0000
240.0000,663.5000,50.0000,111.0000
240.0000,635.5000,50.0000,111.0000
240.0000,634.5000,50.0000,111.0000
240.0000,635.5000,50.0000,111.0000
240.0000,635.5000,50.0000,111.0000
240.0000,663.5000,50.0000,111.0000
240.0000,663.5000,50.0000,111.0000
240.0000,693.5000,50.0000,111.0000
240.0000,693.5000,50.0000,111.0000
615.0000,304.5000,50.0000,111.0000
224.0000,693.5000,50.0000,111.0000
615.0000,304.5000,50.0000,111.0000
615.0000,304.5000,50.0000,111.0000
240.0000,693.5000,50.0000,111.0000
224.0000,693.5000,50.0000,111.0000
224.0000,693.5000,50.0000,111.0000
240.0000,722.5000,50.0000,111.0000
224.0000,751.5000,50.0000,111.0000
232.0000,750.5000,50.0000,111.0000
615.0000,304.5000,50.0000,111.0000
224.0000,751.5000,50.0000,111.0000
232.0000,750.5000,50.0000,111.0000
615.0000,304.5000,50.0000,111.0000
232.0000,750.5000,50.0000,111.0000
208.0000,722.5000,50.0000,111.0000
615.0000,304.5000,50.0000,111.0000
615.0000,304.5000,50.0000,111.0000
208.0000,663.5000,50.0000,111.0000
208.0000,664.5000,50.0000,111.0000
224.0000,693.5000,50.0000,111.0000
224.0000,693.5000,50.0000,111.0000
208.0000,692.5000,50.0000,111.0000
208.0000,664.5000,50.0000,111.0000
208.0000,663.5000,50.0000,111.0000
208.0000,635.5000,50.0000,111.0000
208.0000,635.5000,50.0000,111.0000
208.0000,635.5000,50.0000,111.0000
208.0000,635.5000,50.0000,111.0000
207.0000,635.5000,50.0000,111.0000
208.0000,635.5000,50.0000,111.0000
667.8724,190.6224,43.2551,73.7551
208.0000,634.5000,50.0000,111.0000
207.0000,634.5000,50.0000,111.0000
207.0000,634.5000,50.0000,111.0000
207.0000,634.5000,50.0000,111.0000
199.0000,634.5000,50.0000,111.0000
192.0000,649.5000,50.0000,111.0000
207.0000,635.5000,50.0000,111.0000
207.0000,635.5000,50.0000,111.0000
191.0000,635.5000,50.0000,111.0000
191.0000,649.5000,50.0000,111.0000
191.0000,649.5000,50.0000,111.0000
191.0000,649.5000,50.0000,111.0000
191.0000,635.5000,50.0000,111.0000
192.0000,635.5000,50.0000,111.0000
191.0000,635.5000,50.0000,111.0000
207.0000,634.5000,50.0000,111.0000
200.0000,635.5000,50.0000,111.0000
207.0000,635.5000,50.0000,111.0000
207.0000,634.5000,50.0000,111.0000
192.0000,635.5000,50.0000,111.0000
207.0000,635.5000,50.0000,111.0000
207.0000,635.5000,50.0000,111.0000
207.0000,634.5000,50.0000,111.0000
207.0000,634.5000,50.0000,111.0000
200.0000,634.5000,50.0000,111.0000
191.0000,634.5000,50.0000,111.0000
175.0000,635.5000,50.0000,111.0000
191.0000,635.5000,50.0000,111.0000
199.0000,634.5000,50.0000,111.0000
207.0000,634.5000,50.0000,111.0000
615.0000,304.5000,50.0000,111.0000
207.0000,634.5000,50.0000,111.0000
207.0000,634.5000,50.0000,111.0000
615.0000,304.5000,50.0000,111.0000
207.0000,634.5000,50.0000,111.0000
207.0000,634.5000,50.0000,111.0000
207.0000,634.5000,50.0000,111.0000
207.0000,634.5000,50.0000,111.0000
192.0000,634.5000,50.0000,111.0000
615.0000,304.5000,50.0000,111.0000
615.0000,304.5000,50.0000,111.0000
615.0000,304.5000,50.0000,111.0000
615.0000,304.5000,50.0000,111.0000
615.0000,304.5000,50.0000,111.0000
615.0000,304.5000,50.0000,111.0000
615.0000,304.5000,50.0000,111.0000
615.0000,304.5000,50.0000,111.0000
191.0000,532.5000,50.0000,111.0000
615.0000,304.5000,50.0000,111.0000
615.0000,304.5000,50.0000,111.0000
191.0000,533.5000,50.0000,111.0000
175.0000,518.5000,50.0000,111.0000
191.0000,518.5000,50.0000,111.0000
191.0000,518.5000,50.0000,111.0000
207.0000,518.5000,50.0000,111.0000
192.0000,518.5000,50.0000,111.0000
191.0000,518.5000,50.0000,111.0000
192.0000,518.5000,50.0000,111.0000
192.0000,518.5000,50.0000,111.0000
615.0000,304.5000,50.0000,111.0000
199.0000,518.5000,50.0000,111.0000
192.0000,518.5000,50.0000,111.0000
200.0000,518.5000,50.0000,111.0000
192.0000,518.5000,50.0000,111.0000
199.0000,518.5000,50.0000,111.0000
615.0000,304.5000,50.0000,111.0000
207.0000,518.5000,50.0000,111.0000
207.0000,518.5000,50.0000,111.0000
615.0000,304.5000,50.0000,111.0000
207.0000,518.5000,50.0000,111.0000
192.0000,518.5000,50.0000,111.0000
192.0000,518.5000,50.0000,111.0000
192.0000,518.5000,50.0000,111.0000
191.0000,518.5000,50.0000,111.0000
191.0000,518.5000,50.0000,111.0000
175.0000,518.5000,50.0000,111.0000
175.0000,518.5000,50.0000,111.0000
175.0000,518.5000,50.0000,111.0000
175.0000,518.5000,50.0000,111.0000
175.0000,518.5000,50.0000,111.0000
175.0000,518.5000,50.0000,111.0000
175.0000,518.5000,50.0000,111.0000
559.7297,160.9797,46.5407,77.0407
175.0000,533.5000,50.0000,111.0000
175.0000,533.5000,50.0000,111.0000
175.0000,547.5000,50.0000,111.0000
175.0000,547.5000,50.0000,111.0000
175.0000,547.5000,50.0000,111.0000
175.0000,518.5000,50.0000,111.0000
175.0000,547.5000,50.0000,111.0000
175.0000,547.5000,50.0000,111.0000
175.0000,547.5000,50.0000,111.0000
175.0000,576.5000,50.0000,111.0000
175.0000,605.5000,50.0000,111.0000
175.0000,605.5000,50.0000,111.0000
175.0000,605.5000,50.0000,111.0000
175.0000,605.5000,50.0000,111.0000
175.0000,634.5000,50.0000,111.0000
175.0000,634.5000,50.0000,111.0000
175.0000,634.5000,50.0000,111.0000
175.0000,634.5000,50.0000,111.0000
175.0000,634.5000,50.0000,111.0000
175.0000,634.5000,50.0000,111.0000
175.0000,634.5000,50.0000,111.0000
175.0000,634.5000,50.0000,111.0000
175.0000,634.5000,50.0000,111.0000
175.0000,634.5000,50.0000,111.0000
175.0000,634.5000,50.0000,111.0000
175.0000,634.5000,50.0000,111.0000
175.0000,634.5000,50.0000,111.0000
175.0000,634.5000,50.0000,111.0000
175.0000,634.5000,50.0000,111.0000
175.0000,634.5000,50.0000,111.0000
175.0000,634.5000,50.0000,111.0000
661.2223,159.9723,38.5554,69.0554
175.0000,634.5000,50.0000,111.0000
175.0000,605.5000,50.0000,111.0000
175.0000,605.5000,50.0000,111.0000
175.0000,634.5000,50.0000,111.0000
175.0000,634.5000,50.0000,111.0000
175.0000,634.5000,50.0000,111.0000
175.0000,634.5000,50.0000,111.0000
175.0000,634.5000,50.0000,111.0000
175.0000,634.5000,50.0000,111.0000
175.0000,634.5000,50.0000,111.0000
175.0000,634.5000,50.0000,111.0000
175.0000,634.5000,50.0000,111.0000
175.0000,634.5000,50.0000,111.0000
174.0000,634.5000,50.0000,111.0000
167.0000,634.5000,50.0000,111.0000
167.0000,634.5000,50.0000,111.0000
167.0000,634.5000,50.0000,111.0000
167.0000,634.5000,50.0000,111.0000
167.0000,634.5000,50.0000,111.0000
159.0000,591.5000,50.0000,111.0000
159.0000,634.5000,50.0000,111.0000
159.0000,591.5000,50.0000,111.0000
159.0000,576.5000,50.0000,111.0000
159.0000,576.5000,50.0000,111.0000
159.0000,533.5000,50.0000,111.0000
159.0000,590.5000,50.0000,111.0000
615.0000,304.5000,50.0000,111.0000
615.0000,304.5000,50.0000,111.0000
167.0000,576.5000,50.0000,111.0000
159.0000,590.5000,50.0000,111.0000
167.0000,606.5000,50.0000,111.0000
159.0000,577.5000,50.0000,111.0000
159.0000,591.5000,50.0000,111.0000
159.0000,591.5000,50.0000,111.0000
158.0000,576.5000,50.0000,111.0000
158.0000,577.5000,50.0000,111.0000
158.0000,591.5000,50.0000,111.0000
143.0000,605.5000,50.0000,111.0000
142.0000,605.5000,50.0000,111.0000
158.0000,590.5000,50.0000,111.0000
142.0000,605.5000,50.0000,111.0000
142.0000,605.5000,50.0000,111.0000
158.0000,590.5000,50.0000,111.0000
159.0000,590.5000,50.0000,111.0000
174.0000,605.5000,50.0000,111.0000
615.0000,304.5000,50.0000,111.0000
615.0000,304.5000,50.0000,111.0000
615.0000,304.5000,50.0000,111.0000
159.0000,634.5000,50.0000,111.0000
159.0000,634.5000,50.0000,111.0000
159.0000,634.5000,50.0000,111.0000
159.0000,634.5000,50.0000,111.0000
159.0000,634.5000,50.0000,111.0000
615.0000,304.5000,50.0000,111.0000
142.0000,634.5000,50.0000,111.0000
159.0000,634.5000,50.0000,111.0000
142.0000,634.5000,50.0000,111.0000
142.0000,634.5000,50.0000,111.0000
142.0000,634.5000,50.0000,111.0000
615.0000,304.5000,50.0000,111.0000
615.0000,304.5000,50.0000,111.0000
142.0000,634.5000,50.0000,111.0000
142.0000,634.5000,50.0000,111.0000
142.0000,634.5000,50.0000,111.0000
142.0000,605.5000,50.0000,111.0000
142.0000,634.5000,50.0000,111.0000
142.0000,634.5000,50.0000,111.0000
142.0000,634.5000,50.0000,111.0000
142.0000,634.5000,50.0000,111.0000
142.0000,634.5000,50.0000,111.0000
142.0000,634.5000,50.0000,111.0000
142.0000,634.5000,50.0000,111.0000
142.0000,605.5000,50.0000,111.0000
142.0000,634.5000,50.0000,111.0000
142.0000,605.5000,50.0000,111.0000
142.0000,634.5000,50.0000,111.0000
126.0000,634.5000,50.0000,111.0000
142.0000,634.5000,50.0000,111.0000
142.0000,634.5000,50.0000,111.0000
126.0000,634.5000,50.0000,111.0000
672.5268,110.2768,45.9464,76.4464
126.0000,635.5000,50.0000,111.0000
134.0000,634.5000,50.0000,111.0000
142.0000,635.5000,50.0000,111.0000
142.0000,635.5000,50.0000,111.0000
142.0000,635.5000,50.0000,111.0000
142.0000,635.5000,50.0000,111.0000
142.0000,663.5000,50.0000,111.0000
615.0000,304.5000,50.0000,111.0000
142.0000,634.5000,50.0000,111.0000
126.0000,635.5000,50.0000,111.0000
142.0000,634.5000,50.0000,111.0000
142.0000,635.5000,50.0000,111.0000
142.0000,634.5000,50.0000,111.0000
142.0000,634.5000,50.0000,111.0000
142.0000,635.5000,50.0000,111.0000
142.0000,635.5000,50.0000,111.0000
142.0000,635.5000,50.0000,111.0000
142.0000,634.5000,50.0000,111.0000
126.0000,635.5000,50.0000,111.0000
126.0000,635.5000,50.0000,111.0000
142.0000,634.5000,50.0000,111.0000
142.0000,634.5000,50.0000,111.0000
142.0000,635.5000,50.0000,111.0000
126.0000,635.5000,50.0000,111.0000
126.0000,634.5000,50.0000,111.0000
126.0000,635.5000,50.0000,111.0000
126.0000,635.5000,50.0000,111.0000
126.0000,635.5000,50.0000,111.0000
126.0000,635.5000,50.0000,111.0000
126.0000,635.5000,50.0000,111.0000
126.0000,635.5000,50.0000,111.0000
126.0000,635.5000,50.0000,111.0000
126.0000,635.5000,50.0000,111.0000
126.0000,634.5000,50.0000,111.0000
126.0000,635.5000,50.0000,111.0000
126.0000,635.5000,50.0000,111.0000
126.0000,634.5000,50.0000,111.0000
126.0000,634.5000,50.0000,111.0000
126.0000,634.5000,50.0000,111.0000
669.4644,114.7144,39.0712,69.5713
134.0000,634.5000,50.0000,111.0000
126.0000,634.5000,50.0000,111.0000
126.0000,634.5000,50.0000,111.0000
126.0000,634.5000,50.0000,111.0000
110.0000,634.5000,50.0000,111.0000
110.0000,634.5000,50.0000,111.0000
110.0000,634.5000,50.0000,111.0000
126.0000,634.5000,50.0000,111.0000
126.0000,634.5000,50.0000,111.0000
110.0000,634.5000,50.0000,111.0000
126.0000,634.5000,50.0000,111.0000
126.0000,634.5000,50.0000,111.0000
126.0000,635.5000,50.0000,111.0000
126.0000,635.5000,50.0000,111.0000
126.0000,635.5000,50.0000,111.0000
670.0029,107.7528,46.9943,77.4943
655.3849,94.6350,64.2301,94.7301
664.8792,104.1292,58.2415,88.7415
665.1255,102.3755,55.7490,86.2490
662.5423,93.2923,61.9154,92.4154
659.6951,94.9451,62.6098,93.1098
659.9221,94.6720,61.1559,91.6559
675.5000,108.2500,41.0000,71.5000
671.0093,100.7593,51.9815,82.4815
672.8816,105.1316,46.2368,76.7368
668.2567,93.0067,62.4867,92.9867
667.7577,101.5077,57.4846,87.9846
110.0000,635.5000,50.0000,111.0000
674.8943,112.1443,45.2114,75.7114
142.0000,635.5000,50.0000,111.0000
142.0000,635.5000,50.0000,111.0000
142.0000,635.5000,50.0000,111.0000
142.0000,635.5000,50.0000,111.0000
142.0000,635.5000,50.0000,111.0000
142.0000,635.5000,50.0000,111.0000
143.0000,635.5000,50.0000,111.0000
683.6757,141.9257,32.6485,63.1485
142.0000,663.5000,50.0000,111.0000
682.8193,142.5693,39.3614,69.8614
682.3038,142.0538,35.3923,65.8923
683.9803,138.2303,44.0394,74.5394
688.5000,144.2500,35.0000,65.5000
151.0000,649.5000,50.0000,111.0000
143.0000,664.5000,50.0000,111.0000
142.0000,663.5000,50.0000,111.0000
158.0000,649.5000,50.0000,111.0000
159.0000,649.5000,50.0000,111.0000
167.0000,678.5000,50.0000,111.0000
167.0000,664.5000,50.0000,111.0000
159.0000,693.5000,50.0000,111.0000
158.0000,693.5000,50.0000,111.0000
704.0156,148.2656,40.9687,71.4687
159.0000,649.5000,50.0000,111.0000
159.0000,707.5000,50.0000,111.0000
159.0000,707.5000,50.0000,111.0000
159.0000,750.5000,50.0000,111.0000
159.0000,751.5000,50.0000,111.0000
159.0000,751.5000,50.0000,111.0000
167.0000,751.5000,50.0000,111.0000
167.0000,751.5000,50.0000,111.0000
167.0000,751.5000,50.0000,111.0000
167.0000,751.5000,50.0000,111.0000
166.0000,751.5000,50.0000,111.0000
167.0000,751.5000,50.0000,111.0000
167.0000,751.5000,50.0000,111.0000
167.0000,751.5000,50.0000,111.0000
167.0000,751.5000,50.0000,111.0000
175.0000,751.5000,50.0000,111.0000
175.0000,751.5000,50.0000,111.0000
167.0000,765.5000,50.0000,111.0000
175.0000,751.5000,50.0000,111.0000
175.0000,751.5000,50.0000,111.0000
785.1379,160.8879,40.7242,71.2242
779.3763,164.6263,37.2474,67.7475
175.0000,751.5000,50.0000,111.0000
175.0000,751.5000,50.0000,111.0000
175.0000,751.5000,50.0000,111.0000
175.0000,780.5000,50.0000,111.0000
175.0000,779.5000,50.0000,111.0000
175.0000,779.5000,50.0000,111.0000
175.0000,779.5000,50.0000,111.0000
175.0000,780.5000,50.0000,111.0000
175.0000,809.5000,50.0000,111.0000
175.0000,780.5000,50.0000,111.0000
175.0000,751.5000,50.0000,111.0000
175.0000,751.5000,50.0000,111.0000
167.0000,765.5000,50.0000,111.0000
175.0000,751.5000,50.0000,111.0000
175.0000,751.5000,50.0000,111.0000
175.0000,751.5000,50.0000,111.0000
175.0000,751.5000,50.0000,111.0000
175.0000,751.5000,50.0000,111.0000
175.0000,751.5000,50.0000,111.0000
175.0000,751.5000,50.0000,111.0000
175.0000,750.5000,50.0000,111.0000
175.0000,722.5000,50.0000,111.0000
175.0000,663.5000,50.0000,111.0000
175.0000,649.5000,50.0000,111.0000
685.4626,160.7126,45.0749,75.5749
175.0000,635.5000,50.0000,111.0000
684.6484,155.8984,57.7032,88.2032
672.4376,158.6876,57.1248,87.6248
175.0000,635.5000,50.0000,111.0000
670.3514,164.6015,40.2971,70.7971
655.9764,146.2264,62.0473,92.5473
655.2712,159.0212,51.4575,81.9575
650.4922,148.2422,57.0156,87.5156
670.1317,162.8817,36.7367,67.2367
617.5034,154.7534,61.9932,92.4932
579.1782,153.9281,54.6437,85.1437
175.0000,533.5000,50.0000,111.0000
183.0000,533.5000,50.0000,111.0000
175.0000,547.5000,50.0000,111.0000
552.0068,160.7568,61.9865,92.4865
540.9088,157.1587,66.1825,96.6825
560.9454,153.6954,65.1092,95.6092
564.4712,149.7212,64.0576,94.5576
553.4081,149.1581,63.1838,93.6838
558.9596,155.2096,59.0808,89.5808
548.6838,154.9337,65.6325,96.1325
534.2976,156.5476,60.4048,90.9048
553.4664,152.2164,64.0673,94.5673
568.9487,159.6988,53.1025,83.6025
585.5385,165.2885,50.9230,81.4230
574.8993,171.1493,46.2014,76.7014
571.9169,169.1669,49.1661,79.6661
175.0000,576.5000,50.0000,111.0000
184.0000,591.5000,50.0000,111.0000
634.8964,175.1464,43.2071,73.7071
183.0000,591.5000,50.0000,111.0000
184.0000,591.5000,50.0000,111.0000
175.0000,605.5000,50.0000,111.0000
175.0000,605.5000,50.0000,111.0000
175.0000,605.5000,50.0000,111.0000
191.0000,634.5000,50.0000,111.0000
191.0000,634.5000,50.0000,111.0000
670.6757,171.9257,32.6485,63.1485
175.0000,634.5000,50.0000,111.0000
191.0000,634.5000,50.0000,111.0000
653.8810,163.6310,48.2379,78.7379
659.5760,166.3260,43.8481,74.3481
175.0000,634.5000,50.0000,111.0000
175.0000,634.5000,50.0000,111.0000
647.3757,163.1257,47.2486,77.7486
175.0000,634.5000,50.0000,111.0000
659.0223,169.7724,38.9553,69.4553
647.8989,160.6489,49.2023,79.7023
660.1091,164.3591,39.7817,70.2817
175.0000,634.5000,50.0000,111.0000
626.1572,163.9072,50.6856,81.1856
641.3918,165.6418,48.2164,78.7164
175.0000,634.5000,50.0000,111.0000
175.0000,634.5000,50.0000,111.0000
668.3229,168.5729,34.3541,64.8541
654.0313,156.7813,50.9374,81.4374
662.3763,158.1263,37.2474,67.7475
167.0000,634.5000,50.0000,111.0000
175.0000,634.5000,50.0000,111.0000
167.0000,634.5000,50.0000,111.0000
166.0000,634.5000,50.0000,111.0000
159.0000,634.5000,50.0000,111.0000
166.0000,634.5000,50.0000,111.0000
159.0000,634.5000,50.0000,111.0000
159.0000,634.5000,50.0000,111.0000
159.0000,634.5000,50.0000,111.0000
175.0000,634.5000,50.0000,111.0000
159.0000,634.5000,50.0000,111.0000
159.0000,634.5000,50.0000,111.0000
615.0000,304.5000,50.0000,111.0000
175.0000,416.5000,50.0000,111.0000
615.0000,304.5000,50.0000,111.0000
159.0000,634.5000,50.0000,111.0000
175.0000,605.5000,50.0000,111.0000
159.0000,634.5000,50.0000,111.0000
175.0000,634.5000,50.0000,111.0000
175.0000,547.5000,50.0000,111.0000
175.0000,489.5000,50.0000,111.0000
175.0000,518.5000,50.0000,111.0000
175.0000,576.5000,50.0000,111.0000
175.0000,605.5000,50.0000,111.0000
175.0000,576.5000,50.0000,111.0000
175.0000,518.5000,50.0000,111.0000
175.0000,547.5000,50.0000,111.0000
159.0000,518.5000,50.0000,111.0000
158.0000,474.5000,50.0000,111.0000
142.0000,431.5000,50.0000,111.0000
175.0000,431.5000,50.0000,111.0000
142.0000,605.5000,50.0000,111.0000
142.0000,605.5000,50.0000,111.0000
142.0000,605.5000,50.0000,111.0000
142.0000,547.5000,50.0000,111.0000
142.0000,547.5000,50.0000,111.0000
142.0000,547.5000,50.0000,111.0000
142.0000,518.5000,50.0000,111.0000
126.0000,532.5000,50.0000,111.0000
142.0000,547.5000,50.0000,111.0000
126.0000,532.5000,50.0000,111.0000
142.0000,518.5000,50.0000,111.0000
126.0000,533.5000,50.0000,111.0000
126.0000,533.5000,50.0000,111.0000
126.0000,518.5000,50.0000,111.0000
126.0000,532.5000,50.0000,111.0000
142.0000,489.5000,50.0000,111.0000
126.0000,590.5000,50.0000,111.0000
126.0000,591.5000,50.0000,111.0000
110.0000,605.5000,50.0000,111.0000
126.0000,591.5000,50.0000,111.0000
110.0000,634.5000,50.0000,111.0000
110.0000,605.5000,50.0000,111.0000
110.0000,605.5000,50.0000,111.0000
110.0000,634.5000,50.0000,111.0000
109.0000,634.5000,50.0000,111.0000
109.0000,634.5000,50.0000,111.0000
93.0000,634.5000,50.0000,111.0000
109.0000,634.5000,50.0000,111.0000
109.0000,634.5000,50.0000,111.0000
109.0000,634.5000,50.0000,111.0000
93.0000,634.5000,50.0000,111.0000
94.0000,634.5000,50.0000,111.0000
77.0000,634.5000,50.0000,111.0000
77.0000,634.5000,50.0000,111.0000
77.0000,634.5000,50.0000,111.0000
77.0000,634.5000,50.0000,111.0000
77.0000,634.5000,50.0000,111.0000
660.6888,54.4388,51.6224,82.1224
653.1004,49.3504,49.7992,80.2992
646.4922,44.2422,57.0156,87.5156
645.3481,46.5981,52.3038,82.8038
655.1259,55.3759,42.7482,73.2482
61.0000,634.5000,50.0000,111.0000
60.0000,634.5000,50.0000,111.0000
664.3837,47.6337,41.2327,71.7327
61.0000,634.5000,50.0000,111.0000
667.5070,55.2570,33.9861,64.4861
641.9948,38.7448,61.0104,91.5104
650.1125,42.8625,53.7750,84.2750
650.0000,41.2500,55.0000,85.5000
662.1259,48.3759,41.7481,72.2481
665.6260,45.8761,39.7479,70.2479
647.0764,45.8263,47.8473,78.3473
60.0000,634.5000,50.0000,111.0000
44.0000,634.5000,50.0000,111.0000
44.0000,634.5000,50.0000,111.0000
44.0000,634.5000,50.0000,111.0000
44.0000,634.5000,50.0000,111.0000
44.0000,634.5000,50.0000,111.0000
44.0000,634.5000,50.0000,111.0000
44.0000,634.5000,50.0000,111.0000
44.0000,635.5000,50.0000,111.0000
44.0000,635.5000,50.0000,111.0000
44.0000,635.5000,50.0000,111.0000
60.0000,635.5000,50.0000,111.0000
60.0000,635.5000,50.0000,111.0000
60.0000,635.5000,50.0000,111.0000
615.0000,304.5000,50.0000,111.0000
615.0000,304.5000,50.0000,111.0000
615.0000,304.5000,50.0000,111.0000
615.0000,304.5000,50.0000,111.0000
615.0000,304.5000,50.0000,111.0000
615.0000,304.5000,50.0000,111.0000
615.0000,304.5000,50.0000,111.0000
615.0000,304.5000,50.0000,111.0000
615.0000,304.5000,50.0000,111.0000
615.0000,304.5000,50.0000,111.0000
615.0000,304.5000,50.0000,111.0000
615.0000,304.5000,50.0000,111.0000
615.0000,304.5000,50.0000,111.0000
615.0000,304.5000,50.0000,111.0000
615.0000,304.5000,50.0000,111.0000
615.0000,304.5000,50.0000,111.0000
615.0000,304.5000,50.0000,111.0000
615.0000,304.5000,50.0000,111.0000
615.0000,304.5000,50.0000,111.0000
615.0000,304.5000,50.0000,111.0000
615.0000,304.5000,50.0000,111.0000
615.0000,304.5000,50.0000,111.0000
615.0000,304.5000,50.0000,111.0000
615.0000,304.5000,50.0000,111.0000
615.0000,304.5000,50.0000,111.0000
615.0000,304.5000,50.0000,111.0000
615.0000,304.5000,50.0000,111.0000
615.0000,304.5000,50.0000,111.0000
615.0000,304.5000,50.0000,111.0000
615.0000,304.5000,50.0000,111.0000
615.0000,304.5000,50.0000,111.0000
615.0000,304.5000,50.0000,111.0000
615.0000,304.5000,50.0000,111.0000
615.0000,304.5000,50.0000,111.0000
615.0000,304.5000,50.0000,111.0000
615.0000,304.5000,50.0000,111.0000
615.0000,304.5000,50.0000,111.0000
615.0000,304.5000,50.0000,111.0000
615.0000,304.5000,50.0000,111.0000
615.0000,304.5000,50.0000,111.0000
615.0000,304.5000,50.0000,111.0000
615.0000,304.5000,50.0000,111.0000
615.0000,304.5000,50.0000,111.0000
615.0000,304.5000,50.0000,111.0000
615.0000,304.5000,50.0000,111.0000
615.0000,304.5000,50.0000,111.0000
615.0000,304.5000,50.0000,111.0000
615.0000,304.5000,50.0000,111.0000
615.0000,304.5000,50.0000,111.0000
615.0000,304.5000,50.0000,111.0000
615.0000,304.5000,50.0000,111.0000
615.0000,304.5000,50.0000,111.0000
615.0000,304.5000,50.0000,111.0000
615.0000,304.5000,50.0000,111.0000
615.0000,304.5000,50.0000,111.0000
615.0000,304.5000,50.0000,111.0000
615.0000,304.5000,50.0000,111.0000
615.0000,304.5000,50.0000,111.0000
615.0000,304.5000,50.0000,111.0000
615.0000,304.5000,50.0000,111.0000
615.0000,304.5000,50.0000,111.0000
615.0000,304.5000,50.0000,111.0000
615.0000,304.5000,50.0000,111.0000
615.0000,304.5000,50.0000,111.0000
615.0000,304.5000,50.0000,111.0000
615.0000,304.5000,50.0000,111.0000
615.0000,304.5000,50.0000,111.0000
615.0000,304.5000,50.0000,111.0000
615.0000,304.5000,50.0000,111.0000
615.0000,304.5000,50.0000,111.0000
615.0000,304.5000,50.0000,111.0000
615.0000,304.5000,50.0000,111.0000
615.0000,304.5000,50.0000,111.0000
615.0000,304.5000,50.0000,111.0000
615.0000,304.5000,50.0000,111.0000
615.0000,304.5000,50.0000,111.0000
615.0000,304.5000,50.0000,111.0000
615.0000,304.5000,50.0000,111.0000
615.0000,304.5000,50.0000,111.0000
615.0000,304.5000,50.0000,111.0000
615.0000,304.5000,50.0000,111.0000
615.0000,304.5000,50.0000,111.0000
615.0000,304.5000,50.0000,111.0000
44.0000,722.5000,50.0000,111.0000
615.0000,304.5000,50.0000,111.0000
615.0000,304.5000,50.0000,111.0000
615.0000,304.5000,50.0000,111.0000
615.0000,304.5000,50.0000,111.0000
615.0000,304.5000,50.0000,111.0000
615.0000,304.5000,50.0000,111.0000
615.0000,304.5000,50.0000,111.0000
615.0000,304.5000,50.0000,111.0000
615.0000,304.5000,50.0000,111.0000
615.0000,304.5000,50.0000,111.0000
615.0000,304.5000,50.0000,111.0000
615.0000,304.5000,50.0000,111.0000
615.0000,304.5000,50.0000,111.0000
615.0000,304.5000,50.0000,111.0000
44.0000,751.5000,50.0000,111.0000
44.0000,751.5000,50.0000,111.0000
44.0000,751.5000,50.0000,111.0000
44.0000,751.5000,50.0000,111.0000
44.0000,751.5000,50.0000,111.0000
44.0000,751.5000,50.0000,111.0000
60.0000,751.5000,50.0000,111.0000
60.0000,751.5000,50.0000,111.0000
61.0000,751.5000,50.0000,111.0000
60.0000,751.5000,50.0000,111.0000
60.0000,751.5000,50.0000,111.0000
44.0000,751.5000,50.0000,111.0000
60.0000,751.5000,50.0000,111.0000
615.0000,304.5000,50.0000,111.0000
61.0000,751.5000,50.0000,111.0000
61.0000,751.5000,50.0000,111.0000
69.0000,751.5000,50.0000,111.0000
61.0000,751.5000,50.0000,111.0000
61.0000,751.5000,50.0000,111.0000
60.0000,751.5000,50.0000,111.0000
61.0000,751.5000,50.0000,111.0000
61.0000,751.5000,50.0000,111.0000
44.0000,751.5000,50.0000,111.0000
60.0000,751.5000,50.0000,111.0000
60.0000,751.5000,50.0000,111.0000
60.0000,751.5000,50.0000,111.0000
60.0000,751.5000,50.0000,111.0000
60.0000,751.5000,50.0000,111.0000
60.0000,751.5000,50.0000,111.0000
61.0000,751.5000,50.0000,111.0000
61.0000,751.5000,50.0000,111.0000
61.0000,751.5000,50.0000,111.0000
61.0000,751.5000,50.0000,111.0000
61.0000,750.5000,50.0000,111.0000
61.0000,750.5000,50.0000,111.0000
60.0000,751.5000,50.0000,111.0000
60.0000,750.5000,50.0000,111.0000
778.7673,50.5173,39.4655,69.9655
60.0000,751.5000,50.0000,111.0000
61.0000,751.5000,50.0000,111.0000
61.0000,751.5000,50.0000,111.0000
61.0000,751.5000,50.0000,111.0000
60.0000,751.5000,50.0000,111.0000
60.0000,751.5000,50.0000,111.0000
61.0000,751.5000,50.0000,111.0000
61.0000,751.5000,50.0000,111.0000
61.0000,751.5000,50.0000,111.0000
61.0000,751.5000,50.0000,111.0000
68.0000,736.5000,50.0000,111.0000
69.0000,736.5000,50.0000,111.0000
76.0000,722.5000,50.0000,111.0000
76.0000,750.5000,50.0000,111.0000
77.0000,722.5000,50.0000,111.0000
76.0000,722.5000,50.0000,111.0000
76.0000,722.5000,50.0000,111.0000
76.0000,722.5000,50.0000,111.0000
77.0000,722.5000,50.0000,111.0000
77.0000,722.5000,50.0000,111.0000
77.0000,721.5000,50.0000,111.0000
77.0000,722.5000,50.0000,111.0000
77.0000,721.5000,50.0000,111.0000
77.0000,721.5000,50.0000,111.0000
77.0000,721.5000,50.0000,111.0000
77.0000,664.5000,50.0000,111.0000
694.5753,59.8252,49.8495,80.3495
686.6376,51.8877,65.7247,96.2247
684.4188,53.1688,58.1625,88.6625
680.2614,50.5114,63.4773,93.9773
683.6052,56.8552,55.7896,86.2896
682.1703,57.4203,55.6594,86.1594
690.6771,59.9271,51.6458,82.1458
680.0313,66.7813,38.9374,69.4374
686.3046,63.5546,44.3907,74.8907
677.8550,64.1050,49.2899,79.7899
77.0000,649.5000,50.0000,111.0000
670.3014,68.0514,44.3972,74.8972
660.7471,65.9971,46.5058,77.0058
665.7822,73.5322,42.4356,72.9356
665.2698,71.0198,53.4605,83.9605
669.1887,69.4387,54.6226,85.1226
674.0281,72.7782,44.9437,75.4437
93.0000,635.5000,50.0000,111.0000
674.2662,79.0161,40.4677,70.9677
674.3757,79.6257,46.2485,76.7485
675.5000,83.2500,41.0000,71.5000
672.7280,76.9780,50.5441,81.0441
672.9080,82.1580,48.1840,78.6840
663.8084,73.0584,62.3832,92.8831
666.3698,77.1198,58.2603,88.7603
672.5505,78.3005,55.8990,86.3990
684.3887,85.6387,35.2225,65.7225
678.4252,80.6752,50.1496,80.6496
685.5042,82.2542,39.9917,70.4917
673.5245,77.2745,47.9510,78.4510
683.2251,85.4751,32.5498,63.0498
667.4597,79.7097,56.0805,86.5805
667.1724,79.4224,51.6552,82.1552
669.4042,85.6542,51.1916,81.6916
662.8118,82.5617,61.3765,91.8765
665.9523,85.2023,59.0955,89.5955
673.8251,84.5751,62.3497,92.8497
679.8305,101.5805,37.3390,67.8390
685.7400,103.4900,37.5200,68.0200
668.5626,89.8126,54.8747,85.3747
674.5270,85.7770,61.9459,92.4459
665.7823,82.5323,71.4354,101.9354
658.8322,83.0821,71.3357,101.8357
669.6848,92.4348,58.6303,89.1303
656.6542,94.9043,59.6915,90.1915
659.8084,97.0584,62.3832,92.8831
126.0000,634.5000,50.0000,111.0000
667.0128,107.7628,63.9743,94.4743
681.1699,123.4199,33.6603,64.1603
654.9948,99.7448,61.0104,91.5104
659.4886,100.2386,69.0227,99.5227
655.7379,98.9879,71.5242,102.0242
640.3375,93.0875,71.3249,101.8249
661.3584,99.1084,69.2832,99.7832
659.5536,101.8036,66.8927,97.3927
667.6886,110.4386,56.6228,87.1228
675.4377,115.1877,46.1246,76.6246
666.7308,108.4808,57.5384,88.0384
654.4144,101.1644,68.1712,98.6712
658.7518,104.5018,60.4965,90.9965
657.5125,106.2625,64.9750,95.4750
671.5096,112.7596,50.9808,81.4808
678.0626,110.3126,58.8748,89.3748
683.3961,117.6461,61.2077,91.7077
690.0568,121.8067,56.8865,87.3865
678.7022,119.9522,65.5956,96.0956
677.6668,119.4168,65.6663,96.1663
673.5886,117.8386,65.8228,96.3228
677.2800,123.0300,62.4400,92.9399
142.0000,663.5000,50.0000,111.0000
683.1573,136.4073,48.6854,79.1854
684.2381,139.9881,56.5238,87.0238
675.9983,135.7483,61.0035,91.5035
684.8943,145.1443,45.2114,75.7114
681.7500,147.5000,45.5000,76.0000
684.0052,150.7552,36.9896,67.4896
679.7308,145.4808,57.5384,88.0384
681.8251,143.5751,62.3497,92.8497
671.6180,140.3681,67.7639,98.2639
656.0974,147.3474,69.8051,100.3051
677.1241,138.8741,78.7517,109.2517
684.8063,149.5562,69.3875,99.8875
677.3909,144.6409,73.2183,103.7183
672.8574,141.6074,77.2853,107.7853
678.4600,146.2100,75.0799,105.5799
697.0469,146.2969,72.9062,103.4062
675.3854,145.1355,80.2291,110.7291
679.5741,147.8241,73.8518,104.3518
690.8357,147.5857,72.3286,102.8286
691.2289,145.9789,66.5421,97.0421
685.9511,146.2011,71.0977,101.5977
686.8179,151.0679,66.3642,96.8642
687.3465,148.5965,68.3070,98.8070
682.6376,146.8877,65.7247,96.2247
676.2834,149.0334,62.4333,92.9333
687.4833,150.2333,55.0333,85.5333
673.9376,157.1877,51.1247,81.6247
675.1752,151.9252,57.6497,88.1497
676.4901,155.7401,63.0197,93.5197
676.8026,158.0526,59.3948,89.8948
679.3754,160.6255,59.2491,89.7491
662.1039,155.8539,65.7922,96.2922
665.8289,162.0789,65.3423,95.8423
659.2412,164.4912,60.5176,91.0176
657.3940,167.1440,65.2119,95.7119
650.8840,167.6340,61.2319,91.7319
659.0150,176.2650,49.9700,80.4700
672.2337,179.4837,36.5326,67.0326
660.5405,166.7905,58.9190,89.4190
655.9643,165.7143,60.0714,90.5714
655.8645,167.1145,59.2710,89.7710
654.8585,170.1084,54.2831,84.7831
652.3536,173.1036,59.2929,89.7929
660.4891,176.7391,48.0217,78.5217
656.6045,175.8545,60.7911,91.2911
652.2217,173.4717,62.5566,93.0566
642.3466,169.0966,66.3068,96.8068
647.3063,174.5562,59.3875,89.8875
635.7209,173.9709,61.5582,92.0582
634.0214,172.2713,65.9573,96.4573
639.3467,171.5968,64.3065,94.8065
642.8798,175.1298,54.2404,84.7404
646.9604,175.7105,55.0791,85.5791
636.2711,173.0211,63.4578,93.9578
639.8981,176.1480,58.2039,88.7039
648.4003,176.1503,55.1993,85.6993
645.7941,168.0441,60.4119,90.9119
654.1111,163.3611,59.7779,90.2779
648.7127,162.9627,63.5746,94.0746
647.9764,164.2264,62.0473,92.5473
647.7127,166.9627,63.5746,94.0746
635.1986,164.9486,67.6028,98.1028
628.0312,164.2813,68.9375,99.4375
630.8297,167.0797,63.3406,93.8406
627.7206,166.4706,67.5588,98.0588
631.3464,165.0964,70.3073,100.8073
627.3134,163.5633,67.3733,97.8733
616.4584,163.2084,73.0833,103.5833
626.0000,164.2500,69.0000,99.5000
617.7621,164.0121,71.4758,101.9758
613.2255,162.4755,78.5490,109.0490
620.8161,164.0661,69.3678,99.8678
628.6464,169.3964,60.7071,91.2071
641.0068,165.2568,61.9865,92.4865
634.3013,170.0513,55.3974,85.8974
175.0000,634.5000,50.0000,111.0000
191.0000,591.5000,50.0000,111.0000
650.3760,172.1260,41.2481,71.7481
641.6062,172.3562,50.7876,81.2876
631.3013,169.0513,55.3974,85.8974
611.4606,169.2106,63.0789,93.5789
618.9433,171.1933,58.1134,88.6134
628.6257,173.8757,47.7486,78.2486
607.9424,165.1924,64.1152,94.6152
626.6676,172.4176,54.6648,85.1648
622.0941,169.3441,52.8119,83.3119
609.4376,163.6876,61.1248,91.6248
604.6191,162.8691,64.7618,95.2618
613.7808,162.5309,61.4383,91.9383
650.4521,169.7021,38.0958,68.5958
175.0000,605.5000,50.0000,111.0000
630.9161,165.6661,51.1677,81.6677
637.7596,169.0096,44.4808,74.9808
636.7400,173.4900,37.5200,68.0200
628.4633,170.7133,42.0734,72.5734
175.0000,576.5000,50.0000,111.0000
183.0000,533.5000,50.0000,111.0000
578.5734,160.3234,59.8533,90.3533
568.9799,161.2299,56.0403,86.5403
571.8879,162.1379,55.2242,85.7242
175.0000,576.5000,50.0000,111.0000
191.0000,576.5000,50.0000,111.0000
598.2212,163.9712,57.5576,88.0576
599.1351,162.8851,63.7298,94.2298
612.6674,161.9174,63.6652,94.1652
599.6697,169.9197,47.6605,78.1605
175.0000,576.5000,50.0000,111.0000
595.3623,164.1123,58.2754,88.7754
579.1901,165.9401,62.6198,93.1198
585.5871,163.3371,70.8258,101.3258
597.4266,168.1766,59.1467,89.6467
600.2004,170.4504,61.5992,92.0992
594.0053,165.7553,71.9894,102.4894
593.3754,173.6254,68.2493,98.7493
589.1458,176.3958,67.7083,98.2083
581.2046,182.9546,52.5908,83.0908
579.1752,184.4252,57.6497,88.1497
585.7838,186.5338,56.4325,86.9325
586.8091,189.0591,51.3818,81.8818
580.4414,188.1914,58.1172,88.6172
580.6203,187.3703,61.7594,92.2594
584.9356,188.6856,56.1288,86.6288
579.5626,185.8126,64.8748,95.3748
583.3616,180.6116,61.2767,91.7767
581.3133,178.0633,70.3735,100.8735
584.8119,177.5619,70.3762,100.8762
588.1691,179.4191,70.6618,101.1618
590.3132,179.5632,73.3735,103.8735
597.8436,183.5936,68.3128,98.8128
596.9078,185.6579,69.1843,99.6843
578.4603,187.2103,69.0795,99.5795
576.0050,188.2550,74.9900,105.4900
564.7513,192.5013,74.4975,104.9975
561.4584,196.2084,79.0833,109.5833
563.9229,194.6728,80.1543,110.6543
567.8073,196.5573,78.3854,108.8854
563.0743,201.8243,72.8513,103.3513
550.7939,206.5439,73.4123,103.9123
553.2829,207.5329,72.4342,102.9342
569.8972,206.6472,79.2056,109.7056
571.4716,216.2216,58.0568,88.5568
588.9433,216.1933,58.1134,88.6134
590.0081,220.7581,55.9839,86.4839
594.0836,225.8336,51.8328,82.3328
589.2267,223.4767,54.5466,85.0466
570.4833,222.7333,55.0333,85.5333
573.0566,220.3066,66.8867,97.3867
580.1296,227.8796,55.7409,86.2409
576.6550,227.9050,54.6901,85.1901
579.7778,236.5278,47.4444,77.9444
570.2366,227.9865,57.5269,88.0269
568.2322,228.4821,63.5357,94.0357
565.3450,230.0950,68.3099,98.8099
563.9308,229.6808,71.1384,101.6384
554.2913,234.0413,76.4174,106.9174
544.9858,232.7359,78.0283,108.5283
542.9988,236.7487,75.0025,105.5025
537.8442,240.5942,75.3115,105.8115
553.7346,243.4846,57.5308,88.0308
561.7516,248.5016,64.4968,94.9968
544.9390,246.6889,71.1221,101.6221
555.2337,249.4837,59.5326,90.0326
547.3563,254.1063,54.2874,84.7874
554.9943,254.2443,47.0114,77.5114
555.9188,256.1688,48.1625,78.6625
560.3670,255.1170,62.2659,92.7659
551.7824,254.0324,65.4351,95.9351
556.4114,259.6614,63.1772,93.6772
550.1776,259.4276,65.6448,96.1448
540.9511,257.2011,71.0977,101.5977
537.9440,257.6939,74.1121,104.6121
543.8288,260.5788,69.3424,99.8424
547.4653,260.2153,70.0694,100.5694
541.0125,262.2625,74.9750,105.4750
540.8442,260.0942,81.3116,111.8116
540.0425,260.7925,77.9150,108.4150
532.9796,263.2296,80.0409,110.5409
537.8896,264.6396,73.2208,103.7208
542.0939,265.8440,66.8121,97.3121
543.1058,265.8558,69.7884,100.2884
543.7333,266.4833,77.5333,108.0333
538.7297,260.9797,83.5406,114.0406
539.6370,263.3870,83.7261,114.2261
535.5362,263.2862,81.9276,112.4276
534.7267,262.4767,89.5465,120.0465
538.4237,265.6737,79.1526,109.6526
532.5576,266.8076,74.8849,105.3849
526.2711,264.0211,75.4579,105.9579
520.1972,266.4472,73.6056,104.1056
524.9569,271.7069,67.0862,97.5862
520.3055,272.5555,64.3891,94.8891
518.0214,273.2714,65.9573,96.4573
516.3464,273.0963,70.3073,100.8073
515.6882,270.4382,72.6235,103.1235
511.6672,267.9172,72.6655,103.1655
504.0053,268.2553,71.9894,102.4894
500.1762,260.9262,71.6476,102.1476
500.0522,264.8022,66.8957,97.3957
506.8867,268.6367,58.2265,88.7265
502.1903,267.4403,59.6194,90.1194
499.5190,259.7690,70.9619,101.4619
501.4005,259.1505,72.1990,102.6990
500.1655,255.9155,71.6690,102.1690
499.8714,256.6214,73.2571,103.7571
493.0442,255.7942,75.9117,106.4117
490.9287,256.6787,74.1426,104.6426
481.3591,257.6091,71.2817,101.7817
466.9969,261.2469,66.0061,96.5061
479.0689,265.8189,54.8622,85.3622
469.8726,261.6226,70.2548,100.7548
464.1107,263.3607,67.7785,98.2785
455.7209,266.9709,61.5582,92.0582
464.0053,260.7553,71.9894,102.4894
477.9601,267.7101,50.0799,80.5799
458.9939,261.7439,66.0122,96.5122
273.0000,459.5000,50.0000,111.0000
273.0000,459.5000,50.0000,111.0000
476.5952,263.8452,53.8097,84.3097
487.4093,254.1593,69.1814,99.6814
485.7917,254.5417,56.4166,86.9166
493.0835,249.3335,60.8329,91.3329
483.9565,262.7065,35.0871,65.5871
265.0000,416.5000,50.0000,111.0000
491.1947,256.9447,38.6107,69.1107
265.0000,445.5000,50.0000,111.0000
471.8804,241.1304,51.2393,81.7393
475.1360,234.8860,54.7279,85.2279
510.7804,239.5304,41.4393,71.9393
249.0000,475.5000,50.0000,111.0000
517.0312,218.7813,62.9375,93.4374
509.5270,222.7771,61.9459,92.4459
240.0000,518.5000,50.0000,111.0000
511.1292,222.3792,58.7417,89.2417
526.8417,227.0917,43.3167,73.8167
240.0000,489.5000,50.0000,111.0000
540.5089,234.2589,31.9821,62.4821
240.0000,489.5000,50.0000,111.0000
514.8542,236.1042,42.2916,72.7916
240.0000,460.5000,50.0000,111.0000
240.0000,489.5000,50.0000,111.0000
240.0000,460.5000,50.0000,111.0000
459.9141,226.1640,54.1719,84.6719
241.0000,430.5000,50.0000,111.0000
240.0000,460.5000,50.0000,111.0000
454.2964,220.0464,69.4072,99.9072
480.9799,223.2299,56.0403,86.5403
240.0000,460.5000,50.0000,111.0000
240.0000,460.5000,50.0000,111.0000
240.0000,430.5000,50.0000,111.0000
462.9477,211.1977,56.1047,86.6047
455.9523,209.2023,59.0955,89.5955
240.0000,402.5000,50.0000,111.0000
232.0000,416.5000,50.0000,111.0000
224.0000,416.5000,50.0000,111.0000
208.0000,460.5000,50.0000,111.0000
224.0000,416.5000,50.0000,111.0000
224.0000,416.5000,50.0000,111.0000
224.0000,416.5000,50.0000,111.0000
208.0000,416.5000,50.0000,111.0000
191.0000,416.5000,50.0000,111.0000
207.0000,431.5000,50.0000,111.0000
477.3298,156.5798,52.3404,82.8404
175.0000,460.5000,50.0000,111.0000
207.0000,402.5000,50.0000,111.0000
192.0000,402.5000,50.0000,111.0000
191.0000,416.5000,50.0000,111.0000
191.0000,416.5000,50.0000,111.0000
183.0000,416.5000,50.0000,111.0000
183.0000,416.5000,50.0000,111.0000
175.0000,402.5000,50.0000,111.0000
175.0000,402.5000,50.0000,111.0000
191.0000,402.5000,50.0000,111.0000
191.0000,402.5000,50.0000,111.0000
175.0000,402.5000,50.0000,111.0000
175.0000,402.5000,50.0000,111.0000
175.0000,402.5000,50.0000,111.0000
422.5626,139.3126,73.8748,104.3748
439.5718,162.3218,38.8564,69.3564
175.0000,402.5000,50.0000,111.0000
440.7918,156.5418,38.4164,68.9164
175.0000,402.5000,50.0000,111.0000
175.0000,401.5000,50.0000,111.0000
175.0000,401.5000,50.0000,111.0000
175.0000,373.5000,50.0000,111.0000
175.0000,344.5000,50.0000,111.0000
143.0000,314.5000,50.0000,111.0000
142.0000,314.5000,50.0000,111.0000
142.0000,314.5000,50.0000,111.0000
142.0000,314.5000,50.0000,111.0000
343.5761,132.8261,52.8478,83.3478
336.6587,133.9087,47.6826,78.1826
337.8924,120.6424,76.2152,106.7152
332.3707,123.1207,79.2586,109.7586
335.1900,127.9400,64.6201,95.1201
334.8398,137.5898,42.3205,72.8205
150.0000,300.5000,50.0000,111.0000
158.0000,286.5000,50.0000,111.0000
142.0000,286.5000,50.0000,111.0000
142.0000,285.5000,50.0000,111.0000
158.0000,285.5000,50.0000,111.0000
615.0000,304.5000,50.0000,111.0000
615.0000,304.5000,50.0000,111.0000
615.0000,304.5000,50.0000,111.0000
615.0000,304.5000,50.0000,111.0000
615.0000,304.5000,50.0000,111.0000
143.0000,285.5000,50.0000,111.0000
