0.439854
0.054383
0.051032
0.044955
0.044977
0.044542
0.044300
0.049180
0.045868
0.046697
0.044765
0.044701
0.050570
0.044971
0.039283
0.038617
0.049637
0.052653
0.050230
0.049883
0.048153
0.047954
0.055365
0.044342
0.046482
0.066963
0.060657
0.046834
0.046724
0.047820
0.046064
0.044887
0.052835
0.044189
0.056614
0.046934
0.043860
0.045278
0.045627
0.044081
0.054321
0.049273
0.045696
0.047761
0.044267
0.049713
0.045173
0.044049
0.043040
0.044986
0.053500
0.044922
0.053464
0.045844
0.058949
0.063132
0.043517
0.044064
0.038081
0.035708
0.035339
0.034573
0.037623
0.035776
0.034575
0.027872
0.033401
0.041388
0.039242
0.041067
0.040234
0.038292
0.037843
0.048844
0.044868
0.055348
0.038196
0.040199
0.038391
0.040758
0.039829
0.039511
0.043228
0.042883
0.040191
0.041349
0.039071
0.062524
0.039937
0.041941
0.041837
0.041625
0.044105
0.041721
0.041085
0.040324
0.042403
0.040141
0.043797
0.054971
0.036104
0.039156
0.038207
0.038159
0.038129
0.041498
0.038096
0.041856
0.041189
0.044944
0.044007
0.046319
0.040523
0.043258
0.041781
0.037865
0.037779
0.040537
0.038851
0.047429
0.038363
0.038207
0.041387
0.032653
0.048194
0.032965
0.035177
0.033318
0.033020
0.035358
0.044082
0.048207
0.049303
0.040869
0.049728
0.048548
0.060637
0.040664
0.046603
0.046306
0.061016
0.045940
0.047748
0.048077
0.049562
0.055277
0.073323
0.045353
0.067105
0.066712
0.050131
0.045634
0.047855
0.046307
0.045376
0.047150
0.059072
0.059026
0.054235
0.053926
0.058748
0.059625
0.050958
0.036542
0.053647
0.043445
0.043474
0.043274
0.041816
0.044417
0.042715
0.044598
0.047129
0.048357
0.057122
0.059124
0.050003
0.023730
0.022676
0.029475
0.041132
0.034358
0.031834
0.035789
0.035569
0.036757
0.044891
0.043105
0.044103
0.044505
0.043981
0.048858
0.044510
0.046014
0.047367
0.046198
0.050313
0.042093
0.043899
0.042885
0.050239
0.042985
0.043444
0.043010
0.043175
0.058880
0.055996
0.044356
0.044322
0.045863
0.044707
0.044996
0.044778
0.045905
0.047254
0.046962
0.046148
0.047375
0.048938
0.049073
0.044156
0.044938
0.044723
0.046390
0.048143
0.046445
0.044393
0.050027
0.043968
0.046674
0.044678
0.045825
0.056488
0.047249
0.061025
0.050185
0.049345
0.045559
0.051174
0.045367
0.043940
0.044174
0.036802
0.022166
0.034409
0.043186
0.043693
0.045661
0.051158
0.057759
0.045598
0.045992
0.044472
0.046186
0.051468
0.047759
0.044127
0.057593
0.051136
0.041603
0.043638
0.043751
0.041302
0.051257
0.043376
0.046729
0.049616
0.049080
0.038050
0.042866
0.042768
0.044610
0.044590
0.045388
0.045009
0.042950
0.049290
0.042679
0.045290
0.036781
0.043416
0.052488
0.046990
0.052076
0.045071
0.049365
0.046184
0.048102
0.044965
0.043805
0.044070
0.046683
0.041210
0.042031
0.047468
0.046316
0.064332
0.050309
0.047872
0.051710
0.052452
0.044895
0.044134
0.047734
0.050790
0.044822
0.046236
0.047505
0.047740
0.049426
0.044156
0.046393
0.044740
0.044216
0.045672
0.044831
0.044063
0.047819
0.046792
0.047019
0.048464
0.047578
0.048795
0.047556
0.047390
0.046944
0.049791
0.047217
0.051277
0.047399
0.046084
0.050223
0.046482
0.046689
0.046654
0.047548
0.046833
0.046366
0.048449
0.046569
0.046154
0.046345
0.047444
0.046658
0.046086
0.047873
0.046290
0.050808
0.048479
0.053188
0.046973
0.047056
0.046999
0.046806
0.046476
0.046716
0.046804
0.046767
0.046068
0.046352
0.047013
0.046541
0.047202
0.050020
0.049889
0.046095
0.049500
0.047315
0.046043
0.046733
0.043465
0.048087
0.045876
0.049901
0.047258
0.049656
0.047975
0.047354
0.048119
0.050208
0.049726
0.049343
0.046500
0.046145
0.048019
0.046947
0.051561
0.046830
0.048206
0.048149
0.052132
0.053941
0.046346
0.046899
0.053854
0.047156
0.051504
0.054262
0.054746
0.058078
0.046397
0.063576
0.062521
0.055196
0.052735
0.045935
0.048244
0.041126
0.052936
0.047394
0.047500
0.047285
0.046999
0.046799
0.049781
0.051317
0.060276
0.049491
0.046775
0.049151
0.047719
0.046171
0.046800
0.055925
0.045795
0.048059
0.049118
0.048455
0.047558
0.046854
0.050188
0.049618
0.047222
0.058183
0.047873
0.047338
0.058702
0.046371
0.047071
0.049336
0.055332
0.046209
0.048640
0.046280
0.052326
0.046688
0.047190
0.046744
0.050167
0.046349
0.048017
0.047833
0.047132
0.046241
0.048076
0.046453
0.045158
0.052285
0.046217
0.044257
0.047678
0.051642
0.047272
0.045389
0.054532
0.047694
0.051679
0.049299
0.045043
0.058968
0.045159
0.055793
0.046313
0.047734
0.047376
0.047582
0.050259
0.047347
0.046922
0.047344
0.051091
0.046622
0.047457
0.053891
0.050619
0.048662
0.047554
0.046493
0.052579
0.046236
0.047233
0.049170
0.045894
0.046244
0.042614
0.047352
0.041982
0.040682
0.052156
0.042626
0.041125
0.041055
0.041698
0.040269
0.040834
0.055163
0.059073
0.058545
0.069190
0.041371
0.048412
0.058654
0.045842
0.052285
0.040435
0.049811
0.048896
0.058683
0.045622
0.038271
0.048013
0.025325
0.027690
0.030493
0.030367
0.032290
0.031001
0.043186
0.035236
0.033300
0.035343
0.037632
0.033732
0.041209
0.034014
0.032930
0.038513
0.041295
0.041376
0.041282
0.040878
0.042235
0.043260
0.043831
0.046412
0.044239
0.038625
0.040033
0.040607
0.045156
0.053180
0.043896
0.042706
0.040166
0.039341
0.040670
0.039073
0.040007
0.053926
0.049220
0.043700
0.042436
0.042550
0.050694
0.041845
0.047386
0.043212
0.047129
0.032499
0.036509
0.036857
0.038886
0.041369
0.036272
0.042249
0.037986
0.039456
0.044239
0.043300
0.042205
0.043804
0.045685
0.058384
0.044836
0.044325
0.043284
0.042599
0.042917
0.046156
0.043948
0.046036
0.045200
0.044167
0.045258
0.044449
0.045503
0.044440
0.043434
0.046618
0.044211
0.051168
0.046392
0.050896
0.044035
0.044789
0.045553
0.044469
0.035474
0.033389
0.037200
0.036289
0.035306
0.042606
0.042172
0.028935
0.031927
0.036494
0.035113
0.035761
0.037245
0.035082
0.035352
0.035370
0.036020
0.039767
0.044019
0.043109
0.039495
0.040317
0.040111
0.043548
0.042457
0.042713
0.042756
0.055857
0.039511
0.041073
0.042793
0.042098
0.043763
0.062010
0.041645
0.043024
0.042199
0.042876
0.042953
0.043444
0.044963
0.044052
0.045476
0.043816
0.047263
0.046194
0.044311
0.048453
0.045794
0.043746
0.047153
0.048520
0.045551
0.050227
0.046723
0.047348
0.047320
0.047756
0.052302
0.052912
0.049531
0.055104
0.039418
0.042454
0.045065
0.046221
0.055496
0.053877
0.044784
0.046761
0.045568
0.045054
0.046427
0.045168
0.046457
0.045014
0.043797
0.044187
0.045341
0.044883
0.050562
0.045222
0.048292
0.045528
0.045506
0.051574
0.049289
0.052722
0.071063
0.053672
0.054891
0.046019
0.047192
0.045954
0.046307
0.049234
0.049827
0.050942
0.076290
0.047512
0.049313
0.050956
0.043324
0.047738
0.047610
0.047339
0.047615
0.045185
0.059725
0.061832
0.052871
0.049739
0.049248
0.048258
0.047601
0.050531
0.055349
0.065083
0.058684
0.069753
0.057545
0.057417
0.065763
0.060623
0.049087
0.049394
0.043923
0.053103
0.046715
0.044695
0.044615
0.044379
0.047438
0.047499
0.045079
0.044061
0.046182
0.046720
0.047241
0.047507
0.049650
0.047332
0.048725
0.047334
0.051038
0.045961
0.046792
0.049786
0.049191
0.049435
0.049584
0.049599
0.046977
0.048809
0.046713
0.047798
0.047723
0.046821
0.047188
0.048496
0.046540
0.054743
0.046201
0.047958
0.046578
0.047628
0.046745
0.046341
0.048988
0.046582
0.049786
0.046415
0.046908
0.046863
0.048016
0.049393
0.046593
0.046027
0.050186
0.046613
0.046176
0.046012
0.052379
0.046019
0.065906
0.045988
0.046513
0.050004
0.047040
0.046662
0.046648
0.048383
0.048012
0.046490
0.049375
0.046205
0.049894
0.050558
0.052144
0.048222
0.049069
0.049518
0.049551
0.036420
0.048164
0.044500
0.038840
0.038592
0.055379
0.050212
0.044641
0.045943
0.052505
0.045448
0.043019
0.047300
0.043037
0.044331
0.045120
0.045468
0.043894
0.046708
0.044266
0.047712
0.042906
0.048090
0.045093
0.046406
0.043342
0.044498
0.045698
0.043418
0.043230
0.043207
0.043841
0.043780
0.042828
0.046180
0.047600
0.054070
0.039150
0.044711
0.059032
0.061042
0.051463
0.045871
0.043895
0.053239
0.028838
0.034645
0.068089
0.060452
0.064174
0.051790
0.053014
0.045001
0.037532
0.039876
0.042800
0.025888
0.026317
0.027753
0.024897
0.024490
0.041360
0.043830
0.025557
0.028252
0.025924
0.033062
0.024300
0.029502
0.026964
0.025840
0.061747
0.029031
0.030141
0.036060
0.031654
0.045536
0.044969
0.032242
0.039387
0.035608
0.036810
0.053617
0.038640
0.044124
0.053323
0.063565
0.041631
0.040139
0.054198
0.042437
0.056475
0.044095
0.046969
0.045120
0.036881
0.039965
0.050394
0.030328
0.030839
0.033050
0.032977
0.030903
0.030905
0.031055
0.029212
0.043541
0.031542
0.030441
0.036258
0.029078
0.030839
0.029332
0.040910
0.029514
0.028604
0.030892
0.034593
0.029006
0.032927
0.039058
0.028416
0.030833
0.029684
0.032370
0.034110
0.033463
0.035067
0.038462
0.034700
0.036720
0.047119
0.034378
0.039703
0.034703
0.034023
0.042691
0.036081
0.034523
0.040634
0.037958
0.034841
0.039984
0.034727
0.055623
0.035865
0.033865
0.039432
0.034325
0.035116
0.036065
0.033760
0.035117
0.034389
0.035005
0.028671
0.042812
0.031820
0.029848
0.032961
0.034141
0.033033
0.032190
0.038000
0.033931
0.032720
0.037442
0.030860
0.023574
0.037842
0.030014
0.028685
0.031221
0.031649
0.034213
0.032925
0.037631
0.029014
0.055499
0.047580
0.037983
0.036860
0.034799
0.047403
0.039741
0.038259
0.037755
0.037960
0.041220
0.044620
0.040349
0.040103
0.044302
0.036970
0.041101
0.037883
0.027471
0.033095
0.030577
0.048183
0.034808
0.051499
0.032882
0.036438
0.036286
0.032431
0.032682
0.054862
0.049286
0.032716
0.041451
0.031669
0.033077
0.033488
0.032070
0.031904
0.052313
0.043248
0.029273
0.028621
0.030692
0.030077
0.031353
0.031363
0.042929
0.026388
0.027765
0.030428
0.036082
0.033593
0.057204
0.042698
0.040615
0.035849
0.034408
0.031070
0.028844
0.033900
0.029437
0.029476
0.031640
0.034554
0.038465
0.036140
0.057453
0.032558
0.030957
0.053780
0.037691
0.056528
0.033539
0.035697
0.032628
0.036515
0.034930
0.033649
0.035928
0.035284
0.034128
0.035741
0.033927
0.040697
0.038029
0.040378
0.038232
0.037555
0.046842
0.051783
0.041947
0.039407
0.039741
0.055615
0.037593
0.043128
0.038985
0.037550
0.044650
0.035103
0.023270
0.028620
0.032359
0.026875
0.029032
0.040117
0.028855
0.027454
0.027364
0.027027
0.040301
0.025249
0.033640
0.029064
0.024683
0.041985
0.035123
0.030325
0.030793
0.028348
0.030076
0.028019
0.028364
0.052377
0.030159
0.035378
0.021672
0.022997
0.029124
0.027269
0.026674
0.033567
0.028533
0.029752
0.028571
0.031885
0.033298
0.042414
0.028146
0.029312
0.030419
0.028685
0.030131
0.030107
0.045929
0.032625
0.030131
0.028804
0.028918
0.028328
0.051969
0.028631
0.030208
0.031385
0.028903
0.028724
0.047128
0.031234
0.030812
0.034078
0.031145
0.033579
0.034786
0.035576
0.031981
0.050002
0.033464
0.030553
0.032916
0.035263
0.031864
0.046348
0.031909
0.031416
0.032438
0.032694
0.036248
0.048579
0.051389
0.038495
0.037269
0.030315
0.035434
0.036149
0.039970
0.037482
0.047093
0.043602
0.040782
0.030957
0.036752
0.044438
0.043162
0.038725
0.043308
0.032892
0.042334
0.046037
0.038098
0.040159
0.041328
0.040819
0.046317
0.041760
0.045161
0.044673
0.042676
0.042805
0.041748
0.043368
0.041518
0.045346
0.042288
0.043046
0.042230
0.044573
0.045483
0.042430
0.046242
0.042410
0.043348
0.043757
0.042851
0.049218
0.048352
0.048069
0.049862
0.048122
0.048622
0.050200
0.048426
0.050821
0.047682
0.049868
0.042818
0.040156
0.053136
0.049524
0.036184
0.049097
0.049386
0.046736
0.047231
0.049249
0.037455
0.041926
0.053529
0.039668
0.033099
0.033184
0.040029
0.029114
0.019561
0.031193
0.019297
0.019316
0.022330
0.020982
0.023709
0.023497
0.027300
0.025490
0.025342
0.036870
0.027014
0.031081
0.025212
0.034266
0.037179
0.030039
0.025522
0.027287
0.038814
0.026159
0.031216
0.031838
0.027243
0.034365
0.038983
0.029971
0.029921
0.029155
0.036769
0.028929
0.035413
0.028787
0.031150
0.040011
0.032804
0.033299
0.031703
0.036368
0.034853
0.043611
0.035954
0.043620
0.039845
0.036979
0.052522
0.044447
0.047081
0.045885
0.041073
0.040738
0.043981
0.027405
0.033752
0.034447
0.036571
0.029121
0.027370
0.029145
0.032057
0.024390
0.031092
0.024978
0.023371
0.028096
0.024013
0.026091
0.023448
0.026389
0.032503
0.031539
0.023478
0.031886
0.027246
0.023754
0.023496
0.028555
0.032084
0.030132
0.024889
0.024987
0.024716
0.030761
0.024237
0.023638
0.024010
0.023804
0.023995
0.024010
0.029607
0.032651
0.029001
0.026289
0.027827
0.028430
0.029023
0.028884
0.031689
0.028540
0.031143
0.032133
0.030880
0.031683
0.028419
0.028314
0.029526
0.032509
0.030983
0.028571
0.037977
0.029197
0.032494
0.028611
0.029328
0.032716
0.030633
0.038050
0.033336
0.044069
0.039701
0.034244
0.038358
0.036355
0.035175
0.036547
0.035345
0.034350
0.048135
0.023226
0.016009
0.016172
0.023210
0.022697
0.021810
0.021353
0.027490
0.027780
0.028230
0.024309
0.025436
0.023264
0.025337
0.025140
0.022734
0.028604
0.026503
0.034298
0.029045
0.027225
0.034392
0.029547
0.031774
0.020652
0.020128
0.035538
0.052038
0.037055
0.026237
0.024366
0.039863
0.043281
0.049534
0.024838
0.022419
0.023245
0.025024
0.023086
0.043003
0.025391
0.026000
0.022212
0.025070
0.029249
0.027273
0.026942
0.026447
0.023737
0.035169
0.025021
0.023790
0.039811
0.027615
0.031467
0.041721
0.026063
0.025005
0.025229
0.024750
0.030147
0.027893
0.026003
0.045129
0.026777
0.028077
0.026815
0.043619
0.031902
0.042469
0.028357
0.026699
0.027380
0.026313
0.046681
0.026489
0.042482
0.026049
0.028322
0.026896
0.029592
0.028465
0.028967
0.051014
0.025160
0.030955
0.026222
0.026505
0.031111
0.028020
0.027472
0.030091
0.028284
0.026510
0.029159
0.027477
0.028403
0.035541
0.029323
0.031122
0.032574
0.030665
0.033706
0.032327
0.027435
0.030953
0.031560
0.030721
0.028415
0.035589
0.032267
0.031050
0.030539
0.032647
0.034700
0.037413
0.034076
0.031873
0.030843
0.031695
0.030323
0.026784
0.035624
0.033566
0.034665
0.033906
0.037725
0.038399
0.038052
0.041980
0.039490
0.037753
0.036880
0.036723
0.033560
0.031531
0.031256
0.034257
0.029119
0.029661
0.028925
0.032955
0.032260
0.037444
0.037244
0.032996
0.038429
0.037853
0.042138
0.037276
0.038374
0.036622
0.035821
0.035669
0.044806
0.045798
0.035953
0.038584
0.035748
0.039397
0.038993
0.036406
0.035078
0.038192
0.038394
0.036324
0.045095
0.036236
0.037853
0.040390
0.035470
0.057720
0.038341
0.039778
0.054212
0.041871
0.048513
0.039927
0.044065
0.048619
0.041161
0.050931
0.039504
0.027981
0.028134
0.027605
0.027484
0.027969
0.029691
0.029351
0.028050
0.028003
0.043010
0.041844
0.048985
0.041752
0.058242
0.057586
0.044162
0.041458
0.043423
0.045526
0.046839
0.051270
0.059212
0.047320
0.046820
0.048528
0.049805
0.063893
0.048117
0.050381
0.048703
0.045249
0.050596
0.051149
0.037803
0.048413
0.049374
0.054119
0.052752
0.050294
0.046622
0.067765
0.046439
0.048433
0.050596
0.050396
0.047407
0.047756
0.047414
0.027215
0.053730
0.051696
0.048131
0.045226
0.063432
0.046270
0.051141
0.046771
0.046248
0.046327
0.047085
0.048214
0.044121
0.044791
0.039991
0.029700
0.046418
0.044908
0.047411
0.046710
0.049043
0.044341
0.044795
0.045691
0.045688
0.049824
0.045269
0.049838
0.044655
0.044835
0.044775
0.044998
0.045818
0.044407
0.044353
0.045597
0.049430
0.046214
0.047927
0.049387
0.046479
0.044899
0.045494
0.037845
0.051634
0.044823
0.049737
0.045602
0.046982
0.044823
0.048582
0.046173
0.046696
0.045171
0.049492
0.043544
0.039239
0.043097
0.044866
0.047042
0.048540
0.053618
0.046808
0.047399
0.047137
0.048693
0.046891
0.048310
0.046760
0.049126
0.050338
0.050731
0.051200
0.051780
0.052915
0.047464
0.048207
0.048743
0.049945
0.048542
0.053665
0.048597
0.046638
0.051034
0.046563
0.049268
0.048014
0.049559
0.047754
0.046624
0.049052
0.046701
0.048365
0.047488
0.052032
0.048681
0.047886
0.048600
0.052315
0.046342
0.047939
0.048457
0.042210
0.035619
0.039580
0.041372
0.047283
0.047913
0.046949
0.050802
0.047045
0.048101
0.046583
0.046452
0.047961
0.048320
0.064139
0.058245
0.055260
0.053145
0.064401
0.059379
0.050603
0.047750
0.050190
0.052223
0.046525
0.048997
0.051624
0.046608
0.052237
0.046473
0.047369
0.046546
0.048375
0.059253
0.059756
0.047106
0.048807
0.048154
0.047312
0.046603
0.050296
0.046671
0.048872
0.050463
0.046891
0.047161
0.048322
0.047568
0.047337
0.046941
0.046406
0.053454
0.051212
0.049025
0.051555
0.049769
0.051157
0.046952
0.046526
0.047799
0.047328
0.048731
0.049763
0.046503
0.048485
0.047177
0.051657
0.047971
0.047142
0.049740
0.048015
0.048971
0.046783
0.048548
0.048150
0.047786
0.046869
0.048064
0.047272
0.053611
0.048184
0.046686
0.051482
0.047776
0.047814
0.046597
0.046377
0.049090
0.046875
0.050563
0.049414
0.046508
0.050982
0.047030
0.046751
0.047371
0.046603
0.047675
0.061906
0.052622
0.047516
0.047770
0.049254
0.042386
0.041353
0.046044
0.046477
0.047382
0.041862
0.048697
0.048803
0.046887
0.046234
0.048400
0.049631
0.054596
0.048772
0.046878
0.049190
0.046755
0.048130
0.050242
0.047584
0.046622
0.052692
0.052554
0.046444
0.069258
0.047273
0.048069
0.055290
0.049500
0.047462
0.047588
0.065667
0.058039
0.054117
0.046880
0.050911
0.046464
0.052193
0.047759
0.046312
0.049436
0.047287
0.054552
0.047257
0.046977
0.046971
0.056556
0.052370
0.056253
0.064597
0.042995
0.043413
0.043948
0.045009
0.048242
0.048108
0.045702
0.048698
0.044226
0.045603
0.045962
0.044038
0.042850
0.047892
0.040203
0.036308
0.044596
0.039028
0.038705
0.042546
0.043950
0.043955
0.042371
0.050314
0.045654
0.044094
0.049933
0.044748
0.051632
0.044261
0.048605
0.060894
0.059459
0.049517
0.043638
0.042669
0.051429
0.041461
0.048733
0.042395
0.050420
0.058900
0.047389
0.054137
0.055473
0.048244
0.047488
0.044087
0.048677
0.045297
0.040398
0.056250
0.046835
0.033453
0.033997
0.045506
0.044107
0.043457
0.041767
0.044780
0.045463
0.044490
0.050418
0.042878
0.040714
0.028282
0.035374
0.037344
0.044868
0.038165
0.033237
0.036082
0.044979
0.026547
0.025115
0.029995
0.041993
0.031090
0.033436
0.031431
0.034559
0.045243
0.037834
0.039349
0.045999
0.023633
0.024895
0.031663
0.043312
0.043507
0.030236
0.028027
0.027675
0.029787
0.045689
0.018343
0.030832
0.028825
0.021272
0.022751
0.023252
0.029710
0.041037
0.038264
0.042229
0.038604
0.038466
0.040535
0.042790
0.043782
0.040503
0.028847
0.033639
0.050297
0.030856
0.029804
0.031838
0.035033
0.036123
0.035791
0.038667
0.039598
0.038330
0.035985
0.043631
0.036684
0.038609
0.036823
0.036103
0.043514
0.037224
0.035859
0.037917
0.037459
0.038321
0.038131
0.034124
0.033396
0.034101
0.036971
0.032539
0.034048
0.041409
0.035797
0.034846
0.034879
0.035543
0.031794
0.033398
0.032445
0.025172
0.031519
0.021393
0.022004
0.023059
0.049588
0.026880
0.026659
0.030812
0.029551
0.026543
0.044697
0.026519
0.028239
0.026484
0.027112
0.026312
0.027282
0.045232
0.028287
0.034966
0.028154
0.026784
0.025898
0.028542
0.024790
0.021109
0.029062
0.024361
0.020641
0.022684
0.023604
0.026386
0.024811
0.029332
0.027580
0.050216
0.030650
0.032264
0.038960
0.030371
0.030072
0.045692
0.033329
0.033678
0.031355
0.032062
0.030889
0.037014
0.030581
0.051413
0.049141
0.034595
0.033485
0.031662
0.032723
0.030687
0.033621
0.043342
0.044240
0.036020
0.033471
0.020492
0.022468
0.021387
0.020044
0.019407
0.030056
0.024641
0.021281
0.024308
0.028663
0.023832
0.024702
0.026521
0.026465
0.023728
0.023815
0.027906
0.027220
0.023748
0.024830
0.026174
0.024575
0.023985
0.023823
0.026980
0.026725
0.025785
0.031251
0.027187
0.023375
0.026000
0.026436
0.029237
0.027350
0.027461
0.028033
0.028258
0.035054
0.027212
0.028177
0.032037
0.031539
0.033638
0.033009
0.034600
0.031305
0.035175
0.034435
0.032897
0.033403
0.032595
0.032883
0.040943
0.037265
0.030635
0.035548
0.036857
0.037184
0.033794
0.034459
0.039269
0.056309
0.044086
0.049366
0.031862
0.030740
0.044818
0.033607
0.031964
0.033300
0.033005
0.034764
0.032800
0.033683
0.041472
0.028177
0.036160
0.030041
0.026125
0.028800
0.025110
0.025017
0.025553
0.042740
0.025260
0.027562
0.041161
0.025096
0.025759
0.028621
0.023844
0.025792
0.029347
0.027927
0.026831
0.027503
0.026827
0.030398
0.025853
0.026837
0.026004
0.027076
0.037193
0.029486
0.045569
0.028202
0.029474
0.032457
0.028641
0.044129
0.028144
0.031098
0.028771
0.031713
0.045927
0.029955
0.036902
0.047301
0.030237
0.033067
0.031960
0.021170
0.017575
0.034041
0.018154
0.022832
0.018889
0.035047
0.019006
0.022750
0.025738
0.028253
0.027348
0.043118
0.043620
0.031935
0.027292
0.031709
0.027755
0.031696
0.028905
0.026062
0.025888
0.025225
0.024330
0.025792
0.022976
0.022670
0.028838
0.022310
0.023349
0.022648
0.023469
0.025369
0.022906
0.028322
0.023986
0.034701
0.024717
0.025515
0.025202
0.023150
0.024463
0.026274
0.033610
0.022451
0.027489
0.027410
0.025668
0.027859
0.028394
0.031414
0.030005
0.028991
0.029032
0.028165
0.028395
0.033048
0.028662
0.044319
0.045474
0.040172
0.020016
0.016307
0.015531
0.014141
0.014527
0.017745
0.018525
0.021362
0.030363
0.030679
0.016210
0.019817
0.023319
0.042092
0.035634
0.037885
0.028203
0.026656
0.026011
0.038848
0.036116
0.034051
0.022804
0.040554
0.033125
0.026638
0.020598
0.042426
0.039260
0.042682
0.037054
0.015216
0.015304
0.018731
0.021808
0.018725
0.017229
0.026669
0.026312
0.041901
0.033249
0.035904
0.025128
0.018612
0.017337
0.017212
0.026689
0.019253
0.017863
0.017425
0.018016
0.017487
0.022975
0.024369
0.020620
0.032149
0.038871
0.034765
0.017545
0.017761
0.017528
0.020328
0.018252
0.026767
0.049319
0.031127
0.029946
0.026805
0.023879
0.022583
0.024704
0.024688
0.024181
0.023698
0.024064
0.028108
0.024899
0.026799
0.026012
0.024159
0.023594
0.048165
0.031710
0.035992
0.044482
0.037965
0.031835
0.039390
0.038451
0.024224
0.024137
0.025820
0.023943
0.041223
0.031597
0.029507
0.031861
0.036424
0.035745
0.039363
0.044243
0.052715
0.048151
0.038340
0.046090
0.052697
0.043601
0.046821
0.040251
0.039833
0.041532
0.036960
0.042637
0.044639
0.042701
0.052104
0.053344
0.071091
0.050925
0.041381
0.044408
0.041023
0.043453
0.043567
0.052505
0.046103
0.045417
0.044011
0.045677
0.045345
0.055947
0.051946
0.047683
0.049377
0.052521
0.050773
0.050381
0.048085
0.050371
0.047296
0.047942
0.047890
0.047305
0.047855
0.046398
0.054073
0.053855
0.048865
0.048956
0.052771
0.055191
0.048754
0.041425
0.038595
0.039525
0.040166
0.039472
0.042440
0.044218
0.064078
0.043375
0.056606
0.045342
0.065275
0.062988
0.055382
0.045743
0.044873
0.036015
0.037669
0.038219
0.041903
0.038275
0.043146
0.040276
0.039939
0.039948
0.040605
0.039899
0.038689
0.040001
0.041613
0.042765
0.040752
0.043489
0.043503
0.043326
0.044382
0.042087
0.050671
0.042941
0.044481
0.043346
0.048995
0.059171
0.047068
0.058617
0.044335
0.044624
0.045651
0.047157
0.046057
0.044152
0.048130
0.045575
0.052360
0.046026
0.053185
0.044194
0.043833
0.045514
0.047872
0.039479
0.044657
0.040544
0.039802
0.042193
0.046370
0.039016
0.048006
0.045335
0.039082
0.038895
0.039722
0.041664
0.044727
0.039468
0.051585
0.041855
0.056567
0.047280
0.043168
0.035763
0.037231
0.037067
0.038023
0.038621
0.040864
0.039648
0.048166
0.043827
0.040815
0.047108
0.042362
0.045528
0.044331
0.039446
0.048254
0.044172
0.043843
0.043865
0.051990
0.043885
0.036963
0.040292
0.043947
0.041754
0.043196
0.044129
0.045887
0.038455
0.042329
0.041743
0.049260
0.051118
0.056063
0.048534
0.042361
0.050943
0.055608
0.053759
0.061335
0.042611
0.034032
0.041319
0.035779
0.036619
0.037539
0.037852
0.024378
0.038785
0.044260
0.048378
0.041399
0.043000
0.041474
0.051048
0.041848
0.054889
0.062834
0.061828
0.051801
0.044773
0.056015
0.065176
0.046127
0.051177
0.044744
0.044225
0.047576
0.055171
0.057210
0.061715
0.047537
0.045746
0.052254
0.049869
0.046560
0.048041
0.057280
0.046504
0.049067
0.051404
0.049289
0.047032
0.048473
0.049722
0.046681
0.049816
0.046921
0.052504
0.046096
0.046606
0.049668
0.046611
0.048176
0.036139
0.033129
0.037781
0.038920
0.041472
0.041301
0.041897
0.041279
0.042892
0.043017
0.043778
0.045801
0.046758
0.044135
0.044318
0.045870
0.043991
0.048249
0.048650
0.048530
0.046571
0.048487
0.050113
0.047134
0.046558
0.047029
0.047489
0.049841
0.046523
0.046058
0.048697
0.046679
0.049592
0.046529
0.046689
0.047943
0.046728
0.049768
0.041794
0.041401
0.043161
0.044702
0.055572
0.062548
0.047754
0.041013
0.041599
0.053771
0.040877
0.044531
0.062230
0.044702
0.044619
0.042731
0.036235
0.039706
0.044419
0.036415
0.045370
0.042007
0.043015
0.042202
0.042883
0.043741
0.040239
0.043860
0.042049
0.041003
0.041415
0.042756
0.044847
0.043955
0.041780
0.043702
0.041961
0.042182
0.043499
0.043256
0.049560
0.050067
0.049252
0.047104
0.047199
0.066439
0.049496
0.048677
0.047120
0.050150
0.046766
0.049590
0.046242
0.050494
0.047113
0.057292
0.050098
0.045981
0.055094
0.046514
0.048211
0.047215
0.049044
0.048419
0.047567
0.047467
0.049896
0.047896
0.045926
0.046572
0.043626
0.033257
0.033976
0.034328
0.041210
0.038867
0.048233
0.044807
0.043835
0.044290
0.043766
0.052483
0.043730
0.045019
0.043080
0.043569
0.045400
0.044027
0.043561
0.051022
0.044661
0.047639
0.042819
0.044809
0.042824
0.046243
0.043587
0.044475
0.047010
0.043170
0.043184
0.042570
0.041324
0.040989
0.041694
0.042258
0.045477
0.045384
0.040797
0.041828
0.045446
0.043927
0.043590
0.043045
0.048915
0.062262
0.046063
0.044157
0.053295
0.041512
0.041531
0.042281
0.045530
0.040983
0.044483
0.046479
0.034365
0.036146
0.037789
0.040267
0.052629
0.038948
0.037556
0.037261
0.036772
0.044422
0.038727
0.040931
0.040031
0.042332
0.045986
0.050394
