1
613.7822,207.5322,198.4357,191.9357
613.9813,207.7313,198.0374,191.5374
610.8093,211.5592,196.3815,189.8815
605.6937,209.4438,196.6125,190.1125
605.3129,201.5629,199.3742,192.8742
597.5215,201.2716,197.9569,191.4569
599.6503,191.4003,200.6995,194.1995
589.9673,190.7173,195.0654,188.5654
590.5057,173.7557,198.9886,192.4886
591.3073,159.5573,200.3854,193.8854
588.0400,160.2900,196.9200,190.4200
583.0147,161.2647,195.9706,189.4706
574.9324,152.6824,196.1352,189.6352
572.7850,160.0350,189.4299,182.9299
563.7576,159.0077,184.4847,177.9847
553.7243,162.4743,181.5514,175.0514
536.5530,138.8030,189.8939,183.3939
527.7263,114.9762,192.5475,186.0475
508.2212,99.9712,195.5577,189.0577
494.8730,73.1231,199.2539,192.7539
477.1128,58.3628,201.7744,195.2744
479.0661,54.3161,197.8677,191.3677
466.0442,50.7942,192.9115,186.4115
463.6942,48.9441,191.6117,185.1117
466.0278,39.2778,191.9444,185.4444
466.4695,35.7195,193.0610,186.5610
463.0876,36.8376,190.8248,184.3248
467.8798,36.1298,192.2404,185.7404
471.0351,35.7851,192.9299,186.4299
473.4167,39.6667,195.1665,188.6665
473.8026,39.5525,195.3949,188.8949
477.0900,48.8400,199.8200,193.3200
471.3689,53.6189,200.2623,193.7623
468.4481,63.1981,200.1039,193.6039
468.3143,69.5643,198.3713,191.8713
472.5259,74.2759,197.9483,191.4483
474.5751,86.3251,195.8499,189.3499
477.8462,90.5962,197.3076,190.8076
475.5775,101.8275,194.8451,188.3451
477.5775,106.8275,194.8451,188.3451
475.3122,109.0622,196.3756,189.8756
477.8810,113.6310,197.2380,190.7380
480.7679,116.0179,198.4643,191.9643
474.8276,119.5776,200.3448,193.8448
472.9313,120.1813,201.1374,194.6374
472.5417,124.7917,200.9166,194.4166
472.3640,125.1140,200.2720,193.7720
467.9018,128.1518,200.1964,193.6964
467.4462,132.6962,198.1077,191.6077
466.9828,133.2328,198.0345,191.5345
464.9513,135.2013,197.0973,190.5973
466.5000,139.7500,195.0000,188.5000
464.3661,147.1161,193.2679,186.7679
461.9398,147.6898,194.1204,187.6204
455.5460,151.7960,193.9081,187.4081
451.8767,152.1267,194.2466,187.7466
452.0236,155.2736,192.9527,186.4527
444.0430,156.2930,190.9140,184.4140
448.8722,151.6221,193.2557,186.7557
446.9710,152.7211,193.0579,186.5579
450.9216,156.1716,193.1569,186.6569
453.2316,159.4816,192.5368,186.0368
451.0121,160.7621,193.9759,187.4759
451.0441,160.2941,195.9117,189.4117
448.1152,158.8652,198.7696,192.2696
916.5006,195.7506,209.9987,203.4987
434.5749,152.8249,201.8502,195.3502
440.2921,145.5421,207.4158,200.9158
853.7108,174.4607,268.5786,262.0786
781.1452,146.8952,241.7096,235.2096
621.3001,109.0501,284.3998,277.8998
632.6113,108.3613,282.7775,276.2775
640.3195,115.0695,277.3611,270.8611
629.4308,96.1808,268.1385,261.6385
579.4408,89.6908,263.1184,256.6184
540.4272,91.1772,269.1455,262.6455
536.0585,86.3086,252.8829,246.3829
567.9311,82.6811,247.1378,240.6378
550.5897,86.3397,248.8205,242.3205
534.5242,88.7742,247.9516,241.4516
503.9532,96.7033,242.0935,235.5935
474.6028,97.3528,239.7944,233.2944
462.2738,102.5238,239.4523,232.9523
444.6627,100.4127,240.6746,234.1746
427.0625,97.8125,244.8749,238.3749
411.1278,98.3778,249.7444,243.2444
406.6949,92.4449,250.6102,244.1102
387.3560,75.6060,255.2879,248.7879
376.9179,80.1679,254.1642,247.6642
348.4257,89.6757,259.1486,252.6486
321.5599,97.8099,252.8802,246.3802
311.4654,102.7154,250.0692,243.5692
306.2522,93.0022,250.4955,243.9955
283.0078,104.2578,246.9844,240.4844
270.5363,99.7862,248.9275,242.4275
256.8391,90.0891,246.3218,239.8218
239.3038,102.0538,251.3923,244.8923
236.7193,117.4693,255.5614,249.0614
260.8114,125.0614,249.3772,242.8772
366.2527,167.5027,204.4947,197.9947
376.1724,183.4224,203.6553,197.1553
369.0242,186.2742,203.9516,197.4516
301.9500,154.2000,226.1000,219.6000
363.4375,174.6875,207.1249,200.6249
368.1200,183.8700,207.7600,201.2600
362.4286,187.6786,209.1427,202.6427
377.5312,203.2813,206.9375,200.4375
379.5426,208.7926,204.9149,198.4149
389.3073,221.5573,200.3854,193.8854
382.8648,216.1148,201.2704,194.7704
380.1496,216.3996,200.7009,194.2009
378.6837,216.9337,200.6326,194.1326
378.6014,222.8514,197.7972,191.2972
383.5091,220.7591,199.9817,193.4817
389.7867,226.5367,194.4266,187.9266
393.6461,228.3961,194.7078,188.2078
390.4667,220.7167,201.0666,194.5666
394.0813,223.3313,200.8374,194.3374
409.7356,221.9855,197.5289,191.0289
407.9500,214.2000,196.0999,189.5999
335.3189,210.5690,213.3621,206.8621
350.9495,213.1995,210.1010,203.6010
433.8258,225.0758,193.3483,186.8483
456.2750,222.5250,193.4500,186.9500
460.0938,223.3439,196.8123,190.3123
492.2212,217.9712,195.5577,189.0577
485.0522,206.8022,201.8955,195.3955
478.4462,213.6962,198.1077,191.6077
466.4094,206.6594,204.1813,197.6813
449.1878,194.9379,212.6243,206.1243
487.3143,197.5643,198.3713,191.8713
495.0982,195.3482,189.8036,183.3036
478.5092,194.2591,192.9817,186.4817
518.6146,198.3646,181.7708,175.2708
478.4704,201.7204,187.0592,180.5592
348.8632,224.1132,226.2736,219.7736
379.5719,223.3219,230.8562,224.3562
386.9807,208.2307,237.0387,230.5387
334.5339,220.2839,250.9321,244.4321
286.1497,267.8997,293.7006,287.2006
273.4703,256.2203,292.0594,285.5594
286.2802,237.5302,295.4397,288.9397
393.4258,219.6758,239.1483,232.6483
340.5149,213.2649,261.9702,255.4702
354.3801,209.6301,261.2398,254.7398
411.1910,212.4410,244.6179,238.1179
476.1507,211.4007,230.6986,224.1986
513.1151,181.8651,222.7699,216.2699
539.3845,170.6345,224.2310,217.7310
542.8223,159.0724,222.3553,215.8553
552.6095,155.8595,222.7810,216.2810
573.3763,144.1263,223.2475,216.7475
572.8818,143.6318,223.2364,216.7364
558.0429,143.2929,228.9142,222.4142
557.2548,143.5047,229.4905,222.9905
570.8852,136.6352,235.2296,228.7296
583.6924,126.4424,233.6152,227.1152
592.9183,121.1683,231.1634,224.6634
564.7054,114.4554,238.5892,232.0892
574.2476,106.9975,237.5049,231.0049
593.6282,101.3782,233.7436,227.2436
583.8189,86.5689,233.3622,226.8622
612.8133,78.0633,230.3734,223.8734
616.3864,72.6363,228.2273,221.7273
606.0215,72.7716,226.9569,220.4569
615.4226,71.6726,228.1548,221.6548
615.8255,71.5755,229.3491,222.8491
615.1325,66.3825,229.7350,223.2350
609.6424,63.8924,226.7152,220.2152
607.9266,61.6766,225.1468,218.6468
602.6551,59.4051,223.6898,217.1898
594.2415,50.9915,221.5170,215.0170
588.2299,55.4798,219.5403,213.0403
569.8913,53.6413,219.2174,212.7174
567.8693,56.6193,218.2614,211.7614
551.2834,55.5335,217.4331,210.9331
549.0729,56.8230,218.8541,212.3541
541.3094,49.0594,219.3813,212.8813
537.6223,44.8723,219.7555,213.2555
536.2667,42.0167,219.4666,212.9666
530.8059,40.5559,219.3882,212.8882
500.2303,42.4803,212.5394,206.0394
501.8394,41.5894,212.3213,205.8213
493.9827,42.2327,212.0347,205.5347
481.1325,43.8825,212.7350,206.2350
468.6571,44.9071,212.6858,206.1858
467.3813,46.1313,213.2375,206.7375
446.2204,45.4704,216.5592,210.0592
436.5208,47.2708,218.9583,212.4583
438.6917,53.4417,223.6166,217.1166
417.6471,50.8971,227.7058,221.2058
418.5719,57.3219,230.8562,224.3562
393.2129,53.9628,240.5743,234.0743
392.0470,57.2970,243.9060,237.4060
492.5433,75.2933,211.9133,205.4133
499.3253,80.5753,211.3494,204.8494
370.5238,55.7738,249.9523,243.4523
357.7504,51.0004,258.4991,251.9991
523.5595,128.8095,193.8809,187.3809
508.6886,112.4386,201.6228,195.1228
215.7250,58.9750,188.5500,182.0500
183.4138,60.6638,195.1724,188.6724
181.6091,65.3591,188.7818,182.2818
178.1237,67.3737,193.7526,187.2526
168.4578,77.2078,191.0843,184.5843
165.9445,84.6945,192.1110,185.6110
160.2065,94.9565,198.5871,192.0871
153.1733,106.9233,196.6534,190.1534
150.8841,114.6341,195.2318,188.7318
148.4535,117.7035,197.0930,190.5930
150.2968,122.0468,200.4064,193.9064
147.4815,127.2315,192.0370,185.5370
144.5826,138.8326,185.8348,179.3348
558.0894,176.8394,180.8212,174.3212
549.2421,177.9921,182.5157,176.0157
551.1052,180.8551,185.7897,179.2897
546.5000,183.2500,189.0000,182.5000
543.0030,177.7530,193.9940,187.4940
557.1799,170.4299,196.6402,190.1402
554.5256,165.7756,198.9489,192.4489
558.8795,161.6295,198.2410,191.7410
556.2727,150.5227,204.4545,197.9545
556.8766,159.6266,200.2468,193.7468
546.4275,165.1775,204.1451,197.6451
544.1513,165.9013,206.6974,200.1974
538.5793,164.8293,207.8414,201.3414
536.8898,153.6398,213.2204,206.7204
541.6724,151.4225,216.6551,210.1551
513.0834,160.3334,209.8332,203.3332
171.7327,226.4827,215.5347,209.0347
165.8564,213.6064,224.2872,217.7872
263.7660,178.5159,279.4681,272.9681
264.9483,173.6983,273.1034,266.6034
257.8022,180.0522,271.3956,264.8956
259.4991,174.2491,256.0017,249.5017
254.7568,185.5068,249.4865,242.9865
251.5938,189.3438,242.8124,236.3124
291.5288,209.2788,249.9424,243.4424
308.0554,226.3054,259.8892,253.3892
358.8309,226.5809,255.3382,248.8382
392.8539,237.1039,249.2923,242.7923
412.1898,246.9398,259.6203,253.1203
439.8943,244.1443,257.2113,250.7113
461.7287,231.9787,260.5426,254.0426
484.9683,228.7183,257.0634,250.5633
505.5557,230.8057,257.8885,251.3886
538.7214,219.4714,257.5572,251.0572
564.3650,216.6150,259.2700,252.7700
613.3145,213.0645,257.3711,250.8711
645.2521,197.0021,262.4959,255.9959
675.7218,185.9718,268.5563,262.0563
705.2314,181.9814,275.5372,269.0372
736.9291,183.1791,266.1419,259.6419
736.8361,190.5861,271.3278,264.8278
724.3870,185.1370,268.2260,261.7260
726.8971,185.1471,267.2058,260.7058
733.5860,182.3360,270.8280,264.3280
730.9394,171.6894,276.1212,269.6212
744.2034,158.9534,278.5933,272.0933
742.6550,151.4051,273.6899,267.1899
724.9609,144.7109,258.0782,251.5782
728.9143,148.6643,248.1714,241.6714
616.5343,176.7843,203.9314,197.4314
614.8163,174.0663,201.3673,194.8673
619.1711,174.9212,200.6577,194.1577
624.0417,177.7917,200.9166,194.4166
626.5099,178.2599,198.9801,192.4801
741.5817,96.3317,263.8365,257.3365
744.1944,98.9444,260.6112,254.1112
938.5299,112.7799,202.9402,196.4402
758.1873,89.4373,258.6254,252.1254
770.0696,81.8197,259.8607,253.3607
761.2996,77.5496,263.4008,256.9008
748.8212,87.0712,252.3577,245.8577
931.5225,78.2725,199.9550,193.4550
770.0789,77.3289,259.8422,253.3422
773.7295,71.9795,263.5410,257.0410
758.8364,79.0864,256.3272,249.8272
764.9753,73.2253,255.0495,248.5495
768.6110,73.8611,257.7779,251.2779
759.8217,83.0717,244.3567,237.8567
735.7800,99.0301,227.4399,220.9399
729.6339,97.3839,224.7321,218.2321
707.3502,106.1002,216.2996,209.7996
700.6157,105.8657,216.7686,210.2686
713.3925,97.1425,219.2151,212.7151
709.1432,101.8932,214.7135,208.2135
709.6424,95.3924,219.7152,213.2152
705.7505,88.0006,220.4989,213.9989
693.0381,94.2881,215.9238,209.4238
693.2505,80.5006,219.4988,212.9988
660.4229,113.1729,205.1541,198.6541
664.0190,151.7690,189.9620,183.4620
656.3579,142.6079,194.2841,187.7841
655.2607,124.5107,204.4786,197.9786
651.7664,118.0164,206.4673,199.9673
650.4256,135.1756,200.1488,193.6488
640.0007,137.2507,200.9986,194.4986
651.9852,163.2352,191.0297,184.5297
647.3021,157.0520,191.3959,184.8959
651.1503,170.4003,185.6994,179.1994
656.2830,148.5330,190.4339,183.9339
632.9397,130.6897,198.1206,191.6206
622.3885,121.1386,204.2229,197.7229
632.1633,127.9133,202.6733,196.1733
645.3912,158.1412,189.2177,182.7177
645.6192,166.8692,183.7616,177.2616
640.8908,167.6408,183.2184,176.7184
641.6625,166.9125,184.6750,178.1750
637.4005,164.1505,185.1991,178.6991
294.9877,43.2377,192.0247,185.5247
282.7818,43.0318,197.4364,190.9364
277.7377,47.4877,197.5246,191.0246
625.6138,160.8639,193.7723,187.2723
629.2205,164.4705,193.5591,187.0591
627.9056,166.6556,193.1888,186.6888
229.4925,73.2425,194.0151,187.5151
627.0648,162.8148,195.8705,189.3705
221.9173,84.6673,194.1655,187.6655
230.9186,101.1686,200.1628,193.6628
232.5000,110.7500,195.0000,188.5000
626.8167,164.5667,194.3667,187.8667
630.4208,167.1708,193.1584,186.6584
631.2316,168.4816,192.5368,186.0368
632.0312,168.2813,192.9375,186.4375
626.0536,166.8036,194.8928,188.3928
622.8942,165.6443,196.2115,189.7115
620.1569,169.9069,193.6862,187.1862
620.6073,168.8573,194.7854,188.2854
619.4138,168.6638,195.1724,188.6724
152.5619,141.3119,201.8763,195.3763
157.7231,150.4731,201.5538,195.0538
155.2696,156.5196,203.4608,196.9608
158.7148,154.9648,208.5705,202.0705
190.9498,170.6998,203.1005,196.6005
220.3128,161.5628,216.3743,209.8743
359.9453,138.6953,255.1093,248.6093
361.4085,138.1585,253.1830,246.6830
439.3981,144.1481,225.2038,218.7038
425.2634,146.0134,227.4732,220.9732
427.5399,138.2899,226.9202,220.4202
411.2838,147.0338,216.4324,209.9324
391.5825,140.8325,223.8351,217.3351
389.5556,138.8056,218.8888,212.3888
398.0667,137.3167,216.8667,210.3667
388.8128,134.5628,217.3743,210.8743
378.2741,119.5241,227.4517,220.9517
365.7633,112.0133,228.4734,221.9734
358.1283,108.8783,230.7435,224.2435
344.2633,110.0133,228.4734,221.9734
330.0479,109.7978,225.9043,219.4043
324.2950,114.5450,223.4100,216.9100
308.0101,114.7601,221.9797,215.4797
307.4095,113.6595,218.1809,211.6809
294.2605,128.0105,212.4791,205.9791
299.1837,117.9337,215.6327,209.1327
299.1264,124.8764,213.7473,207.2473
297.6613,141.4113,207.6773,201.1773
268.2687,119.0187,214.4626,207.9626
254.7753,113.0253,212.4495,205.9495
246.3776,114.1276,212.2448,205.7448
240.8098,110.5598,214.3804,207.8804
245.9405,109.1905,216.1190,209.6190
253.8364,113.5864,214.3271,207.8271
237.6830,112.9330,213.6341,207.1341
240.2323,116.9823,213.5354,207.0354
232.5400,133.7900,210.9200,204.4200
224.3973,151.6473,204.2054,197.7054
223.9127,157.1627,199.1745,192.6745
229.3005,163.0505,196.3991,189.8991
224.4900,168.7400,192.0201,185.5201
221.5625,165.3125,192.8749,186.3749
220.6048,169.3548,190.7903,184.2903
225.5000,169.2500,189.0000,182.5000
221.0539,166.3039,190.8921,184.3921
219.7508,165.5008,192.4985,185.9985
218.0211,156.2711,193.9578,187.4578
210.1712,143.9212,200.6577,194.1577
218.0121,134.7621,203.9758,197.4758
219.0027,152.7527,202.9946,196.4946
218.2429,147.4929,207.5143,201.0143
210.0234,131.2734,214.9531,208.4531
202.2091,127.9591,216.5817,210.0817
211.3698,128.6198,216.2604,209.7604
219.0891,130.3391,216.8218,210.3218
227.4654,142.2154,212.0693,205.5693
230.0460,138.2960,212.9081,206.4081
231.4097,145.1597,212.1805,205.6805
232.9924,153.2424,210.0152,203.5152
237.8284,161.5784,207.3431,200.8431
241.6699,163.4199,208.6601,202.1601
249.4375,163.6875,207.1249,200.6249
249.4794,159.2294,208.0412,201.5412
252.0519,151.3019,210.8962,204.3962
254.9924,155.2424,210.0152,203.5152
257.0103,154.7603,207.9794,201.4794
256.4796,147.7296,209.0408,202.5408
256.1239,145.3739,209.7522,203.2522
253.4313,141.1813,211.1374,204.6374
251.9745,146.7245,209.0510,202.5510
254.4610,153.2110,207.0781,200.5781
261.0764,161.8264,205.8472,199.3472
262.5701,174.3201,201.8598,195.3598
263.9986,173.7486,203.0027,196.5027
266.9719,172.2219,200.0562,193.5562
265.4078,167.1578,199.1845,192.6845
265.5626,153.8125,194.8749,188.3749
269.8514,154.6015,195.2971,188.7971
264.5208,152.2708,194.9583,188.4583
270.9624,156.7124,194.0753,187.5753
272.6895,157.9394,193.6211,187.1211
277.3452,162.5952,192.3096,185.8096
265.7050,147.4550,198.5900,192.0900
266.6230,151.8730,197.7540,191.2540
257.7343,144.9843,202.5314,196.0314
265.9397,149.1897,198.1206,191.6206
253.3656,140.1156,202.2688,195.7688
251.3450,134.5950,204.3100,197.8100
259.0661,146.8161,199.8679,193.3679
252.2070,143.9570,202.5860,196.0860
254.7624,153.0124,201.4751,194.9751
249.7196,153.9696,201.5608,195.0608
248.2308,142.9808,205.5383,199.0383
245.6385,147.8885,204.7230,198.2230
243.4607,147.7107,208.0786,201.5786
244.3336,144.0836,210.3328,203.8328
246.1377,147.8877,210.7246,204.2246
248.0227,147.7727,209.9545,203.4545
250.7396,152.9896,207.5207,201.0207
250.5868,150.3368,208.8264,202.3264
253.6043,142.8543,209.7914,203.2914
257.8893,142.6393,208.2214,201.7214
260.1794,127.9294,214.6412,208.1412
263.2787,128.0287,213.4427,206.9427
265.2929,127.0429,214.4142,207.9142
269.8018,120.0518,218.3965,211.8965
268.3134,117.0634,220.3732,213.8732
268.9110,120.1610,217.1779,210.6779
282.3147,121.0647,214.3707,207.8707
290.7643,115.0144,215.4713,208.9713
295.7728,121.0228,212.4544,205.9544
307.1493,114.8993,214.7015,208.2015
318.1678,113.9177,213.6645,207.1645
320.0767,108.8267,216.8466,210.3466
334.9643,105.2143,216.0714,209.5714
330.6098,101.3598,216.7804,210.2804
337.3915,94.1415,218.2171,211.7171
358.7004,97.4504,210.5992,204.0992
387.1146,92.3646,217.7708,211.2708
421.9629,92.7129,222.0743,215.5743
414.4102,105.6602,216.1796,209.6796
391.7678,107.0178,209.4645,202.9645
393.7148,102.9648,208.5705,202.0705
411.1093,106.8593,213.7813,207.2813
429.5730,103.3230,218.8541,212.3541
434.0421,103.7921,220.9159,214.4159
442.1171,101.3671,219.7658,213.2658
450.0421,102.2921,217.9158,211.4158
450.6671,105.9171,219.6658,213.1658
447.9460,103.1961,221.1079,214.6079
448.7828,99.0328,221.4344,214.9344
457.1918,94.9418,221.6165,215.1165
452.7770,89.5270,224.4460,217.9460
460.1981,88.9481,220.6038,214.1038
463.2823,90.0323,217.4354,210.9354
470.1427,91.3927,217.7146,211.2146
507.0711,91.3211,219.8577,213.3577
524.7038,87.4538,220.5924,214.0924
526.3128,81.5628,223.3744,216.8744
533.2418,79.4918,225.5164,219.0164
547.1414,77.8913,226.7173,220.2173
556.5183,72.2683,226.9634,220.4634
582.7520,59.0020,233.4959,226.9959
588.5717,55.8217,233.8566,227.3566
561.0858,52.8357,234.8285,228.3285
569.7034,48.9534,238.5931,232.0931
572.7662,48.5162,230.4676,223.9676
604.9370,41.1870,227.1260,220.6260
618.6362,44.3862,223.7276,217.2276
603.5836,46.8336,223.8328,217.3328
606.4911,46.7411,216.0179,209.5179
608.4951,50.7451,213.0098,206.5098
609.9055,50.1554,214.1891,207.6891
594.7113,68.9613,217.5774,211.0774
584.7364,70.9864,216.5273,210.0273
583.0119,76.2619,215.9762,209.4762
583.5556,76.8056,218.8888,212.3888
578.1953,74.4452,220.6095,214.1095
557.2413,71.4914,219.5173,213.0173
555.2614,65.5114,220.4772,213.9772
531.8694,67.1194,220.2612,213.7612
539.6827,65.4327,221.6345,215.1345
531.5748,62.3248,222.8503,216.3503
539.2505,68.0006,222.4989,215.9989
535.0652,85.8153,225.8695,219.3695
538.6208,103.8708,226.7584,220.2584
543.5931,101.8431,233.8139,227.3139
554.8883,115.1383,234.2234,227.7234
545.0060,118.2560,235.9880,229.4880
555.6923,126.4423,235.6154,229.1154
566.1042,122.8543,230.7915,224.2915
568.2168,122.4668,229.5664,223.0664
575.3667,124.1167,229.2666,222.7666
597.1105,117.3606,226.7789,220.2789
605.6623,117.4123,228.6754,222.1754
603.9485,118.6986,230.1029,223.6029
600.0464,117.2964,230.9073,224.4073
590.1307,117.8807,223.7386,217.2386
559.4707,110.7207,224.0586,217.5586
551.4747,114.7247,222.0507,215.5507
546.7981,116.5481,221.4038,214.9038
545.7803,116.5303,220.4395,213.9395
552.6654,115.4154,219.6692,213.1692
573.0045,111.2545,221.9910,215.4910
584.2477,100.4977,220.5046,214.0046
595.9138,99.1638,219.1723,212.6723
593.1780,93.9280,219.6439,213.1439
568.8008,86.0508,220.3984,213.8984
560.9381,74.1881,221.1238,214.6238
552.1766,67.9266,222.6468,216.1468
561.2741,59.0241,222.4518,215.9518
562.1539,56.9039,219.6922,213.1922
566.1334,56.3833,217.7333,211.2333
564.2990,55.0489,214.4021,207.9021
570.3257,52.5758,217.3485,210.8485
589.7925,51.0425,212.4150,205.9150
580.6959,49.4459,211.6082,205.1082
569.5880,50.3379,211.8241,205.3241
555.7004,45.9504,210.5992,204.0992
589.8191,42.5691,211.3618,204.8618
580.6458,42.3958,207.7083,201.2083
583.6765,43.9265,209.6471,203.1471
593.2571,43.0071,208.4859,201.9859
593.8513,40.1012,210.2975,203.7975
564.7438,43.9938,211.5124,205.0124
542.5883,40.8383,212.8234,206.3234
519.7438,42.9938,211.5124,205.0124
534.9516,43.2016,213.0968,206.5968
539.6573,40.4074,215.6852,209.1852
514.5793,40.8293,207.8414,201.3414
509.2429,44.4929,207.5143,201.0143
502.3700,42.6200,207.2601,200.7601
489.2747,45.0247,204.4505,197.9505
488.4054,47.1554,206.1893,199.6893
468.9110,50.6610,205.1780,198.6780
424.9435,49.6935,206.1131,199.6131
407.3700,53.6200,207.2601,200.7601
403.0447,56.7947,208.9107,202.4107
395.5905,61.3405,204.8190,198.3190
386.0026,62.2526,207.9948,201.4948
384.2880,73.5380,206.4241,199.9241
380.4875,71.7375,211.0250,204.5250
384.1921,74.4421,213.6158,207.1158
390.4045,81.1545,213.1910,206.6910
391.8134,88.0634,215.3731,208.8731
390.6991,84.9491,221.6018,215.1018
458.6237,85.8737,243.7526,237.2526
458.0842,96.3342,240.8316,234.3316
455.9664,101.7164,245.0672,238.5672
454.9536,115.2036,247.0928,240.5928
372.7581,148.0081,219.4839,212.9839
378.0941,162.8441,219.8118,213.3118
371.4537,181.7037,219.0926,212.5926
380.6833,192.9333,222.6333,216.1333
392.8448,201.5948,222.3104,215.8104
407.6190,208.8690,223.7619,217.2619
428.8466,205.5966,229.3068,222.8068
439.0403,216.7903,228.9195,222.4195
437.1357,208.8857,228.7285,222.2285
443.5561,210.8061,226.8879,220.3879
448.0562,213.8062,228.8877,222.3877
462.8210,223.0710,225.3580,218.8580
482.5862,224.8362,221.8276,215.3276
495.1779,222.9279,224.6442,218.1442
518.2093,221.4593,224.5815,218.0815
548.6482,214.3982,224.7036,218.2036
569.5970,222.8470,219.8060,213.3060
600.7469,235.4969,210.5063,204.0063
607.0378,234.7878,206.9245,200.4245
611.3481,241.5981,210.3038,203.8038
636.9709,239.7210,210.0581,203.5581
647.2321,239.9821,212.5357,206.0357
647.5883,236.8383,212.8234,206.3234
646.8570,229.1070,214.2860,207.7860
647.4253,216.1753,218.1494,211.6494
647.5386,212.2886,217.9229,211.4229
646.6199,207.8699,217.7602,211.2602
665.7634,197.5134,227.4732,220.9732
663.7549,201.5049,226.4903,219.9903
667.1085,208.3585,223.7830,217.2830
678.9901,205.7401,225.0197,218.5197
685.6968,194.4467,229.6065,223.1065
711.4319,187.1819,232.1363,225.6363
740.7779,183.0279,227.4442,220.9442
751.8597,180.6097,224.2806,217.7806
751.1682,180.4182,222.6636,216.1636
743.1185,175.8685,223.7630,217.2630
708.5717,168.8217,233.8566,227.3566
726.2023,172.9523,227.5955,221.0955
743.2817,176.5317,223.4366,216.9366
720.0805,173.3305,225.8390,219.3390
693.7589,174.0089,230.4822,223.9822
689.8782,172.1282,232.2436,225.7436
693.5153,172.7652,229.9695,223.4695
679.1703,172.9203,232.6594,226.1594
671.6660,175.9160,225.6680,219.1680
677.5807,171.8307,227.8386,221.3386
674.0609,171.8109,225.8782,219.3782
659.5946,170.8446,227.8107,221.3107
657.1680,168.9180,224.6640,218.1640
649.6943,166.9443,226.6114,220.1114
654.5215,164.7716,226.9569,220.4569
662.6366,165.8866,225.7269,219.2269
660.5786,164.8286,227.8428,221.3428
653.0500,167.3000,225.9000,219.4000
663.8223,166.5724,222.3553,215.8553
661.2031,166.9531,221.5939,215.0939
663.4844,164.7344,223.0312,216.5312
660.2324,164.4824,224.5352,218.0352
660.8542,161.6042,224.2917,217.7917
641.3547,165.6047,224.2906,217.7906
645.9951,165.2451,225.0099,218.5099
639.5215,168.7716,223.9568,217.4568
652.5866,166.3366,227.8268,221.3268
629.3854,170.6354,233.2293,226.7293
599.4647,177.7147,226.0706,219.5706
555.9606,188.2105,206.0789,199.5789
540.1927,188.9427,201.6146,195.1146
527.9907,187.7407,205.0186,198.5186
516.5786,187.3285,204.8430,198.3430
516.5579,190.3078,203.8843,197.3843
503.6001,193.3501,205.7998,199.2998
506.6100,199.3600,201.7800,195.2800
503.3388,199.0888,200.3224,193.8224
495.7973,196.0473,203.4053,196.9053
499.6743,197.9242,202.6515,196.1515
496.8489,192.5989,206.3022,199.8022
497.2696,194.5196,203.4608,196.9608
505.6226,193.3726,206.7549,200.2549
511.5746,201.8247,203.8507,197.3507
512.3608,204.6108,202.2784,195.7784
505.2406,199.4906,204.5187,198.0187
512.2584,191.0083,208.4833,201.9833
514.1431,191.8931,208.7139,202.2139
517.6599,183.9098,213.6803,207.1803
507.8860,197.1360,214.2279,207.7279
510.3098,213.0598,214.3804,207.8804
528.4357,213.1857,214.1286,207.6286
529.1512,222.9012,211.6976,205.1976
534.8563,234.6063,210.2875,203.7875
534.9934,235.7434,206.0132,199.5132
533.5868,242.3368,208.8264,202.3264
540.1731,242.9231,212.6538,206.1538
539.6035,246.3535,214.7931,208.2931
541.1125,243.3625,214.7750,208.2750
543.1017,244.3517,214.7967,208.2967
545.5377,244.7878,216.9245,210.4245
550.4098,246.6598,219.1804,212.6804
553.6019,251.8519,218.7961,212.2961
556.2183,251.4683,219.5633,213.0633
576.2690,253.0190,219.4620,212.9620
587.4932,257.7432,221.0136,214.5136
600.0941,261.8441,219.8118,213.3118
611.3279,270.0780,222.3441,215.8441
615.9348,274.1847,222.1306,215.6306
641.7043,285.4543,224.5914,218.0914
670.4167,289.6667,231.1665,224.6665
695.1283,290.3783,229.7434,223.2434
712.0042,293.7542,230.9917,224.4917
734.2941,293.0441,231.4118,224.9118
744.6443,297.3943,234.7114,228.2114
738.5176,298.7677,241.9647,235.4647
751.1539,294.9039,245.6922,239.1922
746.8058,292.0558,246.3883,239.8883
756.9435,292.1935,248.1131,241.6131
749.9133,293.6633,245.1734,238.6734
719.0163,285.7663,248.9674,242.4674
711.8936,278.6436,253.2129,246.7129
735.5571,281.3071,248.8858,242.3858
751.9218,282.1718,242.1564,235.6564
763.8542,286.1042,236.2917,229.7917
760.7991,283.0491,234.4018,227.9018
754.7107,281.9607,236.5787,230.0787
765.9762,276.7262,237.0476,230.5476
767.5734,271.8234,237.8533,231.3533
772.4718,267.7218,235.0564,228.5564
777.4053,268.6553,235.1894,228.6894
787.4246,271.1746,232.1507,225.6507
798.0192,266.2692,227.9615,221.4615
803.8871,260.6371,226.2259,219.7259
828.9948,262.2448,219.0104,212.5104
840.3869,268.6369,217.2262,210.7262
845.7772,267.0272,214.4456,207.9456
843.0544,262.3044,210.8912,204.3912
836.7469,257.4969,210.5063,204.0063
823.6750,260.4250,213.6499,207.1499
818.8281,266.5781,217.3438,210.8438
800.0365,273.2865,218.9271,212.4271
778.0066,275.2566,214.9868,208.4868
767.0607,272.3107,213.8786,207.3786
776.8192,278.5692,209.3616,202.8616
742.1556,279.9056,213.6889,207.1889
747.5062,300.7562,201.9876,195.4876
740.7657,282.0157,210.4686,203.9686
737.3752,288.1252,206.2497,199.7497
732.0026,280.2526,205.9947,199.4947
727.1529,287.9029,205.6942,199.1942
722.2919,291.5419,206.4162,199.9162
718.6606,292.4106,209.6788,203.1788
717.6942,297.4441,210.6117,204.1117
710.2079,297.9579,210.5841,204.0841
698.5626,298.8125,210.8749,204.3749
685.1699,299.9198,211.6603,205.1603
680.6520,302.4020,208.6960,202.1960
677.1609,300.9110,208.6780,202.1780
675.8162,307.0662,205.3676,198.8676
669.1498,312.3998,204.7003,198.2003
659.5103,307.2603,207.9794,201.4794
653.0297,306.7797,207.9407,201.4407
648.1102,309.3601,206.7797,200.2797
649.8162,309.0662,205.3676,198.8676
644.2441,309.9941,206.5118,200.0118
639.8771,307.1271,207.2458,200.7458
636.5103,307.2603,207.9794,201.4794
634.1079,305.3579,208.7842,202.2842
632.4592,305.2092,209.0816,202.5816
633.3424,308.5924,208.3152,201.8152
635.0789,309.3288,206.8423,200.3423
633.8019,306.0519,208.3961,201.8961
633.8019,306.0519,208.3961,201.8961
634.3284,308.5784,207.3431,200.8431
632.8148,308.0648,207.3704,200.8704
633.2910,303.5410,208.4179,201.9179
633.1717,303.9217,207.6566,201.1566
637.1727,306.9227,205.6546,199.1546
638.9030,306.6530,205.1940,198.6940
639.6454,309.3954,203.7092,197.2092
633.7606,305.0106,205.4788,198.9788
633.4123,310.1623,205.1754,198.6754
630.0421,308.2921,205.9158,199.4158
632.0163,302.2663,206.9674,200.4674
631.9025,301.6524,207.1951,200.6951
630.9025,300.6524,207.1951,200.6951
631.9025,298.6524,207.1951,200.6951
632.1617,300.9117,206.6765,200.1765
631.1617,299.9117,206.6765,200.1765
631.0105,298.2605,205.9789,199.4789
628.3752,291.1252,208.2497,201.7497
629.3752,291.1252,207.2497,200.7497
628.0103,289.2603,207.9794,201.4794
627.2731,286.5231,208.4538,201.9538
623.9205,281.6705,210.1590,203.6590
621.7657,280.0157,210.4686,203.9686
622.1328,280.8828,209.7345,203.2345
621.0025,280.2525,209.9949,203.4949
616.3876,277.1376,211.2247,204.7247
616.2656,275.5156,211.4689,204.9689
615.8939,276.6439,211.2123,204.7123
613.5225,274.7725,210.9550,204.4550
611.5100,272.7600,210.9800,204.4800
610.5100,271.7600,210.9800,204.4800
610.5100,272.7600,210.9800,204.4800
610.3876,269.1376,211.2247,204.7247
609.5025,267.7525,210.9950,204.4950
610.3876,267.1376,211.2247,204.7247
611.1326,267.8826,211.7348,205.2348
610.0056,269.2556,210.9888,204.4888
610.0101,270.2601,209.9798,203.4798
609.3876,267.1376,211.2247,204.7247
606.1288,262.8788,212.7423,206.2423
605.3788,260.1288,213.2424,206.7424
604.7524,259.0024,213.4951,206.9951
604.1251,258.8752,213.7497,207.2497
602.8763,260.6264,214.2473,207.7473
603.0024,261.2524,213.9951,207.4951
605.1289,263.8789,211.7422,205.2422
605.5100,265.7600,210.9800,204.4800
607.2506,268.5006,209.4987,202.9987
604.0006,266.2506,210.9987,204.4987
602.6252,265.3752,210.7497,204.2497
604.3752,262.1252,210.2497,203.7497
602.3752,258.1252,212.2497,205.7497
602.0000,258.2500,212.0000,205.5000
601.0006,258.2506,212.9988,206.4988
598.7524,257.0024,213.4951,206.9951
602.6264,258.3764,211.7472,205.2472
597.3788,255.1288,214.2424,207.7424
597.7598,257.0098,213.4805,206.9805
603.2556,260.5056,211.4888,204.9888
607.1264,260.8764,210.7472,204.2472
611.6265,265.3765,206.7471,200.2471
612.6330,263.3830,206.7340,200.2340
611.5165,264.7664,205.9671,199.4671
610.1331,263.8831,205.7338,199.2338
610.9960,258.7460,205.0080,198.5080
609.8293,259.0793,206.3415,199.8415
610.7821,256.5321,206.4358,199.9358
460.3089,195.5589,273.3823,266.8823
476.0419,201.7919,268.9161,262.4161
499.1414,206.3914,260.7172,254.2172
541.4887,230.7387,238.0226,231.5226
539.1608,223.9108,240.6785,234.1785
530.2690,214.5191,245.4619,238.9619
514.4753,204.7254,253.0493,246.5493
522.4584,209.2083,252.0833,245.5833
530.6555,207.4055,250.6889,244.1889
532.6846,206.4346,249.6308,243.1308
570.9102,214.6602,239.1796,232.6796
585.7546,211.0046,234.4909,227.9909
601.7485,207.4985,232.5031,226.0031
615.6868,207.9368,231.6265,225.1265
623.4432,213.1932,232.1136,225.6136
633.4045,221.1545,230.1910,223.6910
645.1353,217.8853,233.7294,227.2294
665.3976,224.6476,233.2047,226.7047
693.0546,224.3046,228.8908,222.3908
703.4853,218.2353,230.0294,223.5294
707.1630,211.9130,229.6739,223.1739
714.3280,211.5780,226.3441,219.8441
723.0415,238.2915,220.9170,214.4170
724.8281,241.5781,217.3438,210.8438
724.8304,235.5805,217.3391,210.8391
727.8769,235.1269,217.2462,210.7462
719.9171,225.6671,221.1658,214.6658
727.3169,233.0669,218.3662,211.8662
719.7585,226.5086,220.4829,213.9829
715.8820,224.6320,220.2360,213.7360
710.4537,228.7037,219.0926,212.5926
713.8570,241.1070,214.2860,207.7860
708.4529,239.7029,217.0943,210.5943
711.7800,240.5299,217.4401,210.9401
709.2050,241.4550,216.5900,210.0900
701.6146,235.3646,217.7708,211.2708
705.8024,227.5524,212.3953,205.8953
714.4875,219.2375,211.0250,204.5250
727.0684,219.8183,207.8633,201.3633
710.2864,205.5364,210.4271,203.9271
692.4376,196.6875,215.1249,208.6249
720.5239,200.7738,207.9523,201.4523
711.9879,179.2379,214.0243,207.5243
712.2303,198.4803,212.5394,206.0394
703.3253,229.5753,211.3494,204.8494
702.6157,228.8657,216.7686,210.2686
706.1932,238.4432,215.6136,209.1136
707.2506,248.5006,215.4988,208.9988
701.1559,251.4059,214.6882,208.1882
686.7327,247.4827,215.5347,209.0347
685.8276,236.5777,216.3447,209.8447
671.6484,227.8983,218.7033,212.2033
688.6115,221.8615,220.7771,214.2771
698.8179,217.0679,222.3643,215.8643
712.7551,223.0051,220.4897,213.9897
718.3925,218.1425,219.2151,212.7151
722.3751,206.1251,222.2497,215.7497
725.4943,181.2443,221.0114,214.5114
717.9608,153.7108,229.0784,222.5784
720.6495,155.3995,223.7009,217.2009
732.9303,141.1803,223.1394,216.6394
750.1262,145.8762,231.7477,225.2477
748.9125,141.6626,231.1749,224.6749
749.6913,141.4413,235.6174,229.1174
747.9792,142.7292,237.0417,230.5417
744.7461,141.9961,239.5078,233.0078
718.9211,134.1711,244.1578,237.6578
691.8035,136.0535,252.3931,245.8931
666.1922,140.9422,250.6155,244.1155
635.7504,151.5004,251.4991,244.9991
615.2109,140.9609,243.5783,237.0783
579.4001,136.6501,241.1998,234.6998
567.3810,136.6311,237.2379,230.7379
540.2331,138.9831,240.5338,234.0338
514.0383,141.2883,247.9233,241.4233
486.3274,164.5774,247.3452,240.8452
469.8132,168.0632,253.3736,246.8736
450.2514,187.0014,244.4972,237.9972
430.9127,192.1627,239.1747,232.6747
427.7313,192.4813,241.5374,235.0374
444.2955,196.5455,256.4089,249.9089
431.8163,187.0663,266.3673,259.8673
352.6328,210.8828,233.7345,227.2345
308.6085,214.3585,223.7830,217.2830
301.9956,211.2456,224.0089,217.5089
297.4083,213.6583,222.1834,215.6834
281.7113,209.9613,217.5774,211.0774
276.8521,206.1022,214.2957,207.7957
271.5392,199.7892,212.9215,206.4215
268.8745,193.1245,209.2510,202.7510
269.0335,187.2835,207.9330,201.4330
266.3972,184.1472,207.2055,200.7055
269.0761,184.8261,207.8478,201.3478
266.0855,177.3355,200.8290,194.3290
248.6109,175.3609,207.7781,201.2781
257.3777,177.6277,209.2446,202.7446
254.1847,169.4347,209.6306,203.1306
227.1264,171.3764,207.7471,201.2471
209.4297,172.6797,207.1405,200.6405
201.7690,164.0190,209.4619,202.9619
186.5258,151.2758,207.9484,201.4484
177.5729,136.8229,207.8543,201.3543
169.4671,135.2171,206.0658,199.5658
180.2837,134.0337,205.4325,198.9325
181.4427,131.1927,207.1145,200.6145
179.7355,131.9855,210.5289,204.0289
172.9531,133.7031,207.0937,200.5937
179.3829,128.1329,207.2341,200.7341
198.8512,125.6012,210.2975,203.7975
196.3612,125.1112,209.2777,202.7777
216.4787,129.7287,205.0425,198.5425
210.7163,128.4663,205.5674,199.0674
225.9737,130.2237,206.0526,199.5526
218.1872,129.9372,209.6255,203.1255
216.2967,136.0467,211.4067,204.9067
206.0826,137.8326,213.8348,207.3348
224.7090,139.9590,211.5821,205.0821
211.2348,137.9848,213.5305,207.0305
226.3964,135.1464,211.2073,204.7073
238.8191,132.5691,211.3618,204.8618
245.8563,132.6063,210.2875,203.7875
251.2050,133.4550,209.5901,203.0901
252.2042,133.9542,210.5917,204.0917
264.1104,140.3605,208.7791,202.2791
270.4829,143.2329,206.0342,199.5342
271.0450,139.2949,206.9101,200.4101
285.8899,150.1399,204.2202,197.7202
292.1252,152.8752,203.7497,197.2497
296.0292,153.2792,202.9416,196.4416
302.0007,158.2507,204.9987,198.4987
298.4408,161.1908,206.1183,199.6183
306.2494,162.9994,207.5013,201.0013
302.6239,163.3739,207.7523,201.2523
319.4080,167.6579,208.1841,201.6841
419.8995,157.6495,244.2010,237.7010
345.0810,168.3310,222.8381,216.3381
338.5565,171.3064,223.8871,217.3871
435.9279,161.1779,247.1442,240.6442
454.8232,160.5732,243.3537,236.8537
464.8492,164.5992,241.3016,234.8016
447.5999,163.3499,244.8002,238.3002
450.7923,166.5423,242.4154,235.9154
460.4417,167.1918,244.1165,237.6165
458.9089,173.6589,244.1822,237.6822
463.5758,179.8258,242.8484,236.3484
491.9549,188.2049,237.0902,230.5902
505.9270,193.6770,236.1459,229.6459
519.7279,199.9779,232.5442,226.0442
523.7756,204.0256,230.4487,223.9487
520.7520,199.0020,233.4959,226.9959
531.0000,220.2500,228.0000,221.5000
530.6655,225.4155,228.6690,222.1690
527.8134,228.5633,226.3733,219.8733
515.7101,225.9601,228.5798,222.0798
513.6039,230.8539,228.7922,222.2922
499.4826,221.2326,233.0348,226.5348
471.5847,218.8347,234.8305,228.3305
456.1642,230.9142,235.6716,229.1716
422.3279,246.0778,227.3443,220.8443
372.4828,261.7328,227.0345,220.5345
349.7947,276.5447,221.4106,214.9106
364.6262,278.3762,225.7475,219.2475
354.4956,283.2456,224.0089,217.5089
349.2150,286.4650,223.5700,217.0700
346.6430,285.8930,222.7139,216.2139
349.7770,284.0270,224.4460,217.9460
333.8191,288.0691,220.3618,213.8618
371.0052,277.7552,230.9896,224.4896
378.5730,275.8230,230.8541,224.3541
390.2638,274.0138,233.4724,226.9724
384.6326,274.8826,235.7347,229.2347
379.9955,274.2455,235.0091,228.5091
379.5205,275.7705,232.9590,226.4590
373.2661,276.0161,231.4678,224.9678
380.3445,273.5945,233.3111,226.8111
383.2222,272.9722,234.5556,228.0556
378.3445,273.5945,233.3111,226.8111
381.4836,273.7336,233.0328,226.5328
380.9866,274.7366,232.0269,225.5269
375.6137,275.3637,231.7725,225.2725
371.6836,276.9336,229.6328,223.1328
368.3973,277.1473,229.2053,222.7053
372.6836,276.9336,229.6328,223.1328
377.2661,275.0161,231.4678,224.9678
380.8297,273.0797,233.3407,226.8407
390.7029,272.4529,234.5941,228.0941
389.6918,248.4418,249.6164,243.1164
388.1636,267.4136,237.6728,231.1728
377.3631,270.1131,235.2739,228.7739
368.4729,274.7229,231.0542,224.5542
357.5652,279.3152,225.8695,219.3695
350.9532,278.2032,227.0937,220.5937
349.3762,279.1262,227.2476,220.7476
348.7841,281.5341,226.4318,219.9318
348.0032,281.7532,226.9935,220.4935
347.5962,280.3462,227.8075,221.3075
347.8165,279.5665,228.3669,221.8669
344.6145,280.8645,228.7710,222.2710
348.1733,281.4233,227.6533,221.1533
346.9370,284.6870,226.1260,219.6260
347.7505,283.5005,227.4989,220.9989
348.3279,284.5779,227.3443,220.8443
348.7697,284.0197,228.4606,221.9606
349.1469,284.3969,228.7062,222.2062
348.1039,284.8539,228.7922,222.2922
337.1797,287.4297,226.6406,220.1406
337.3167,292.0667,224.3667,217.8667
350.1733,289.4233,227.6533,221.1533
344.3688,288.6188,229.2624,222.7624
338.8296,290.5796,226.3408,219.8408
345.1262,290.8762,227.7476,221.2476
337.1851,292.4351,225.6298,219.1298
334.4468,293.1968,226.1065,219.6065
328.9891,292.7391,226.0217,219.5217
332.4093,292.6593,226.1814,219.6814
332.6055,293.3555,225.7889,219.2889
334.2500,292.5000,226.5000,220.0000
337.4386,289.1886,227.1228,220.6228
336.0834,289.3334,227.8332,221.3332
344.5689,291.3189,228.8622,222.3622
337.2500,292.5000,226.5000,220.0000
333.8945,292.6445,227.2110,220.7110
336.6705,293.4205,226.6590,220.1590
344.1469,291.3969,228.7062,222.2062
335.0911,293.3411,226.8177,220.3177
338.2884,293.0384,226.4231,219.9231
344.3474,292.0974,228.3052,221.8052
333.5518,293.8018,226.8965,220.3965
342.6623,292.4123,228.6754,222.1754
342.9052,294.6552,227.1895,220.6895
348.5085,292.2585,228.9830,222.4830
356.0750,290.8250,230.8499,224.3499
352.8972,290.6472,230.2057,223.7057
358.7934,286.5434,233.4132,226.9132
371.5695,285.8195,236.8610,230.3610
381.7596,279.0096,241.4808,234.9808
375.4206,280.1706,240.1588,233.6588
369.4161,261.1661,251.1678,244.6678
385.1816,272.9316,243.6367,237.1367
377.3989,279.1489,242.2021,235.7021
374.9500,277.2000,246.1000,239.6000
380.1167,271.8667,244.7666,238.2666
384.0585,262.8085,249.8830,243.3830
382.1718,266.4218,247.6565,241.1565
372.7288,267.4788,249.5424,243.0424
368.2609,286.0109,242.4781,235.9781
378.9138,282.6638,240.1724,233.6724
382.9140,278.1640,241.1720,234.6720
411.3348,275.0848,241.3304,234.8304
454.8967,277.1467,241.2066,234.7066
443.8673,278.6173,239.2654,232.7654
438.5753,282.3253,228.8495,222.3495
430.0049,286.2549,224.9901,218.4901
442.0811,286.8311,221.8377,215.3377
455.0469,285.2969,218.9062,212.4062
442.3128,289.0628,219.3743,212.8743
447.3204,288.0704,218.3592,211.8592
438.9667,292.7167,216.0667,209.5667
436.7649,295.0149,211.4701,204.9701
424.4755,296.2255,208.0490,201.5490
425.7004,292.9504,210.5992,204.0992
424.4133,298.6633,209.1733,202.6733
423.1695,298.4195,209.6610,203.1610
426.7297,298.9797,209.5406,203.0406
430.4237,301.6737,210.1527,203.6527
435.4500,300.7000,211.0999,204.5999
440.9449,291.6949,213.1102,206.6102
423.1191,291.3691,213.7619,207.2619
425.2554,280.0054,214.4891,207.9891
425.2572,284.5072,214.4855,207.9855
431.2299,269.4799,216.5403,210.0403
414.9912,239.7412,225.0175,218.5175
415.6377,235.8877,225.7247,219.2247
406.9540,212.2040,236.0920,229.5920
416.0470,220.7970,227.9059,221.4059
426.8423,215.5923,225.3154,218.8154
420.0138,204.7638,228.9725,222.4725
415.4079,209.1579,229.1842,222.6842
392.9326,231.6826,224.1349,217.6349
392.7772,206.5272,237.4456,230.9456
386.7527,230.5027,227.4946,220.9946
390.6319,240.3819,221.7362,215.2362
396.3028,235.0528,223.3944,216.8944
404.6360,224.3860,225.7279,219.2279
415.6782,216.4282,228.6435,222.1435
406.6336,228.8836,228.7327,222.2327
401.3856,239.1356,230.2288,223.7288
410.4226,240.6726,228.1548,221.6548
422.7267,242.9767,226.5465,220.0465
415.9238,239.6738,229.1525,222.6525
415.0589,233.8089,231.8822,225.3822
403.4108,223.6608,237.1785,230.6785
416.8812,219.6312,235.2377,228.7377
406.5005,212.7505,237.9990,231.4990
419.3032,218.0532,234.3937,227.8937
420.7588,213.0087,232.4825,225.9825
418.3751,198.6251,237.2498,230.7498
432.9732,194.7232,237.0536,230.5536
433.4673,190.2173,237.0655,230.5655
442.0640,188.3140,236.8720,230.3720
442.6291,184.8791,236.7418,230.2418
434.0938,177.3438,236.8124,230.3124
442.2199,164.9699,237.5603,231.0603
429.6557,146.9057,239.6886,233.1886
427.5896,143.8396,235.8209,229.3209
434.7218,139.4718,237.5563,231.0563
423.2062,158.4562,236.5876,230.0876
406.6308,174.8808,231.7384,225.2384
407.6724,176.9224,232.6553,226.1553
402.0179,182.2679,232.9641,226.4641
402.2321,183.9821,233.5357,227.0357
395.2566,194.0066,234.4868,227.9868
392.2360,187.9860,231.5280,225.0280
385.3128,192.0628,231.3744,224.8744
386.2411,194.9911,230.5178,224.0178
378.0577,183.3077,227.8846,221.3846
358.1798,170.4298,228.6403,222.1403
357.8133,182.0633,239.3735,232.8735
340.9581,184.7081,257.0839,250.5839
297.6078,169.3578,211.7844,205.2844
321.1816,181.4316,264.6367,258.1367
326.1807,184.4307,261.6386,255.1386
334.0781,187.8281,251.8439,245.3439
334.4658,195.7158,248.0684,241.5684
347.8446,202.5947,242.3107,235.8107
357.5685,204.8184,237.8631,231.3631
337.1564,199.4064,240.6871,234.1871
316.5981,199.3481,240.8037,234.3037
319.3051,205.5552,242.3897,235.8897
311.9508,202.7008,243.0984,236.5984
322.3701,200.6201,248.2598,241.7598
302.3488,190.0988,253.3025,246.8025
300.6718,183.9218,259.6565,253.1565
304.5633,189.8133,268.8734,262.3734
305.4915,206.7416,259.0169,252.5169
298.6911,205.4411,241.6178,235.1178
300.7370,210.9870,245.5260,239.0260
267.8421,216.0921,245.3159,238.8159
258.3710,212.6210,248.2580,241.7580
251.8341,207.5841,251.3318,244.8318
249.0458,212.2958,248.9085,242.4085
255.7505,213.0005,246.4991,239.9991
251.3007,214.5507,245.3987,238.8987
255.4339,205.6839,247.1323,240.6323
264.7696,205.5195,248.4609,241.9609
259.5922,212.3422,243.8157,237.3157
249.1504,217.9004,239.6993,233.1993
250.7418,214.4918,240.5164,234.0164
244.4459,212.1959,245.1082,238.6082
245.0728,211.8228,244.8544,238.3544
244.7533,207.5033,243.4934,236.9934
243.9323,208.6823,242.1354,235.6354
249.3546,216.6046,242.2907,235.7907
248.9618,216.2118,242.0763,235.5763
207.7575,223.0075,227.4850,220.9850
244.0845,218.3345,238.8309,232.3309
202.9859,217.2359,231.0281,224.5281
206.9242,211.6742,233.1516,226.6516
215.0981,208.3481,235.8038,229.3038
273.0359,193.2859,258.9282,252.4282
265.9813,191.2313,258.0374,251.5374
266.2014,199.4514,252.5971,246.0971
218.6292,205.8792,234.7417,228.2417
269.5625,195.8125,254.8749,248.3749
265.5639,195.3139,251.8723,245.3723
224.1149,207.8649,232.7703,226.2703
228.0517,208.3017,231.8967,225.3967
242.2139,203.9639,237.5721,231.0721
236.7088,202.9588,235.5823,229.0823
226.3313,208.5813,232.3373,225.8373
225.3174,209.0674,232.3652,225.8652
226.4881,209.7381,232.0238,225.5238
237.8636,208.1136,235.2729,228.7729
231.4618,208.2118,232.0764,225.5764
230.6593,207.4093,231.6814,225.1814
236.6981,207.4481,232.6039,226.1039
255.7250,203.9750,238.5500,232.0500
246.1010,207.3510,232.7980,226.2980
240.5561,209.8061,226.8879,220.3879
242.4342,210.1842,225.1315,218.6315
246.5631,212.3131,223.8738,217.3738
258.9872,209.2372,228.0256,221.5256
258.2801,209.5301,229.4399,222.9399
261.2298,211.4798,228.5404,222.0404
272.6929,209.9429,232.6142,226.1142
274.3445,208.5945,233.3111,226.8111
276.9242,208.6742,233.1516,226.6516
275.8081,210.0581,231.3838,224.8838
277.6898,210.4398,232.6203,226.1203
271.7205,211.9705,229.5591,223.0591
266.4009,212.6509,227.1981,220.6981
267.5863,212.8363,226.8275,220.3275
265.5332,213.7832,225.9337,219.4337
257.1484,213.3984,223.7032,217.2032
258.5227,214.7727,223.9546,217.4546
256.3417,214.5917,223.3165,216.8165
256.7935,213.5435,224.4130,217.9130
257.1000,214.3500,222.8000,216.3000
260.5520,214.3020,223.8960,217.3960
265.9587,214.2087,226.0826,219.5826
256.1484,212.3984,223.7032,217.2032
256.5357,212.7857,222.9285,216.4285
257.7144,211.9645,223.5711,217.0711
258.2550,213.0050,223.4900,216.9900
263.4707,212.7207,224.0586,217.5586
261.9512,211.2012,225.0975,218.5975
261.5461,211.2961,224.9079,218.4079
265.6771,208.9271,227.6458,221.1458
264.8649,208.1149,227.2702,220.7702
258.5219,209.7719,224.9561,218.4561
270.6107,208.8607,227.7786,221.2786
293.8618,205.1118,237.2765,230.7765
295.8964,206.1464,237.2072,230.7072
297.0420,206.7920,238.9160,232.4160
300.6721,207.9221,238.6558,232.1558
307.3384,207.0884,240.3232,233.8232
342.4243,201.6742,252.1515,245.6515
308.5635,206.3135,240.8730,234.3730
304.6285,207.8785,239.7430,233.2430
304.1168,207.3668,238.7664,232.2664
300.7505,208.5005,237.4990,230.9990
299.7292,206.9792,237.5415,231.0415
300.1261,207.3761,237.7478,231.2478
285.6339,208.8839,231.7321,225.2321
305.5713,206.8213,239.8575,233.3575
309.3694,205.6194,241.2613,234.7613
303.5713,206.8213,239.8575,233.3575
306.0813,205.3313,240.8374,234.3374
303.5713,207.8213,239.8575,233.3575
318.0410,206.7911,244.9179,238.4179
329.3378,207.0878,248.3244,241.8244
334.9750,205.7250,251.0500,244.5500
332.9174,204.1675,251.1651,244.6651
338.7367,204.9866,251.5267,245.0267
339.1011,205.3511,251.7977,245.2977
347.8394,209.5893,254.3213,247.8213
343.5739,210.8239,253.8522,247.3522
345.2107,209.9607,252.5786,246.0786
349.5599,206.3099,252.8802,246.3802
357.1295,205.8795,253.7410,247.2410
356.9231,205.1731,254.1538,247.6538
360.0454,204.7954,256.9092,250.4092
363.7395,211.9895,253.5211,247.0211
359.3822,203.1322,252.2356,245.7356
363.3092,207.0592,253.3815,246.8815
363.5825,203.3325,254.8350,248.3350
361.6946,200.4446,256.6108,250.1108
362.1123,198.8623,257.7753,251.2753
262.9716,217.7216,221.0568,214.5568
263.3752,215.6251,221.2497,214.7497
261.3591,216.1091,220.2818,213.7818
260.1171,215.8671,219.7658,213.2658
260.7620,215.0120,220.4760,213.9760
262.9232,215.6732,220.1536,213.6536
265.7500,214.0000,221.5000,215.0000
264.7500,214.0000,221.5000,215.0000
271.5863,209.8363,226.8275,220.3275
353.3081,194.0581,260.3837,253.8837
359.5901,194.8401,260.8199,254.3199
360.7086,184.9586,266.5828,260.0828
357.9441,179.6941,263.1118,256.6118
337.2244,175.4744,262.5511,256.0511
306.8132,192.0632,247.3736,240.8736
285.7429,192.9929,242.5143,236.0143
274.3775,185.6275,242.2450,235.7450
262.1357,184.8857,240.7286,234.2286
235.7462,176.9962,241.5077,235.0077
221.6878,178.4378,236.6244,230.1244
205.3234,184.0734,234.3531,227.8531
180.9628,202.2128,232.0744,225.5744
176.5403,226.7903,228.9195,222.4195
149.2852,240.5352,224.4295,217.9295
137.7939,239.0439,226.4123,219.9123
124.0000,254.2500,226.0000,219.5000
118.0006,252.2506,222.9989,216.4989
120.7693,249.0193,227.4614,220.9614
124.4370,249.1870,222.1261,215.6261
141.0643,244.3143,216.8714,210.3714
141.7679,251.5179,219.4643,212.9643
160.3808,249.1308,222.2385,215.7385
175.9077,248.6577,226.1846,219.6846
175.1694,246.9194,229.6613,223.1613
195.8573,244.1073,230.2854,223.7854
201.2305,239.9805,229.5390,223.0390
225.8128,234.5628,223.3744,216.8744
221.5820,231.3320,229.8360,223.3360
220.4688,240.7188,231.0625,224.5625
271.1543,232.9043,239.6915,233.1915
282.3258,232.0758,245.3484,238.8484
314.1467,234.8967,238.7067,232.2067
343.7816,224.5316,235.4367,228.9367
380.5951,219.3451,235.8099,229.3099
422.4826,199.2326,240.0349,233.5349
442.0783,208.3283,241.8434,235.3434
463.0750,204.8250,235.8499,229.3499
468.0273,207.2773,229.9454,223.4454
489.6284,203.3784,224.7431,218.2431
501.1795,200.4295,223.6410,217.1410
507.3149,202.5650,227.3701,220.8701
519.4348,199.1848,226.1304,219.6304
533.7194,198.4694,231.5612,225.0612
518.6397,223.3897,239.7206,233.2206
537.6902,222.4402,237.6195,231.1195
556.2661,216.0161,231.4678,224.9678
588.0049,226.2549,224.9901,218.4901
601.8751,244.6251,224.2497,217.7497
612.1320,242.8820,219.7359,213.2359
623.2552,236.5052,219.4896,212.9896
616.6044,248.3544,231.7911,225.2911
632.5763,219.8263,228.8474,222.3474
658.5651,202.3150,235.8699,229.3699
671.1705,195.9205,237.6590,231.1590
663.4081,196.6581,234.1838,227.6838
669.4091,192.6591,234.1818,227.6818
700.8375,178.5875,227.3250,220.8250
695.8112,180.0612,227.3776,220.8776
693.6639,179.9139,220.6722,214.1722
698.9737,173.7237,225.0526,218.5526
680.2924,169.0424,227.4152,220.9152
659.0121,167.7622,223.9757,217.4757
663.8553,172.6053,224.2895,217.7895
655.2150,172.4650,223.5700,217.0700
683.3761,182.1261,242.2479,235.7479
674.9777,179.2277,237.0446,230.5446
679.0726,181.8226,234.8548,228.3548
683.9138,175.6638,240.1724,233.6724
665.0789,174.3289,236.8422,230.3422
670.0951,185.8451,235.8099,229.3099
660.0102,192.7602,233.9797,227.4797
649.7945,198.0445,230.4111,223.9111
636.6564,189.4064,230.6871,224.1871
593.2505,191.0006,222.4989,215.9989
555.7123,181.4623,225.5753,219.0753
528.2891,178.5390,221.4219,214.9219
516.9891,161.7391,226.0217,219.5217
489.0149,163.7649,219.9702,213.4702
459.5544,156.3044,225.8913,219.3913
425.7633,158.0133,228.4734,221.9734
402.7136,169.9636,217.5727,211.0727
393.2506,173.5006,215.4988,208.9988
372.5433,187.2933,211.9133,205.4133
371.2780,191.0280,211.4440,204.9440
360.3661,188.6161,214.2679,207.7679
342.4547,195.7047,220.0906,213.5906
384.8890,197.6390,210.2220,203.7220
385.2343,188.4843,214.5314,208.0314
414.1884,180.9384,219.6232,213.1232
434.4001,182.6501,221.1998,214.6998
449.9628,186.7128,215.0745,208.5745
483.4151,184.1651,211.1699,204.6699
490.5260,188.2760,211.9480,205.4480
510.3378,199.0878,211.3245,204.8245
516.4969,200.7469,212.0062,205.5062
572.7542,201.5042,215.4916,208.9916
597.6693,189.4193,218.6615,212.1615
579.6599,193.9098,213.6803,207.1803
585.1996,192.9496,211.6007,205.1007
597.6209,187.8709,213.7582,207.2582
601.2254,187.4754,212.5493,206.0493
602.0519,183.8019,216.8962,210.3962
581.8649,180.6149,221.2701,214.7701
596.0449,187.2949,220.9102,214.4102
588.5250,175.2750,220.9500,214.4500
561.7554,179.5054,214.4891,207.9891
575.0643,180.3143,215.8714,209.3714
554.7785,177.0285,218.4430,211.9430
556.1107,168.3607,223.7785,217.2785
537.0631,162.8131,219.8738,213.3738
562.1711,161.9211,211.6578,205.1578
600.0211,161.2711,202.9579,196.4579
607.5125,205.2625,190.9750,184.4750
595.4925,175.2425,194.0151,187.5151
524.4591,141.7091,221.0818,214.5818
610.7631,172.0131,187.4738,180.9738
416.3212,141.5712,230.3577,223.8577
286.6127,134.3627,180.7746,174.2746
360.3094,134.0594,242.3811,235.8811
201.2970,120.0470,205.4060,198.9060
476.1307,231.3807,179.7386,173.2386
142.4470,147.6970,177.1060,170.6060
492.5430,240.2930,174.9140,168.4140
445.1017,246.8517,174.7966,168.2966
405.2345,237.9845,179.5310,173.0310
409.5590,239.8090,181.8819,175.3819
376.3721,233.6221,191.2558,184.7558
191.7632,219.0132,215.4737,208.9737
243.7507,251.0007,206.4987,199.9987
185.6722,278.4222,198.6556,192.1556
153.8930,273.6430,195.2140,188.7140
148.5460,264.7960,193.9081,187.4081
147.2450,253.4950,210.5101,204.0101
163.8631,263.1131,204.2738,197.7738
105.7984,264.5484,197.4031,190.9031
71.0235,308.2735,118.9530,112.4530
220.0000,91.5000,222.0000,209.0000
529.0000,255.5000,222.0000,209.0000
529.0000,255.5000,222.0000,209.0000
245.3323,219.5823,144.3354,137.8354
179.0000,236.5000,222.0000,209.0000
529.0000,255.5000,222.0000,209.0000
529.0000,255.5000,222.0000,209.0000
529.0000,255.5000,222.0000,209.0000
529.0000,255.5000,222.0000,209.0000
89.0000,149.5000,222.0000,209.0000
171.9189,118.1689,161.1622,154.6622
231.5027,100.7527,204.9947,198.4947
199.7245,103.9745,206.5510,200.0510
239.7088,120.4588,197.5823,191.0823
600.9355,122.6856,173.1289,166.6289
453.7043,94.9543,224.5914,218.0914
592.4407,109.6907,191.1187,184.6187
605.5247,149.7747,153.9505,147.4505
380.5997,132.8497,211.8006,205.3006
420.7851,116.5350,230.4299,223.9299
388.1887,152.9387,195.6227,189.1227
462.5063,154.2563,189.9873,183.4873
480.9932,149.7432,203.0136,196.5136
536.7701,152.0201,185.4597,178.9597
492.1291,154.3791,205.7418,199.2418
520.6288,159.3788,212.7423,206.2423
360.1120,157.3620,273.7759,267.2759
394.6564,186.9064,270.6872,264.1872
245.7122,230.9622,228.5755,222.0755
326.8910,239.6410,229.2180,222.7180
758.0544,212.3044,225.8913,219.3913
569.2305,222.4806,313.5389,307.0389
609.5342,223.7842,313.9316,307.4316
636.3328,241.0828,306.3343,299.8343
684.8063,268.5563,287.3874,280.8874
708.5129,307.2630,274.9741,268.4741
745.7383,343.4883,244.5234,238.0234
771.8751,350.6251,247.2498,240.7498
775.7720,349.0219,250.4561,243.9561
778.2034,354.9534,246.5931,240.0931
794.8892,368.1392,244.2216,237.7216
794.3197,386.0697,246.3606,239.8606
809.2613,400.5113,249.4774,242.9774
838.7723,411.5223,248.4554,241.9554
857.6290,426.3790,238.7419,232.2419
894.5494,423.2994,229.9012,223.4012
910.3597,432.1097,224.2806,217.7806
888.0652,441.3152,225.8695,219.3695
839.8440,445.5940,219.3120,212.8120
818.0858,449.3358,215.8284,209.3284
767.8332,445.5832,221.3336,214.8336
725.3671,442.1171,219.2659,212.7659
704.6461,458.8960,215.7079,209.2079
706.4688,457.7188,215.0625,208.5625
655.9770,447.7270,225.0460,218.5460
658.4546,448.7046,228.0908,221.5908
634.7723,458.5223,220.4555,213.9555
619.6808,446.4308,227.6383,221.1383
630.6002,422.8502,223.7996,217.2996
588.8076,397.0576,219.3847,212.8847
516.1318,397.8818,223.7364,217.2364
481.7523,405.0023,217.4953,210.9953
433.4886,394.7386,226.0228,219.5228
417.5778,395.3278,229.8444,223.3444
398.9400,374.1900,236.1199,229.6199
385.7792,334.5292,271.4416,264.9416
404.9109,327.1609,254.1782,247.6782
408.9227,329.6727,258.1547,251.6547
455.9869,322.7369,254.0262,247.5262
496.1905,310.4405,269.6190,263.1190
524.4826,310.7326,269.0348,262.5348
514.9314,331.6814,233.1372,226.6372
538.9544,337.2044,233.0912,226.5912
611.6427,354.3927,217.7146,211.2146
692.7014,206.4514,225.5971,219.0971
745.8188,162.5689,244.3623,237.8623
838.9701,167.7201,228.0598,221.5598
892.3408,218.0907,227.3185,220.8185
92.6937,465.9438,216.6125,210.1125
133.8396,428.0896,211.3207,204.8207
123.3355,403.5855,199.3289,192.8289
120.8734,367.1234,215.2533,208.7533
77.3542,358.1042,218.2917,211.7917
121.9336,333.1836,221.1329,214.6329
141.3150,331.5649,227.3701,220.8701
154.1915,319.4415,228.6170,222.1170
172.8751,309.6251,225.2497,218.7497
190.2872,291.5372,218.4256,211.9256
228.7506,256.0006,212.4988,205.9988
618.0440,37.7940,201.9120,195.4120
609.5763,40.3263,210.8474,204.3474
620.6519,48.4019,213.6962,207.1962
650.5364,45.7864,220.9272,214.4272
604.8899,44.1399,225.2202,218.7202
569.7695,57.0196,216.4609,209.9609
435.9098,80.6598,273.1805,266.6805
459.3216,76.0716,265.3567,258.8567
486.2430,59.4930,245.5139,239.0139
548.5110,49.2610,235.9780,229.4780
593.5201,45.7701,219.9599,213.4599
571.2709,40.0209,227.4581,220.9581
520.4783,51.7283,258.0434,251.5434
528.8941,67.1441,236.2118,229.7118
518.6282,72.3782,231.7435,225.2435
528.0121,65.7621,234.9758,228.4758
533.3783,80.1283,230.2435,223.7435
527.8473,89.0973,232.3054,225.8054
556.1705,104.9205,237.6590,231.1590
552.1989,104.9489,234.6022,228.1022
523.2527,108.0027,228.4947,221.9947
531.4244,114.1744,225.1512,218.6512
534.2434,123.4934,224.5132,218.0132
538.8632,132.1132,226.2736,219.7736
520.1307,142.8807,223.7386,217.2386
489.0908,161.3408,223.8184,217.3184
457.3453,175.0953,224.3093,217.8093
440.2287,195.4787,225.5426,219.0426
426.9326,202.6826,224.1349,217.6349
439.1262,203.3762,225.7475,219.2475
407.1085,209.3585,223.7830,217.2830
387.5087,213.2587,225.9826,219.4826
365.3856,218.1356,230.2288,223.7288
377.2104,234.4604,235.5793,229.0793
432.7802,273.0302,212.4396,205.9396
437.2653,254.5152,213.4695,206.9695
410.2834,246.0335,217.4331,210.9331
395.8293,258.0793,213.3413,206.8413
193.6724,205.9224,199.6552,193.1552
462.4960,310.7460,190.0079,183.5079
484.1464,305.3964,190.7073,184.2073
479.5807,287.3307,203.8386,197.3386
479.0673,290.3173,203.8655,197.3655
474.5258,287.2758,207.9484,201.4484
460.9781,280.2281,211.0437,204.5437
441.8374,261.0874,220.3252,213.8252
430.3804,249.6304,218.2392,211.7392
385.5786,252.8286,211.8427,205.3427
325.6186,251.8686,215.7628,209.2628
364.6964,243.9465,212.6071,206.1071
263.2698,259.0198,202.4604,195.9604
239.1565,255.9065,210.6870,204.1870
214.9864,267.7364,212.0272,205.5272
175.4697,287.7197,208.0605,201.5605
156.2240,301.9740,209.5520,203.0520
149.7055,303.4555,213.5890,207.0890
155.8192,296.5692,209.3616,202.8616
153.8826,307.6326,212.2349,205.7349
161.8284,280.0784,211.3432,204.8432
179.3020,335.5520,226.3961,219.8961
203.5220,331.7720,221.9561,215.4561
194.5750,329.8250,230.8499,224.3499
181.7594,292.5094,237.4812,230.9812
219.4809,318.2308,235.0383,228.5383
223.7147,293.9648,231.5705,225.0705
192.0081,303.2581,233.9837,227.4837
220.7506,297.0006,210.4987,203.9987
202.4201,347.6701,211.1599,204.6599
163.6047,430.8547,211.7906,205.2906
162.8162,452.0662,205.3676,198.8676
23.0000,614.5000,222.0000,209.0000
529.0000,255.5000,222.0000,209.0000
529.0000,255.5000,222.0000,209.0000
529.0000,255.5000,222.0000,209.0000
529.0000,255.5000,222.0000,209.0000
529.0000,255.5000,222.0000,209.0000
529.0000,255.5000,222.0000,209.0000
529.0000,255.5000,222.0000,209.0000
529.0000,255.5000,222.0000,209.0000
529.0000,255.5000,222.0000,209.0000
600.2029,604.9529,141.5941,135.0941
593.4470,567.1970,177.1060,170.6060
608.0047,535.7547,190.9906,184.4906
628.5751,511.3251,195.8499,189.3499
645.8930,496.1430,202.2140,195.7140
668.0338,467.2838,208.9324,202.4324
688.8890,458.6390,210.2220,203.7220
676.0223,452.2723,211.9554,205.4554
681.6989,440.9489,212.6022,206.1022
675.3173,426.0673,210.3655,203.8655
676.6669,387.4169,218.6662,212.1662
700.4514,362.2014,219.0972,212.5972
867.4183,102.1683,215.1633,208.6633
869.1181,98.8681,217.7638,211.2638
864.0333,105.7833,215.9333,209.4333
862.7662,108.5162,215.4677,208.9677
846.6047,105.8547,217.7907,211.2907
845.9876,114.2376,212.0247,205.5247
797.5455,134.7955,198.9090,192.4090
767.1888,141.4388,186.6224,180.1224
648.8051,303.5551,173.3899,166.8899
575.4781,149.7281,191.0437,184.5437
596.6263,198.3763,219.7474,213.2474
603.6490,203.3991,220.7019,214.2019
605.2473,189.9973,228.5053,222.0053
564.5821,184.3321,241.8358,235.3358
599.2828,164.0328,265.4344,258.9344
562.8022,177.0522,235.3955,228.8955
527.6508,177.9008,215.6984,209.1984
519.7506,177.5006,215.4988,208.9988
503.5478,175.2978,212.9044,206.4044
530.3871,181.1371,215.2257,208.7257
545.7505,182.5005,225.4989,218.9989
527.1091,190.8591,219.7819,213.2819
466.4182,176.6682,221.1635,214.6635
442.1166,178.3666,220.7668,214.2668
404.1553,175.4053,220.6893,214.1893
488.1104,201.8604,195.7791,189.2791
508.9886,215.7386,188.0227,181.5227
497.3853,221.1353,185.2294,178.7294
490.2666,224.0166,182.4668,175.9668
385.2821,216.5321,200.4357,193.9357
501.4837,227.7337,184.0325,177.5325
401.8437,222.5937,198.3127,191.8127
494.6841,235.9341,173.6319,167.1319
384.1049,217.3549,203.7901,197.2901
378.7581,225.5080,196.4839,189.9839
443.8207,231.5707,191.3586,184.8586
496.8040,236.0540,187.3921,180.8921
507.1757,236.4257,187.6485,181.1485
498.7250,239.4750,188.5500,182.0500
503.5855,240.3355,189.8289,183.3289
491.4414,247.1914,192.1172,185.6172
498.7867,248.0367,194.4266,187.9266
497.1038,249.8538,192.7924,186.2924
510.2083,251.4584,193.5833,187.0833
499.2710,251.5210,197.4581,190.9581
507.3854,252.1355,196.2291,189.7291
497.1872,257.4372,197.6256,191.1256
331.0654,212.3154,220.8692,214.3692
479.0743,312.8243,206.8514,200.3514
486.0384,270.2884,180.9232,174.4232
293.6964,289.4464,247.6071,241.1071
416.2821,245.5321,167.4358,160.9358
367.0000,353.5000,222.0000,209.0000
417.2356,275.9856,167.5287,161.0287
817.9976,429.2476,216.0048,209.5048
885.5626,418.8125,219.8749,213.3749
395.0871,258.8371,156.8258,150.3258
391.4914,244.7414,169.0172,162.5172
372.6216,246.3716,179.7568,173.2568
362.8818,242.1318,177.2363,170.7363
916.0419,460.2919,210.9162,204.4162
961.4410,453.1910,202.1181,195.6181
283.3310,244.0810,187.3381,180.8381
279.5712,253.3212,175.8575,169.3575
256.5175,251.7675,185.9650,179.4650
248.9643,252.7143,188.0714,181.5714
247.9767,258.2267,186.0466,179.5466
238.2273,266.4773,182.5454,176.0454
226.5846,280.3346,181.8308,175.3308
222.5765,280.8265,182.8471,176.3471
224.9565,283.7065,180.0869,173.5869
218.4187,289.1687,177.1627,170.6627
228.9565,291.7065,180.0869,173.5869
243.8104,292.5604,184.3792,177.8792
252.8908,297.6408,183.2184,176.7184
259.6880,301.4380,186.6241,180.1241
260.7293,301.9793,189.5414,183.0414
266.9273,302.1773,190.1454,183.6454
264.9543,309.2043,189.0913,182.5913
273.7460,317.4960,188.5081,182.0081
269.5715,320.3215,187.8570,181.3570
266.2089,325.9589,185.5822,179.0822
270.1313,333.3813,182.7374,176.2374
272.0634,333.3134,188.8733,182.3733
966.6840,178.4340,189.6320,183.1320
279.4649,346.7149,184.0702,177.5702
953.1503,174.9003,185.6994,179.1994
935.4535,169.2035,197.0930,190.5930
953.3524,168.1024,193.2952,186.7952
927.2222,168.4721,189.5557,183.0557
915.4353,161.1853,194.1294,187.6294
900.5422,163.2922,193.9156,187.4156
895.9719,163.7219,200.0562,193.5562
873.1270,173.8770,181.7460,175.2460
877.0626,176.8125,190.8749,184.3749
340.6295,350.3795,170.7411,164.2411
757.6022,187.8522,167.7957,161.2957
761.0189,175.7690,176.9621,170.4621
766.5652,171.3152,181.8696,175.3696
735.5000,175.7500,189.0000,182.5000
373.8354,356.5854,164.3292,157.8292
711.9376,173.6875,187.1249,180.6249
388.6990,361.9490,157.6020,151.1020
591.1751,179.4251,163.6498,157.1498
573.1688,185.4188,152.6623,146.1623
390.0600,350.8100,158.8801,152.3801
392.2732,336.0232,178.4537,171.9537
521.2819,191.0319,183.4362,176.9362
500.0038,200.2538,175.9923,169.4923
437.7628,238.0129,232.4743,225.9743
434.7598,236.0098,213.4805,206.9805
423.0223,258.2723,211.9554,205.4554
405.1289,259.8789,211.7422,205.2422
396.9766,273.7266,207.0469,200.5469
394.6640,260.4140,210.6720,204.1720
390.9951,257.7451,212.0099,205.5099
395.6059,266.8559,211.7881,205.2881
461.7899,327.5399,181.4202,174.9202
355.1675,269.9175,237.6649,231.1649
284.1314,231.8814,171.7371,165.2371
486.0304,330.2804,182.9392,176.4392
333.9546,245.2046,254.0909,247.5909
275.0566,251.8066,194.8868,188.3868
257.4118,230.6618,213.1763,206.6763
249.9135,232.6635,202.1729,195.6729
493.5676,346.8176,184.8647,178.3647
499.2392,349.9892,186.5215,180.0215
507.5939,348.8439,190.8123,184.3123
513.4565,355.7065,190.0870,183.5870
511.6566,355.4066,190.6869,184.1869
511.0144,359.7644,188.9711,182.4711
512.6305,358.8805,193.7390,187.2390
507.7042,353.9542,195.5917,189.0917
521.8907,358.6408,191.2184,184.7184
525.0834,351.3334,191.8332,185.3332
522.3907,352.6408,191.2184,184.7184
522.6578,352.9077,189.6845,183.1845
525.9446,348.1946,191.1109,184.6109
532.3907,341.6408,191.2184,184.7184
533.3283,337.5783,192.3434,185.8434
540.3251,341.0751,188.3499,181.8499
538.1001,339.8501,190.7997,184.2997
533.4960,339.7460,190.0079,183.5079
537.1191,336.8691,193.7617,187.2617
550.2228,338.4728,191.5543,185.0543
551.0172,338.7672,190.9656,184.4656
546.2891,340.0390,189.4219,182.9219
546.9528,336.2028,189.0945,182.5945
552.2605,337.5105,182.4790,175.9790
548.3752,338.1252,181.2496,174.7496
549.7719,334.5219,182.4563,175.9563
551.9581,336.2081,181.0839,174.5839
553.1452,341.3952,176.7096,170.2096
557.2731,340.0232,178.4537,171.9537
556.3752,335.1252,181.2496,174.7496
576.0211,337.2711,181.9577,175.4577
578.5858,335.8358,180.8284,174.3284
578.9064,333.1564,177.1872,170.6872
594.3913,335.6413,173.2174,166.7174
605.2585,331.5085,177.4831,170.9831
602.9230,336.1729,175.1541,168.6541
594.1163,331.8663,180.7675,174.2675
601.6113,333.8613,182.7774,176.2774
607.7564,337.5064,179.4872,172.9872
609.7328,332.9828,183.5345,177.0345
615.3323,333.5823,182.3355,175.8355
613.5329,330.7829,186.9342,180.4342
616.8403,327.0903,186.3193,179.8193
617.8901,327.6402,186.2197,179.7197
618.0848,328.3348,186.8304,180.3304
618.6665,325.4165,183.6671,177.1671
618.8403,322.0903,186.3193,179.8193
618.2393,320.9892,186.5215,180.0215
618.1268,320.3768,187.7463,181.2463
615.6815,319.9314,187.6371,181.1371
616.3293,319.5793,187.3413,180.8413
617.2170,318.9669,188.5661,182.0661
616.4615,319.2115,189.0769,182.5769
619.6654,321.4154,188.6692,182.1692
618.5453,319.2953,190.9093,184.4093
617.7896,319.5396,191.4208,184.9208
619.4565,320.7065,190.0870,183.5870
619.6313,318.3813,192.7374,186.2374
619.8752,317.6252,193.2496,186.7496
618.9877,319.2377,192.0247,185.5247
620.3875,319.1375,192.2250,185.7250
619.5000,318.7500,191.0000,184.5000
619.1438,317.8938,191.7124,185.2124
618.6313,317.3813,192.7374,186.2374
613.9922,317.7422,191.0156,184.5156
615.2588,320.0088,189.4825,182.9825
613.6815,320.9314,187.6371,181.1371
617.4400,321.1900,188.1200,181.6200
616.2823,321.5323,188.4355,181.9355
617.7691,322.0191,189.4618,182.9618
616.0842,323.3342,188.8315,182.3315
616.9001,323.6501,191.1998,184.6998
612.5032,323.2532,189.9937,183.4937
613.5453,323.2953,190.9093,184.4093
612.5453,324.2953,190.9093,184.4093
609.6125,324.3625,189.7750,183.2750
611.5260,325.2760,187.9480,181.4480
614.7701,323.5202,188.4597,181.9597
614.8826,327.1326,187.2348,180.7348
622.3096,329.5596,184.3809,177.8809
622.9064,332.1564,185.1873,178.6873
622.5260,326.2760,187.9480,181.4480
629.2588,326.0088,189.4825,182.9825
630.1046,323.3546,189.7909,183.2909
631.7939,326.5439,186.4122,179.9122
630.3516,326.6017,185.2967,178.7967
629.8190,325.5689,184.3621,177.8621
632.3320,327.0820,183.3360,176.8360
632.7150,328.9649,180.5701,174.0701
631.4688,328.2188,179.0625,172.5625
631.3817,328.6317,178.2365,171.7365
631.7824,328.5324,178.4352,171.9352
630.6252,327.8752,178.7495,172.2495
632.4719,326.7219,180.0561,173.5561
631.6307,324.3807,179.7386,173.2386
632.5127,325.2627,179.9746,173.4746
633.4001,323.6501,181.1997,174.6997
632.8441,324.0941,181.3118,174.8118
632.1125,325.3625,179.7750,173.2750
637.5572,325.3072,180.8856,174.3856
636.5572,324.3072,180.8856,174.3856
636.2692,323.0192,179.4617,172.9617
638.1834,322.4334,178.6332,172.1332
639.2290,323.4790,179.5420,173.0420
642.2752,319.5252,180.4496,173.9496
650.1114,320.3614,178.7772,172.2772
657.0317,318.7817,177.9365,171.4365
657.5147,317.2647,178.9706,172.4706
663.3865,320.6366,177.2269,170.7269
665.0810,320.8310,178.8380,172.3380
662.7328,313.9828,183.5345,177.0345
662.6479,314.3979,182.7043,176.2043
662.4896,311.7396,183.0208,176.5208
662.9367,309.6867,184.1266,177.6266
661.9831,308.7331,185.0338,178.5338
661.8239,308.0739,185.3522,178.8522
659.5457,307.2956,184.9087,178.4087
658.4649,306.7149,184.0702,177.5702
655.2721,307.5221,184.4558,177.9558
650.9485,307.1985,185.1030,178.6030
650.9485,308.1985,185.1030,178.6030
646.5135,308.7635,184.9730,178.4730
644.7878,308.5378,185.4245,178.9245
643.2257,308.9757,185.5486,179.0486
645.2257,307.9757,185.5486,179.0486
645.1430,309.3930,184.7140,178.2140
647.1100,308.8600,184.7801,178.2801
643.0667,308.3167,185.8665,179.3665
640.4683,309.2184,186.0633,179.5633
637.3096,308.5597,186.3807,179.8807
634.0626,308.8126,184.8749,178.3749
631.9760,308.2260,184.0479,177.5479
631.5754,309.3254,183.8492,177.3492
631.5754,309.3254,183.8492,177.3492
632.0441,310.7940,181.9119,175.4119
630.2438,310.9938,181.5124,175.0124
628.7789,311.0289,182.4423,175.9423
630.3752,309.6252,183.2496,176.7496
630.0651,309.3151,183.8698,177.3698
629.1358,310.8858,181.7283,175.2283
626.0881,309.3381,181.8237,175.3237
624.0886,307.8387,182.8227,176.3227
623.0886,307.8387,182.8227,176.3227
622.3063,306.0562,185.3875,178.8875
617.6049,305.3549,184.7902,178.2902
614.9474,300.6974,187.1052,180.6052
614.2210,301.9710,186.5579,180.0579
616.6799,298.4299,188.6402,182.1402
615.3177,297.5677,189.3645,182.8645
612.6650,295.4150,192.6701,186.1701
605.9877,291.2376,197.0247,190.5247
609.1932,290.4432,193.6136,187.1136
475.9517,252.2017,230.0966,223.5966
462.7972,247.5472,223.4055,216.9055
462.5973,250.3473,218.8054,212.3054
479.8440,252.5940,215.3120,208.8120
486.2687,254.0187,214.4626,207.9626
491.4757,255.2257,214.0485,207.5485
501.4500,251.2000,216.0999,209.5999
515.4435,244.1935,215.1129,208.6129
525.6568,243.4068,217.6865,211.1865
539.2728,245.5228,220.4543,213.9543
565.2316,249.4816,226.5368,220.0368
568.5967,252.8468,227.8065,221.3065
593.1827,259.4327,221.6345,215.1345
616.2460,264.4960,221.5079,215.0079
631.5227,258.7727,223.9546,217.4546
654.7123,259.4623,225.5753,219.0753
665.3106,261.0606,223.3788,216.8788
678.8914,255.6414,226.2172,219.7172
675.1105,252.3606,226.7789,220.2789
685.8221,255.0721,225.3558,218.8558
704.9797,258.2297,222.0405,215.5405
723.8328,262.0828,220.3344,213.8344
729.9456,264.6956,219.1087,212.6087
739.7963,266.5463,220.4075,213.9075
748.9492,265.1992,223.1015,216.6015
770.3012,263.0512,229.3976,222.8976
795.0434,259.2934,231.9132,225.4132
793.8368,259.5868,228.3265,221.8265
810.5244,255.2744,228.9513,222.4513
811.4077,258.1577,226.1846,219.6846
816.1163,259.8663,224.7673,218.2673
828.7633,263.0133,223.4733,216.9733
852.3251,263.0750,223.3499,216.8499
851.8785,261.6285,222.2430,215.7430
869.4620,255.7121,223.0759,216.5759
875.4146,253.6645,225.1709,218.6709
879.4745,249.7245,226.0511,219.5511
890.8134,252.0634,225.3733,218.8733
903.7122,253.9622,223.5755,217.0755
902.4044,254.1544,222.1913,215.6913
923.9789,260.2290,215.0421,208.5421
945.3854,262.1354,208.2291,201.7291
913.1432,261.8932,214.7135,208.2135
960.0027,261.2527,201.9945,195.4945
972.2106,263.4605,196.5789,190.0789
1009.1002,279.3502,165.7996,159.2996
1013.7913,277.0414,171.4173,164.9173
636.2606,261.5107,134.4787,127.9787
624.1005,263.8505,130.7990,124.2990
1067.4911,294.7411,132.0179,125.5179
1032.3536,285.6037,154.2926,147.7926
628.0050,252.7550,160.9900,154.4900
648.3208,239.5708,175.3584,168.8584
598.8275,238.0775,167.3449,160.8449
584.5192,244.2692,162.9615,156.4615
578.9688,241.2188,169.0625,162.5625
573.6440,240.8940,167.7120,161.2120
570.6950,240.9450,165.6100,159.1100
534.2957,223.0457,183.4086,176.9086
532.0312,234.2813,172.9375,166.4375
532.6252,236.3753,172.7495,166.2495
533.5231,240.7732,164.9537,158.4537
1024.7404,242.9904,156.5192,150.0192
525.7267,241.9767,175.5465,169.0465
975.3304,228.0804,172.3392,165.8392
512.5208,251.2708,176.9583,170.4583
972.0443,216.2943,182.9114,176.4114
959.0982,209.8482,189.8036,183.3036
949.9811,207.7311,197.0378,190.5378
951.3114,211.5614,193.3772,186.8772
927.7324,205.4823,199.5353,193.0353
909.1679,209.4179,201.6642,195.1642
879.0242,212.2742,203.9516,197.4516
878.9016,213.1516,203.1968,196.6968
875.8793,218.6293,201.2413,194.7413
863.2332,216.4832,200.5335,194.0335
856.1580,215.4080,196.6840,190.1840
859.2685,215.5185,195.4630,188.9630
846.7108,212.4608,195.5784,189.0784
840.3195,209.0695,196.3610,189.8610
841.0711,202.8211,198.8578,192.3578
842.5414,200.7915,199.9171,193.4171
836.5256,202.2756,198.9489,192.4489
744.5444,191.2944,217.9112,211.4112
727.7780,188.5280,220.4440,213.9440
706.4429,195.1929,216.1142,209.6142
690.7596,194.0096,215.4809,208.9809
692.1130,195.8630,213.7740,207.2740
685.9844,190.7344,215.0312,208.5312
710.8320,190.0820,212.3361,205.8361
729.9283,186.1783,212.1435,205.6435
781.6669,177.9169,218.6662,212.1662
779.7366,175.4866,218.5267,212.0267
713.0026,187.2526,205.9947,199.4947
676.7811,188.5311,209.4378,202.9378
641.0281,192.2781,210.9437,204.4437
675.3588,190.6088,206.2825,199.7825
694.9039,194.1539,202.1921,195.6921
670.2084,194.9583,208.5833,202.0833
689.9030,196.6530,205.1940,198.6940
659.4805,196.2305,207.0390,200.5390
640.0657,200.3157,208.8685,202.3685
635.6879,201.4379,206.6243,200.1243
610.6047,206.3547,208.7906,202.2906
598.8135,205.0635,211.3730,204.8730
579.3770,202.6270,212.2460,205.7460
567.0914,200.8414,214.8172,208.3172
559.6251,202.3752,217.7497,211.2497
558.2944,203.0444,216.4111,209.9111
552.7917,199.0417,214.4166,207.9166
533.9125,203.6624,208.1751,201.6751
534.5421,204.2921,205.9158,199.4158
536.4827,208.2327,205.0346,198.5346
541.0076,213.2576,209.9848,203.4848
541.8171,222.0672,212.3657,205.8657
529.5485,228.7985,208.9030,202.4030
515.9943,226.2443,209.0115,202.5115
504.7639,226.5139,205.4722,198.9722
507.9924,228.2424,210.0152,203.5152
526.2307,225.4807,211.5385,205.0385
534.7962,224.5462,212.4076,205.9076
558.8318,225.0818,213.3365,206.8365
564.8763,229.1264,214.2473,207.7473
561.0066,235.2566,214.9868,208.4868
574.7159,238.9659,213.5683,207.0683
578.8570,242.1070,214.2860,207.7860
588.7955,243.0455,215.4091,208.9091
593.1653,242.4153,213.6694,207.1694
598.2065,244.4565,214.5869,208.0869
596.5838,241.3338,216.8324,210.3324
589.2728,242.5228,220.4543,213.9543
576.3417,236.5917,223.3165,216.8165
569.4574,241.7074,224.0851,217.5851
569.2637,241.5136,225.4727,218.9727
560.6357,241.8857,228.7285,222.2285
570.1541,239.4041,227.6919,221.1919
573.5994,237.3494,227.8011,221.3011
565.0113,242.2613,226.9774,220.4774
555.9277,241.6777,225.1446,218.6446
559.9713,240.2213,224.0575,217.5575
555.4955,238.7455,223.0089,216.5089
541.5783,243.3283,217.8433,211.3433
522.6331,247.8831,213.7339,207.2339
511.8371,249.0871,211.3257,204.8257
504.6635,251.4135,208.6729,202.1729
509.7079,249.4579,204.5842,198.0842
524.8542,246.1042,212.2917,205.7917
513.1497,249.8997,217.7005,211.2005
500.5375,249.2875,220.9250,214.4250
506.0420,250.7920,229.9159,223.4159
523.7631,252.5131,230.4738,223.9738
521.1303,260.8803,231.7394,225.2394
518.7690,257.0190,229.4620,222.9620
519.7841,262.5341,226.4318,219.9318
517.0494,270.7994,224.9013,218.4013
528.3785,281.1285,222.2430,215.7430
526.3954,291.1454,222.2093,215.7093
549.6014,296.3514,221.7971,215.2971
557.9252,297.1753,228.1495,221.6495
561.2441,303.9941,227.5118,221.0118
573.3900,311.6400,224.2199,217.7199
592.1165,328.3665,218.7671,212.2671
610.2031,314.4531,221.5939,215.0939
624.8965,333.6465,216.2069,209.7069
637.5464,333.2964,215.9071,209.4071
632.1547,328.4047,218.6905,212.1905
636.5424,324.2924,219.9151,213.4151
646.5084,335.2583,215.9833,209.4833
644.6660,323.9160,219.6681,213.1681
644.2573,332.5072,214.4855,207.9855
641.5458,335.7959,215.9083,209.4083
642.6809,340.4309,209.6382,203.1382
641.5509,339.8009,207.8981,201.3981
646.9755,340.7255,208.0490,201.5490
643.4962,340.2461,208.0077,201.5077
644.1087,339.8587,209.7826,203.2826
637.1530,338.9030,209.6940,203.1940
636.0156,340.2656,210.9688,204.4688
641.9202,342.1702,208.1597,201.6597
643.0421,341.7921,208.9158,202.4158
640.8917,343.6417,209.2166,202.7166
639.6175,342.8675,208.7650,202.2650
643.0421,342.7921,208.9158,202.4158
643.8351,343.0851,209.3298,202.8298
641.2336,342.4837,210.5327,204.0327
638.5726,341.8225,210.8549,204.3549
636.5881,334.8381,213.8239,207.3239
637.2064,331.9564,215.5873,209.0873
639.7166,328.4666,217.5669,211.0669
642.0941,333.8441,215.8117,209.3117
640.4592,338.2092,212.0816,205.5816
647.4002,343.6502,208.1995,201.6995
654.5868,341.8368,208.8264,202.3264
646.1093,344.8593,205.7813,199.2813
639.2306,347.9806,204.5388,198.0388
632.4409,349.1909,204.1182,197.6182
627.1592,349.4092,204.6816,198.1816
629.7015,344.4514,207.5971,201.0971
632.4868,348.2368,206.0263,199.5263
631.5426,346.7926,204.9149,198.4149
630.3476,343.0976,206.3048,199.8048
630.0421,336.2921,211.9158,205.4158
627.1432,331.8932,214.7135,208.2135
624.5269,325.2769,217.9462,211.4462
623.5857,321.8357,218.8286,212.3286
625.3128,332.5628,216.3743,209.8743
629.4745,339.2245,214.0510,207.5510
631.5229,345.7729,211.9542,205.4542
632.8004,343.5504,211.3992,204.8992
627.0330,328.2830,218.9340,212.4340
631.9302,342.6802,213.1396,206.6396
633.2323,341.9823,213.5354,207.0354
630.4102,334.6602,216.1796,209.6796
630.4831,331.7331,218.0339,211.5339
627.0655,329.8155,217.8691,211.3691
629.7955,336.0455,215.4091,208.9091
633.1669,340.9169,212.6661,206.1661
631.8621,345.1121,211.2759,204.7759
630.5450,341.7950,210.9100,204.4100
626.3242,342.5742,210.3517,203.8517
624.7662,342.0162,211.4677,204.9677
623.0098,339.7598,212.9804,206.4804
624.4755,341.2255,213.0490,206.5490
624.9036,338.1536,212.1929,205.6929
621.4742,335.2243,213.0515,206.5515
621.6350,337.3850,212.7300,206.2300
622.0546,338.3046,212.8909,206.3909
622.9645,333.7145,213.0711,206.5711
620.8344,331.0844,212.3311,205.8311
617.7724,332.0224,211.4552,204.9552
617.6669,332.4170,209.6661,203.1661
613.7301,327.9801,208.5397,202.0397
612.2055,329.4555,206.5890,200.0890
614.6487,335.8988,203.7025,197.2025
613.0484,333.2984,203.9032,197.4032
616.2709,342.5210,200.4581,193.9581
606.3262,321.5761,214.3477,207.8477
616.7913,330.5413,206.4175,199.9175
618.3275,332.0775,205.3451,198.8451
606.1251,322.8752,214.7497,208.2497
600.7645,318.0145,218.4709,211.9709
617.2947,324.5447,214.4106,207.9106
595.4755,312.2255,223.0491,216.5491
597.7777,318.5277,221.4445,214.9445
611.1821,327.9322,209.6357,203.1357
614.3574,331.6074,209.2853,202.7853
617.0684,332.8184,207.8633,201.3633
618.1796,330.9296,209.6408,203.1408
618.1264,329.3764,211.7472,205.2472
620.0345,342.2845,206.9310,200.4310
623.7906,340.0406,209.4187,202.9187
615.0038,335.7538,209.9924,203.4924
621.6005,337.8505,209.7990,203.2990
623.8217,330.0717,216.3565,209.8565
624.4670,328.7170,217.0660,210.5660
621.5286,325.7786,217.9427,211.4427
622.2382,330.4882,216.5237,210.0237
624.4717,328.7217,217.0566,210.5566
625.3056,334.5556,214.3888,207.8888
623.7120,332.9620,214.5761,208.0761
625.6603,336.9102,210.6795,204.1795
613.2936,329.0436,218.4128,211.9128
520.0986,288.3486,254.8028,248.3028
498.5962,273.8462,266.8076,260.3076
501.6881,272.4381,267.6237,261.1237
507.9760,274.2260,265.0479,258.5479
497.8511,274.6011,267.2978,260.7978
514.0986,292.3486,254.8028,248.3028
551.2064,306.4563,235.5873,229.0873
552.6777,300.9277,234.6447,228.1447
576.4314,301.1814,233.1372,226.6372
566.1251,298.8751,234.7497,228.2497
585.3118,298.5618,233.3765,226.8765
586.9793,287.7293,238.0413,231.5413
604.0210,290.7710,235.9580,229.4580
612.2305,296.4805,232.5391,226.0391
621.4084,298.1584,231.1832,224.6832
638.5219,306.7719,227.9562,221.4562
630.9218,317.6718,226.1564,219.6564
624.1177,314.8678,229.7645,223.2645
620.0630,330.3130,228.8739,222.3739
612.5678,335.3178,228.8643,222.3643
603.0244,336.7744,228.9513,222.4513
611.5542,341.3042,223.8915,217.3915
602.7281,340.9782,225.5437,219.0437
617.1537,347.4037,222.6927,216.1927
620.0930,351.8430,223.8140,217.3140
619.5542,352.3042,223.8915,217.3915
605.4584,348.2083,225.0833,218.5833
606.2158,350.9658,222.5684,216.0684
597.6427,343.8927,224.7146,218.2146
586.8684,348.6184,222.2632,215.7632
559.5089,346.7589,222.9821,216.4821
569.7009,345.9509,225.5982,219.0982
569.5691,346.3191,224.8618,218.3618
574.2683,342.5183,223.4633,216.9633
576.2819,344.5320,224.4361,217.9361
581.8004,332.0504,226.3993,219.8993
596.7830,328.0330,226.4340,219.9340
586.4432,341.1932,221.1136,214.6136
586.4514,341.2014,219.0972,212.5972
574.5269,346.2769,217.9462,211.4462
557.2271,356.4771,217.5458,211.0458
562.6907,362.4407,219.6186,213.1186
566.3835,366.6336,222.2329,215.7329
570.5406,373.2906,224.9188,218.4188
568.6418,383.3918,223.7165,217.2165
567.7919,386.0418,233.4163,226.9163
560.5242,390.2742,234.9516,228.4516
541.2897,404.0397,238.4206,231.9206
542.2794,405.5294,238.4412,231.9412
539.8761,395.1261,238.2478,231.7478
532.6478,391.3978,237.7044,231.2044
507.4688,392.7188,231.0625,224.5625
493.8133,392.0633,230.3734,223.8734
493.7356,390.4856,236.5289,230.0289
486.9893,385.7393,240.0213,233.5213
472.0380,383.2880,235.9240,229.4240
470.4261,367.6761,242.1478,235.6478
439.8560,337.1060,248.2880,241.7880
450.1100,327.3600,238.7801,232.2801
439.5653,322.8153,245.8694,239.3694
436.2034,321.9534,246.5931,240.0931
437.2468,322.4968,247.5064,241.0064
441.6059,316.3559,247.7882,241.2882
479.1280,308.8780,240.7440,234.2440
460.2639,304.5139,259.4722,252.9722
488.9648,282.7148,260.0705,253.5704
511.6266,276.8766,276.7468,270.2468
543.7184,255.4685,275.5630,269.0630
622.0953,247.3453,238.8094,232.3094
646.4592,247.7092,238.0817,231.5817
631.2754,243.5254,241.4492,234.9492
588.9844,246.2344,251.0312,244.5312
559.2661,245.5161,266.4678,259.9678
561.4390,242.6890,275.1219,268.6219
743.7679,257.5179,219.4643,212.9643
747.6223,259.8723,219.7555,213.2555
784.2907,256.5407,218.4186,211.9186
797.3846,257.1346,217.2309,210.7309
834.3195,254.0695,205.3610,198.8610
848.2343,249.4843,214.5314,208.0314
838.0644,252.8144,211.8712,205.3712
840.8929,238.6430,216.2141,209.7141
840.5568,234.8069,220.8863,214.3863
852.9922,233.7422,223.0156,216.5156
870.7569,226.0069,228.4862,221.9862
878.9115,224.6615,231.1770,224.6770
879.4139,232.1639,230.1721,223.6721
878.0273,235.2773,229.9454,223.4454
876.6904,227.4404,229.6191,223.1191
869.8990,229.6490,226.2020,219.7020
870.1478,229.8978,226.7044,220.2044
866.2252,229.9752,224.5495,218.0495
862.5271,228.7771,223.9458,217.4458
862.8917,226.6417,224.2166,217.7166
862.1317,222.8817,224.7365,218.2365
861.8861,218.6361,225.2278,218.7278
858.7549,214.0049,226.4903,219.9903
860.5658,216.8158,225.8684,219.3684
859.9354,219.6853,225.1293,218.6293
855.0199,220.2699,223.9602,217.4602
855.0354,218.2854,223.9292,217.4292
853.4149,214.1649,224.1702,217.6702
849.4348,210.1848,226.1304,219.6304
845.2639,213.5139,223.4722,216.9722
847.8863,215.6363,223.2274,216.7274
850.0273,218.2773,222.9453,216.4453
847.1658,215.9158,221.6684,215.1684
846.7775,207.0275,222.4451,215.9451
848.3918,203.1418,223.2163,216.7163
843.9122,192.1622,222.1755,215.6755
834.8950,198.1450,221.2100,214.7100
834.5910,200.3410,220.8180,214.3180
835.2055,206.4555,220.5890,214.0890
837.5000,203.7500,221.0000,214.5000
833.2102,200.9602,222.5796,216.0796
828.4899,198.2399,222.0203,215.5203
827.0264,202.7764,219.9472,213.4472
831.8054,198.5554,220.3892,213.8892
834.3094,194.0594,219.3813,212.8813
842.5938,194.3438,218.8123,212.3123
832.0339,201.7839,217.9322,211.4322
830.1681,206.9181,218.6638,212.1638
823.7277,200.9777,220.5445,214.0445
820.9001,201.1501,216.1998,209.6998
818.1755,196.4255,217.6490,211.1490
819.0339,195.7839,217.9322,211.4322
807.8054,192.5554,220.3892,213.8892
808.8332,190.5832,221.3336,214.8336
807.0341,191.2841,222.9319,216.4319
809.8583,190.1083,222.2834,215.7834
807.2189,189.9689,221.5622,215.0622
809.9302,189.6802,222.1396,215.6396
809.6525,190.4025,220.6950,214.1950
815.5301,190.2801,218.9398,212.4398
812.2321,190.4821,219.5357,213.0357
808.1918,186.9418,219.6163,213.1163
808.1401,186.8901,219.7198,213.2198
808.1138,183.8638,220.7725,214.2725
805.3014,183.5514,220.3972,213.8972
809.6878,187.9378,218.6243,212.1243
818.6914,183.9414,216.6172,210.1172
826.9183,185.1683,218.1634,211.6634
825.0354,186.7854,216.9292,210.4292
816.8276,184.5777,216.3447,209.8447
818.3990,183.6490,218.2019,211.7019
819.7471,183.4971,218.5058,212.0058
818.4954,180.2454,220.0092,213.5092
819.4167,182.6667,219.1665,212.6665
815.9376,187.6875,221.1249,214.6249
812.7427,188.4927,222.5146,216.0146
802.1827,193.4327,221.6345,215.1345
804.8168,191.5667,222.3665,215.8665
799.4063,193.1563,223.1873,216.6873
793.2604,192.0105,224.4791,217.9791
799.1307,193.8807,223.7386,217.2386
793.7318,191.4818,224.5363,218.0363
794.7318,190.4818,224.5363,218.0363
791.3686,190.6186,225.2628,218.7628
793.8718,191.1218,224.2563,217.7563
797.5395,189.7895,224.9210,218.4210
799.4707,189.7207,224.0586,217.5586
797.2595,190.0095,222.4809,215.9809
791.1085,183.3585,223.7830,217.2830
792.5255,183.2755,223.9491,217.4491
791.9653,182.7153,219.0694,212.5694
793.6135,182.8635,218.7729,212.2729
791.8483,183.0983,218.3033,211.8033
796.0842,183.3342,217.8316,211.3316
795.2289,181.9789,220.5422,214.0422
793.5464,180.7965,219.9071,213.4071
794.3992,180.1492,220.2016,213.7016
791.6365,180.3865,220.7269,214.2269
791.8865,177.6365,221.2270,214.7270
795.5141,175.7641,221.9718,215.4718
793.8819,175.6319,222.2362,215.7362
793.3785,175.1285,222.2430,215.7430
793.2590,174.5090,222.4821,215.9821
792.2523,177.5022,222.4955,215.9955
790.3785,177.1285,222.2430,215.7430
791.3820,174.1319,221.2361,214.7361
795.0051,178.2551,220.9898,214.4898
797.3922,178.1422,221.2157,214.7157
795.5464,181.7965,219.9071,213.4071
796.3071,180.5571,220.3858,213.8858
795.3198,182.5697,219.3605,212.8605
800.5568,181.8069,220.8863,214.3863
802.4784,186.2284,221.0432,214.5432
801.5694,187.8194,219.8611,213.3611
804.9370,187.1870,219.1261,212.6261
802.7277,188.9777,220.5445,214.0445
802.0023,190.2523,219.9954,213.4954
804.8481,191.5981,217.3038,210.8038
807.0295,191.2795,218.9409,212.4409
813.8013,196.5513,219.3974,212.8974
813.8913,197.6413,219.2174,212.7174
814.0828,197.3328,218.8344,212.3344
815.2512,197.5011,220.4977,213.9977
822.9152,197.1652,220.1696,213.6696
823.0930,196.8430,219.8141,213.3141
826.1125,201.3625,219.7750,213.2750
827.0268,203.7768,222.9464,216.4464
822.5681,198.8181,223.8639,217.3639
811.8172,196.5672,225.3656,218.8656
808.3036,196.0536,226.3928,219.8928
798.8682,196.1181,227.2637,220.7637
790.0449,198.2949,227.9102,221.4102
770.5647,188.8147,226.8706,220.3706
759.7424,188.9924,225.5153,219.0153
748.4977,185.2478,223.0045,216.5045
743.5227,178.7727,220.9545,214.4545
741.7958,179.5458,221.4083,214.9083
740.4755,177.7254,223.0491,216.5491
746.4989,177.2489,225.0022,218.5022
742.6263,174.3763,222.7475,216.2475
735.4453,176.1953,223.1093,216.6093
731.9291,171.6791,222.1418,215.6418
723.4274,170.6774,222.1452,215.6452
719.5598,168.3098,223.8805,217.3805
698.4704,165.2204,225.0592,218.5592
682.1000,165.3500,222.8000,216.3000
670.1686,156.4187,218.6627,212.1627
648.2687,153.0187,214.4626,207.9626
640.9587,148.7088,214.0825,207.5825
634.9210,138.1710,213.1580,206.6580
635.4314,134.1814,213.1372,206.6372
626.0794,124.8294,214.8412,208.3412
622.0071,119.7571,215.9857,209.4857
621.6960,115.9460,217.6079,211.1079
610.6960,116.9460,217.6079,211.1079
604.4529,118.7029,217.0943,210.5943
602.5626,116.8125,214.8749,208.3749
583.1837,117.9337,215.6327,209.1327
576.1981,116.4481,214.6038,208.1038
553.2360,116.4860,213.5280,207.0280
532.5433,117.2933,211.9133,205.4133
528.9182,117.1682,211.1636,204.6636
515.4915,115.2415,214.0170,207.5170
503.5425,115.2925,210.9150,204.4150
499.7240,117.4740,209.5520,203.0520
495.9433,114.1933,209.1134,202.6134
489.9901,112.7401,212.0198,205.5198
487.2978,112.5478,210.4045,203.9045
484.0785,108.3285,208.8430,202.3430
470.2248,107.9748,212.5505,206.0505
458.6471,108.3971,213.7059,207.2059
441.7728,111.5228,212.4544,205.9544
414.3824,113.6324,206.2352,199.7352
396.8155,114.5655,207.3691,200.8691
385.6993,109.4493,203.6013,197.1013
369.1859,108.9359,203.6283,197.1283
376.5130,113.2630,206.9740,200.4740
370.0447,106.7947,208.9107,202.4107
362.2196,108.4696,207.5609,201.0609
353.8966,104.1466,210.2068,203.7068
343.6325,106.8825,212.7350,206.2350
334.4965,111.2465,217.0071,210.5071
325.7342,114.4842,217.5317,211.0317
311.1093,117.3593,213.7813,207.2813
288.7872,119.5372,213.4256,206.9256
273.9890,122.7390,213.0220,206.5220
266.4314,121.1814,213.1372,206.6372
256.8320,120.5820,212.3361,205.8361
250.5644,118.3144,213.8713,207.3713
247.5103,119.7603,213.9794,207.4794
246.1529,120.9029,214.6943,208.1943
239.8305,123.5805,217.3391,210.8391
237.8769,122.1269,217.2462,210.7462
223.0700,125.8200,219.8600,213.3600
220.8717,125.6217,220.2566,213.7566
220.1337,127.3837,220.7326,214.2326
210.9081,130.6581,217.1838,210.6838
198.0536,129.8036,215.8928,209.3928
183.9261,129.6761,209.1478,202.6478
166.0721,131.8221,202.8559,196.3559
158.6168,137.8668,207.7665,201.2665
143.7126,139.4626,209.5748,203.0748
140.2913,139.0413,209.4175,202.9175
137.5507,137.8007,205.8986,199.3986
134.2921,140.5421,207.4158,200.9158
132.2835,147.0335,202.4330,195.9330
130.5116,150.7616,196.9767,190.4767
135.4097,156.1597,194.1805,187.6805
369.6027,347.8527,188.7946,182.2946
136.3281,151.5781,201.3438,194.8438
139.2093,161.4593,195.5813,189.0813
132.9549,151.2049,201.0902,194.5902
134.6473,152.3973,195.7054,189.2054
132.1438,150.8938,191.7124,185.2124
134.4578,154.2078,191.0843,184.5843
130.5625,153.8125,194.8749,188.3749
133.4064,156.1564,195.1873,188.6873
334.4278,358.6778,188.1443,181.6443
334.5982,356.3482,189.8036,183.3036
329.7198,357.9698,189.5605,183.0605
329.6996,357.4496,191.6009,185.1009
325.9308,352.1808,194.1384,187.6384
326.9165,359.1665,191.1670,184.6670
328.9799,356.2299,195.0402,188.5402
334.1172,365.8672,188.7657,182.2657
323.1801,362.9301,190.6398,184.1398
308.1584,356.9084,193.6831,187.1831
315.4576,360.7076,192.0848,185.5848
312.5476,352.7976,194.9047,188.4047
327.5488,350.2988,192.9024,186.4024
336.0347,351.7847,193.9307,187.4307
331.8709,341.6209,198.2582,191.7582
341.8009,335.0509,199.3982,192.8982
326.3840,316.1340,210.2321,203.7321
311.6525,298.4025,220.6950,214.1950
318.4564,304.2064,217.0872,210.5872
316.7078,302.9578,217.5845,211.0845
312.4456,302.1956,219.1087,212.6087
322.7591,311.5091,214.4819,207.9819
321.6043,310.8543,215.7915,209.2915
309.1125,308.3625,219.7750,213.2750
305.7126,308.4626,219.5749,213.0749
240.2824,291.0324,232.4352,225.9352
261.9544,299.7044,226.0913,219.5913
240.7561,286.0061,244.4878,237.9878
216.4367,263.6867,261.1266,254.6266
212.5529,251.8029,253.8942,247.3942
211.1479,261.8979,253.7042,247.2042
206.5994,265.3494,251.8013,245.3013
206.0533,261.8033,246.8933,240.3933
211.0695,268.3195,244.8609,238.3609
204.0922,272.8422,243.8157,237.3157
219.1266,273.3766,240.7469,234.2469
246.4467,273.6967,233.1065,226.6065
243.3956,272.6456,233.2088,226.7088
254.8042,274.0542,235.3915,228.8915
257.6405,270.3905,240.7189,234.2189
261.0746,272.3246,240.8509,234.3509
257.6213,293.3713,242.7574,236.2574
267.8050,291.5550,239.3900,232.8900
278.8003,292.5503,241.3994,234.8994
280.7923,301.5423,245.4154,238.9154
283.8247,309.5747,247.3506,240.8506
283.4243,318.6743,252.1515,245.6515
283.3452,318.0952,257.3096,250.8096
290.0823,330.3323,259.8355,253.3355
303.7504,342.0004,254.4991,247.9991
311.1458,343.3958,252.7083,246.2083
335.3837,371.6337,257.2327,250.7327
358.0797,364.3297,252.8406,246.3406
362.3335,360.0835,258.3329,251.8330
372.1077,366.8577,261.7846,255.2846
384.5934,355.8434,252.8133,246.3133
372.3335,377.0835,258.3329,251.8330
393.3010,377.0510,271.3979,264.8979
394.7789,380.0289,279.4421,272.9421
398.5520,377.3020,288.8960,282.3960
402.6912,371.9412,291.6177,285.1177
597.2189,372.9689,213.5622,207.0622
601.0067,374.2567,212.9865,206.4865
620.3536,383.1036,215.2929,208.7929
626.8688,378.6188,229.2624,222.7624
638.3032,369.5532,228.3936,221.8936
654.8762,365.6262,227.2476,220.7476
677.3440,363.0940,211.3120,204.8120
691.1290,360.3790,209.7421,203.2421
708.9395,363.1895,206.1210,199.6210
720.1229,370.3730,194.7541,188.2541
727.3189,364.5689,214.3622,207.8622
730.6223,362.8723,219.7555,213.2555
742.9815,365.2315,209.0370,202.5370
739.1780,362.9280,219.6439,213.1439
753.0938,356.3438,216.8123,210.3123
751.3263,354.5763,222.3474,215.8474
748.9421,373.6921,234.1158,227.6158
770.8004,347.5504,226.3993,219.8993
793.2703,349.0203,206.4594,199.9594
811.2556,324.0056,211.4888,204.9888
827.2886,313.5387,214.4227,207.9227
826.0228,318.7728,225.9543,219.4543
831.4468,303.6968,232.1064,225.6064
842.0035,286.7535,217.9930,211.4930
844.0118,286.7618,226.9763,220.4763
843.8336,288.5836,231.3329,224.8329
846.8751,278.6251,229.2497,222.7497
853.3218,259.5718,222.3564,215.8564
850.0563,242.3063,221.8873,215.3873
855.2227,239.9726,227.5547,221.0547
864.9426,233.6927,233.1147,226.6147
872.2628,229.5128,233.4745,226.9745
868.0325,224.2825,233.9349,227.4349
856.3138,213.5639,229.3723,222.8723
845.6467,211.3967,232.7066,226.2066
831.7761,209.0261,228.4479,221.9479
827.1548,206.9049,228.6903,222.1903
822.5558,201.8058,222.8883,216.3883
814.0264,208.2764,226.9472,220.4472
777.1873,196.4373,222.6255,216.1255
777.1602,196.4101,221.6797,215.1797
769.7450,193.4950,223.5100,217.0100
754.7963,192.0462,220.4075,213.9075
746.6445,187.8945,217.7111,211.2111
740.9098,186.6598,219.1804,212.6804
736.7758,182.0258,217.4483,210.9483
726.1837,181.4337,215.6327,209.1327
728.2506,176.5006,215.4988,208.9988
724.5798,174.3298,215.8403,209.3403
730.6240,172.3740,217.7520,211.2520
735.0518,167.3018,221.8963,215.3963
714.6146,167.8646,223.7708,217.2708
705.6053,164.8554,224.7893,218.2893
690.7732,161.5232,221.4536,214.9536
680.7659,155.0158,221.4683,214.9683
670.9341,150.6841,221.1317,214.6317
667.5374,148.2874,217.9252,211.4252
648.4703,154.7203,214.0594,207.5594
636.4858,152.7359,217.0283,210.5283
626.4858,147.7359,217.0283,210.5283
616.9562,145.2061,215.0877,208.5877
607.2488,142.4988,216.5024,210.0024
591.4670,141.7170,217.0660,210.5660
582.3567,142.1067,219.2867,212.7867
570.8416,149.0916,213.3169,206.8169
535.5283,153.7783,205.9434,199.4434
495.3129,159.0629,207.3743,200.8743
477.5485,163.2985,208.9030,202.4030
452.7895,162.0395,215.4210,208.9210
444.9110,160.1610,217.1779,210.6779
435.0544,172.3044,225.8913,219.3913
413.3752,174.6251,221.2497,214.7497
400.5139,179.7639,218.9722,212.4722
399.4015,182.1515,220.1971,213.6971
384.1137,199.8637,231.7725,225.2725
380.8417,201.0917,234.3167,227.8167
355.8850,214.6350,237.2299,230.7299
345.5851,205.3351,235.8299,229.3299
321.0922,210.3422,243.8157,237.3157
320.6725,203.9225,241.6551,235.1551
300.7108,205.4609,243.5783,237.0783
295.7675,205.0175,239.4650,232.9650
301.7903,204.0403,236.4193,229.9193
302.7520,204.0020,239.4961,232.9961
286.5123,212.7623,237.9754,231.4754
271.5280,211.2780,235.9440,229.4440
276.0128,228.2628,232.9744,226.4744
268.3267,240.5766,228.3467,221.8467
267.8273,240.0773,227.3454,220.8454
283.9109,246.6609,226.1781,219.6781
274.1959,248.4459,226.6082,220.1082
273.2440,254.4940,225.5120,219.0120
279.8815,252.6315,228.2369,221.7369
272.8821,253.1321,227.2357,220.7357
281.5192,250.2692,227.9615,221.4615
274.5957,251.3457,225.8085,219.3085
278.1959,253.4459,226.6082,220.1082
276.8004,253.5504,226.3993,219.8993
281.7248,253.4748,227.5504,221.0504
282.9701,251.7201,228.0598,221.5598
282.2154,250.9654,228.5691,222.0691
280.7644,249.5144,228.4713,221.9713
284.6717,249.9217,227.6565,221.1565
283.4828,252.2328,227.0345,220.5345
284.2857,252.5357,226.4285,219.9285
286.9946,254.7446,226.0109,219.5109
291.9518,255.7018,225.0965,218.5965
293.5598,256.3098,223.8805,217.3805
291.6515,253.9015,224.6970,218.1970
290.0620,255.3120,223.8760,217.3760
284.8456,253.5956,225.3088,218.8088
281.0793,255.8293,222.8414,216.3414
282.2298,255.4798,222.5403,216.0403
281.7958,256.5458,221.4083,214.9083
283.0229,256.2729,222.9542,216.4542
278.7958,256.5458,221.4083,214.9083
278.9291,256.6791,222.1418,215.6418
280.1353,256.8853,221.7294,215.2294
281.1353,255.8853,221.7294,215.2294
277.8899,257.6399,221.2202,214.7202
278.3263,257.5763,222.3474,215.8474
278.0967,258.8467,220.8066,214.3066
278.7004,257.9504,220.5993,214.0993
277.3423,258.0923,221.3155,214.8155
277.4001,257.6501,221.1998,214.6998
279.4602,257.2102,221.0795,214.5795
278.0654,257.3154,220.8692,214.3692
280.8191,258.0691,220.3618,213.8618
284.0045,257.7545,220.9909,214.4909
287.4001,257.6501,221.1998,214.6998
290.5879,258.3379,221.8242,215.3242
294.7775,258.0275,222.4451,215.9451
298.4197,257.1697,223.1606,216.6606
299.8167,256.0667,223.3666,216.8666
305.1537,255.9037,224.6926,218.1926
297.5715,255.8215,222.8571,216.3571
300.1744,256.9244,222.6512,216.1512
304.3662,257.6162,223.2675,216.7675
303.5190,256.2690,222.9621,216.4621
308.7076,255.4576,224.5848,218.0848
302.2336,255.9836,221.5328,215.0328
308.9314,253.1814,223.1372,216.6372
317.1021,251.8521,224.7959,218.2959
311.7770,251.0270,224.4460,217.9460
316.7467,250.9967,225.5065,219.0065
318.3502,248.1002,226.2996,219.7996
321.6625,246.9125,224.6750,218.1750
320.3763,246.1262,224.2475,217.7475
324.1329,243.8829,223.7342,217.2342
324.2195,244.9695,223.5611,217.0611
321.1389,244.3889,224.7222,218.2222
332.1779,243.9279,224.6442,218.1442
333.1750,245.4250,223.6499,217.1499
328.7750,242.5250,223.4500,216.9500
329.7505,241.5005,225.4989,218.9989
325.7076,238.4576,224.5848,218.0848
313.5952,241.8452,225.8096,219.3096
299.8763,242.1263,222.2475,215.7475
297.5760,231.8259,222.8481,216.3481
299.2440,233.4940,225.5120,219.0120
311.0568,218.3068,230.8864,224.3864
311.6408,207.3908,230.7184,224.2184
300.6067,205.8566,232.7867,226.2867
294.0338,204.7838,232.9324,226.4324
307.1103,204.8603,228.7794,222.2794
317.4069,213.6569,229.1863,222.6863
335.7627,215.0127,229.4747,222.9747
333.8655,225.6155,228.2689,221.7689
343.9496,235.6996,225.1008,218.6008
349.1001,241.8501,225.7998,219.2998
355.0367,250.2867,224.9265,218.4265
353.9500,252.2000,226.1000,219.6000
354.2890,251.5390,226.4221,219.9221
355.9876,251.2376,227.0248,220.5248
352.4962,250.7462,226.0076,219.5076
346.2343,249.9843,226.5314,220.0314
352.6086,246.3587,224.7827,218.2827
357.0417,240.7917,221.9166,215.4166
363.2667,232.0167,219.4666,212.9666
375.5292,229.2792,217.9416,211.4416
376.4911,235.7411,216.0179,209.5179
394.4260,228.6760,219.1480,212.6480
407.7581,226.0081,219.4839,212.9839
406.9844,220.2344,219.0312,212.5312
401.5478,227.2978,212.9044,206.4044
400.3776,221.1276,212.2448,205.7448
417.2971,220.5471,214.4058,207.9058
426.8504,215.6004,217.2991,210.7991
438.6066,214.3566,218.7868,212.2868
437.4276,212.1776,218.1448,211.6448
433.2046,202.9546,222.5908,216.0908
422.5440,203.7940,218.9120,212.4120
399.2951,201.0451,220.4098,213.9098
404.3992,199.1492,220.2016,213.7016
407.6056,200.3556,219.7888,213.2888
399.9679,196.7179,220.0642,213.5642
388.1076,195.8576,217.7848,211.2848
382.0393,195.7893,215.9214,209.4214
383.5808,190.8308,213.8385,207.3385
376.3963,188.6463,217.2074,210.7074
374.7260,192.4759,217.5481,211.0481
372.1482,194.3982,216.7036,210.2036
367.0234,193.2734,217.9533,211.4533
352.9810,197.7310,216.0381,209.5381
335.9810,196.7310,216.0381,209.5381
339.6445,196.8945,217.7111,211.2111
337.3963,199.6463,217.2074,210.7074
346.2227,198.9727,218.5546,212.0546
349.3938,202.1438,218.2124,211.7124
354.3671,204.1171,219.2659,212.7659
353.9375,202.6875,221.1249,214.6249
343.5983,197.8483,222.8034,216.3034
342.8224,197.0724,222.3553,215.8553
348.4114,204.1614,221.1771,214.6771
331.6493,198.8993,224.7014,218.2014
346.5798,210.8298,219.8405,213.3405
341.9408,211.6908,227.1185,220.6185
352.8417,223.5917,219.3167,212.8167
360.1681,225.9181,218.6638,212.1638
336.3630,227.1130,224.2740,217.7740
339.7747,225.0247,227.4506,220.9506
337.8456,228.5956,225.3088,218.8088
326.3730,230.6230,229.2540,222.7540
317.8317,224.0817,233.3366,226.8366
311.8510,224.6010,235.2980,228.7980
317.0789,227.3289,236.8422,230.3422
313.3866,225.6366,236.2268,229.7268
318.4680,229.7180,238.0640,231.5640
315.1854,228.4354,241.6292,235.1292
307.7086,221.4586,245.5827,239.0827
307.8581,226.6081,243.2838,236.7838
311.5892,224.3392,246.8216,240.3216
311.4144,225.6644,246.1712,239.6712
303.4430,218.1930,249.1141,242.6141
308.1873,220.4373,248.6254,242.1254
310.1869,217.9369,250.6263,244.1263
305.9030,217.1529,250.1941,243.6941
313.4375,221.1875,249.1249,242.6249
313.2751,221.5251,250.4498,243.9498
306.2119,217.4619,253.5763,247.0763
304.8180,216.5680,253.3640,246.8640
301.6268,206.3768,256.7464,250.2464
302.5771,206.3271,256.8458,250.3458
313.5257,209.7757,256.9486,250.4486
308.4397,205.1897,256.1206,249.6206
315.5625,207.8125,254.8749,248.3749
306.4375,210.1875,251.1249,244.6249
288.7652,208.0152,246.4696,239.9696
281.8691,209.1191,245.2619,238.7619
297.9787,220.2287,243.0426,236.5426
300.5843,215.3343,248.8314,242.3314
297.7045,211.9545,245.5910,239.0910
299.0056,208.7556,243.9887,237.4887
301.0746,205.8247,239.8507,233.3507
311.5149,199.2649,236.9702,230.4702
319.4326,212.1826,237.1348,230.6348
325.9532,212.7031,239.0937,232.5937
334.8279,218.5779,235.3443,228.8443
340.8215,222.0715,233.3571,226.8571
355.4380,226.1881,230.1239,223.6239
368.8042,228.0542,235.3915,228.8915
381.7903,241.5403,233.4194,226.9194
389.3896,242.6396,236.2208,229.7208
393.0861,246.3361,235.8279,229.3279
390.3229,251.0729,240.3542,233.8542
384.6632,240.4132,248.6735,242.1735
380.7504,240.5004,258.4991,251.9991
387.8174,242.5674,258.3652,251.8652
381.8164,246.0665,262.3671,255.8671
366.8836,237.1336,272.2328,265.7328
362.0442,238.7942,274.9116,268.4116
369.1451,249.3951,270.7099,264.2099
367.9104,256.1604,270.1791,263.6791
359.0938,243.3438,276.8124,270.3124
353.7135,233.9635,280.5730,274.0730
357.0625,240.8125,278.8749,272.3749
350.1196,241.3696,280.7609,274.2609
344.8591,240.6091,283.2817,276.7817
345.4090,239.6590,282.1819,275.6819
344.6327,239.8827,283.7346,277.2346
350.8759,244.6258,278.2483,271.7483
350.5878,241.8378,278.8243,272.3243
360.6365,243.3866,274.7269,268.2269
363.6645,245.4145,272.6710,266.1710
365.6189,246.3689,271.7622,265.2622
371.6013,250.3513,268.7973,262.2973
367.8948,250.6449,269.2103,262.7103
363.4266,247.1766,271.1468,264.6468
363.6356,244.8856,271.7288,265.2288
366.9906,243.7406,271.0187,264.5187
366.5555,244.3055,270.8890,264.3890
367.4422,241.6922,272.1156,265.6156
