1
632.0000,339.5000,16.0000,41.0000
632.0000,339.5000,16.0000,41.0000
632.0000,339.5000,16.0000,41.0000
632.0000,339.5000,16.0000,41.0000
632.0000,339.5000,16.0000,41.0000
632.0000,339.5000,16.0000,41.0000
632.0000,339.5000,16.0000,41.0000
632.0000,339.5000,16.0000,41.0000
632.0000,339.5000,16.0000,41.0000
632.0000,339.5000,16.0000,41.0000
632.0000,339.5000,16.0000,41.0000
632.0000,339.5000,16.0000,41.0000
632.0000,339.5000,16.0000,41.0000
632.0000,339.5000,16.0000,41.0000
632.0000,339.5000,16.0000,41.0000
421.0000,989.5000,16.0000,41.0000
413.0000,1004.5000,16.0000,41.0000
632.0000,339.5000,16.0000,41.0000
632.0000,339.5000,16.0000,41.0000
632.0000,339.5000,16.0000,41.0000
632.0000,339.5000,16.0000,41.0000
632.0000,339.5000,16.0000,41.0000
632.0000,339.5000,16.0000,41.0000
405.0000,1019.5000,16.0000,41.0000
632.0000,339.5000,16.0000,41.0000
632.0000,339.5000,16.0000,41.0000
632.0000,339.5000,16.0000,41.0000
632.0000,339.5000,16.0000,41.0000
437.0000,1019.5000,16.0000,41.0000
470.0000,1019.5000,16.0000,41.0000
1038.9233,436.1733,34.1534,46.6534
1036.1752,411.4251,45.6497,58.1497
1034.0271,422.2770,44.9459,57.4459
421.0000,1047.5000,16.0000,41.0000
454.0000,1047.5000,16.0000,41.0000
462.0000,1033.5000,16.0000,41.0000
1040.0039,418.2539,71.9922,84.4922
462.0000,1033.5000,16.0000,41.0000
462.0000,1033.5000,16.0000,41.0000
438.0000,1019.5000,16.0000,41.0000
470.0000,1019.5000,16.0000,41.0000
1036.0033,453.7533,26.9934,39.4934
1051.4631,440.7131,52.0738,64.5738
1045.8147,436.0648,51.3705,63.8705
1057.7563,438.5063,47.4873,59.9873
632.0000,339.5000,16.0000,41.0000
470.0000,1019.5000,16.0000,41.0000
470.0000,1033.5000,16.0000,41.0000
479.0000,1047.5000,16.0000,41.0000
1049.5023,442.7523,61.9954,74.4954
1044.8835,426.6336,75.2328,87.7328
1054.9546,429.2046,52.0908,64.5908
1049.3444,439.0943,50.3113,62.8113
1055.0839,467.8339,19.8322,32.3322
405.0000,1019.5000,16.0000,41.0000
1047.0602,435.8101,58.8798,71.3798
1038.5011,420.2512,61.9977,74.4977
1060.8940,450.6440,48.2119,60.7119
1059.6792,441.9291,63.6417,76.1417
1050.7122,442.4622,57.5757,70.0757
487.0000,1048.5000,16.0000,41.0000
487.0000,1105.5000,16.0000,41.0000
1064.8131,450.5631,65.3738,77.8738
1057.4946,446.7447,55.0106,67.5106
486.0000,1048.5000,16.0000,41.0000
487.0000,1047.5000,16.0000,41.0000
470.0000,1077.5000,16.0000,41.0000
1080.9115,467.1615,39.1769,51.6769
1055.4001,454.6501,73.1997,85.6997
487.0000,1047.5000,16.0000,41.0000
1061.4316,452.1816,60.1368,72.6368
1054.4418,444.1918,81.1163,93.6163
1077.8422,477.0922,53.3156,65.8156
1056.9982,470.2482,78.0036,90.5036
1053.9375,464.1876,76.1249,88.6249
1056.7750,474.5250,70.4500,82.9500
1069.4258,479.1758,45.1483,57.6483
1078.5735,492.8235,36.8531,49.3531
487.0000,1047.5000,16.0000,41.0000
1043.9001,474.6501,78.1997,90.6997
1040.5209,468.7708,85.9583,98.4583
1047.1210,471.8709,80.7582,93.2582
1066.6805,486.4305,65.6390,78.1390
1063.0767,484.8267,69.8466,82.3466
1054.5917,486.3417,78.8167,91.3167
1044.6001,481.8501,87.7998,100.2998
1038.0885,480.8385,89.8230,102.3230
1044.3258,490.0758,62.3484,74.8484
1073.4800,517.2299,36.0401,48.5401
535.0000,1077.5000,16.0000,41.0000
1062.9048,493.6548,65.1905,77.6905
535.0000,1091.5000,16.0000,41.0000
1067.0070,495.2570,61.9861,74.4861
528.0000,1091.5000,16.0000,41.0000
1069.4651,504.2151,51.0697,63.5697
1057.1566,491.9066,71.6867,84.1867
1049.8375,491.5875,74.3250,86.8250
1063.9255,493.1755,70.1490,82.6490
1065.6891,499.4391,68.6218,81.1218
1061.4210,493.6711,76.1579,88.6579
1054.4419,497.6920,79.1161,91.6161
1047.9926,495.7425,83.0150,95.5150
1040.0453,494.2953,87.9093,100.4093
1048.1294,506.3794,68.7413,81.2413
1066.2965,509.0465,64.4070,76.9070
1043.7819,500.0319,84.4362,96.9362
1049.8219,502.0718,85.3563,97.8563
1058.2302,504.4803,74.5395,87.0395
536.0000,1077.5000,16.0000,41.0000
1047.4629,498.7129,82.0743,94.5743
1072.4071,512.6571,55.1858,67.6858
1048.6580,507.9080,76.6841,89.1841
1048.5690,503.3190,75.8620,88.3620
1075.8820,508.6320,55.2361,67.7361
1073.4135,508.1634,57.1732,69.6732
1081.0575,510.8075,56.8851,69.3851
535.0000,1091.5000,16.0000,41.0000
1069.2322,514.4822,46.5357,59.0357
536.0000,1077.5000,16.0000,41.0000
1084.4169,519.6669,47.1663,59.6663
536.0000,1077.5000,16.0000,41.0000
544.0000,1048.5000,16.0000,41.0000
1076.2917,511.5417,39.4166,51.9166
552.0000,1048.5000,16.0000,41.0000
552.0000,1047.5000,16.0000,41.0000
536.0000,1047.5000,16.0000,41.0000
1057.5022,510.7522,64.9956,77.4956
1047.7703,504.5202,60.4595,72.9595
1039.4001,495.6501,73.1997,85.6997
1040.8575,505.6075,64.2850,76.7850
1056.5039,521.7539,39.9922,52.4922
1064.4468,524.1968,42.1064,54.6064
552.0000,1047.5000,16.0000,41.0000
552.0000,1048.5000,16.0000,41.0000
1038.3069,510.5569,68.3863,80.8863
1050.1853,505.9353,48.6294,61.1294
551.0000,1047.5000,16.0000,41.0000
552.0000,1047.5000,16.0000,41.0000
552.0000,1106.5000,16.0000,41.0000
1064.2583,518.0084,15.4833,27.9833
552.0000,1047.5000,16.0000,41.0000
632.0000,339.5000,16.0000,41.0000
632.0000,339.5000,16.0000,41.0000
544.0000,1048.5000,16.0000,41.0000
632.0000,339.5000,16.0000,41.0000
632.0000,339.5000,16.0000,41.0000
632.0000,339.5000,16.0000,41.0000
486.0000,1106.5000,16.0000,41.0000
632.0000,339.5000,16.0000,41.0000
632.0000,339.5000,16.0000,41.0000
632.0000,339.5000,16.0000,41.0000
632.0000,339.5000,16.0000,41.0000
632.0000,339.5000,16.0000,41.0000
632.0000,339.5000,16.0000,41.0000
632.0000,339.5000,16.0000,41.0000
632.0000,339.5000,16.0000,41.0000
536.0000,1077.5000,16.0000,41.0000
632.0000,339.5000,16.0000,41.0000
632.0000,339.5000,16.0000,41.0000
632.0000,339.5000,16.0000,41.0000
632.0000,339.5000,16.0000,41.0000
632.0000,339.5000,16.0000,41.0000
632.0000,339.5000,16.0000,41.0000
632.0000,339.5000,16.0000,41.0000
632.0000,339.5000,16.0000,41.0000
632.0000,339.5000,16.0000,41.0000
632.0000,339.5000,16.0000,41.0000
632.0000,339.5000,16.0000,41.0000
632.0000,339.5000,16.0000,41.0000
632.0000,339.5000,16.0000,41.0000
632.0000,339.5000,16.0000,41.0000
632.0000,339.5000,16.0000,41.0000
632.0000,339.5000,16.0000,41.0000
632.0000,339.5000,16.0000,41.0000
632.0000,339.5000,16.0000,41.0000
632.0000,339.5000,16.0000,41.0000
632.0000,339.5000,16.0000,41.0000
632.0000,339.5000,16.0000,41.0000
632.0000,339.5000,16.0000,41.0000
632.0000,339.5000,16.0000,41.0000
632.0000,339.5000,16.0000,41.0000
632.0000,339.5000,16.0000,41.0000
632.0000,339.5000,16.0000,41.0000
632.0000,339.5000,16.0000,41.0000
632.0000,339.5000,16.0000,41.0000
632.0000,339.5000,16.0000,41.0000
632.0000,339.5000,16.0000,41.0000
632.0000,339.5000,16.0000,41.0000
632.0000,339.5000,16.0000,41.0000
632.0000,339.5000,16.0000,41.0000
632.0000,339.5000,16.0000,41.0000
632.0000,339.5000,16.0000,41.0000
632.0000,339.5000,16.0000,41.0000
632.0000,339.5000,16.0000,41.0000
632.0000,339.5000,16.0000,41.0000
632.0000,339.5000,16.0000,41.0000
632.0000,339.5000,16.0000,41.0000
632.0000,339.5000,16.0000,41.0000
632.0000,339.5000,16.0000,41.0000
632.0000,339.5000,16.0000,41.0000
632.0000,339.5000,16.0000,41.0000
632.0000,339.5000,16.0000,41.0000
632.0000,339.5000,16.0000,41.0000
632.0000,339.5000,16.0000,41.0000
632.0000,339.5000,16.0000,41.0000
632.0000,339.5000,16.0000,41.0000
632.0000,339.5000,16.0000,41.0000
632.0000,339.5000,16.0000,41.0000
632.0000,339.5000,16.0000,41.0000
632.0000,339.5000,16.0000,41.0000
569.0000,1135.5000,16.0000,41.0000
632.0000,339.5000,16.0000,41.0000
632.0000,339.5000,16.0000,41.0000
632.0000,339.5000,16.0000,41.0000
632.0000,339.5000,16.0000,41.0000
632.0000,339.5000,16.0000,41.0000
632.0000,339.5000,16.0000,41.0000
632.0000,339.5000,16.0000,41.0000
632.0000,339.5000,16.0000,41.0000
632.0000,339.5000,16.0000,41.0000
632.0000,339.5000,16.0000,41.0000
632.0000,339.5000,16.0000,41.0000
632.0000,339.5000,16.0000,41.0000
632.0000,339.5000,16.0000,41.0000
632.0000,339.5000,16.0000,41.0000
632.0000,339.5000,16.0000,41.0000
632.0000,339.5000,16.0000,41.0000
632.0000,339.5000,16.0000,41.0000
632.0000,339.5000,16.0000,41.0000
632.0000,339.5000,16.0000,41.0000
632.0000,339.5000,16.0000,41.0000
632.0000,339.5000,16.0000,41.0000
632.0000,339.5000,16.0000,41.0000
632.0000,339.5000,16.0000,41.0000
632.0000,339.5000,16.0000,41.0000
632.0000,339.5000,16.0000,41.0000
632.0000,339.5000,16.0000,41.0000
632.0000,339.5000,16.0000,41.0000
632.0000,339.5000,16.0000,41.0000
632.0000,339.5000,16.0000,41.0000
632.0000,339.5000,16.0000,41.0000
632.0000,339.5000,16.0000,41.0000
632.0000,339.5000,16.0000,41.0000
632.0000,339.5000,16.0000,41.0000
632.0000,339.5000,16.0000,41.0000
632.0000,339.5000,16.0000,41.0000
632.0000,339.5000,16.0000,41.0000
632.0000,339.5000,16.0000,41.0000
632.0000,339.5000,16.0000,41.0000
632.0000,339.5000,16.0000,41.0000
632.0000,339.5000,16.0000,41.0000
632.0000,339.5000,16.0000,41.0000
632.0000,339.5000,16.0000,41.0000
632.0000,339.5000,16.0000,41.0000
632.0000,339.5000,16.0000,41.0000
632.0000,339.5000,16.0000,41.0000
632.0000,339.5000,16.0000,41.0000
632.0000,339.5000,16.0000,41.0000
576.0000,1106.5000,16.0000,41.0000
632.0000,339.5000,16.0000,41.0000
632.0000,339.5000,16.0000,41.0000
632.0000,339.5000,16.0000,41.0000
632.0000,339.5000,16.0000,41.0000
632.0000,339.5000,16.0000,41.0000
632.0000,339.5000,16.0000,41.0000
632.0000,339.5000,16.0000,41.0000
632.0000,339.5000,16.0000,41.0000
632.0000,339.5000,16.0000,41.0000
632.0000,339.5000,16.0000,41.0000
632.0000,339.5000,16.0000,41.0000
632.0000,339.5000,16.0000,41.0000
632.0000,339.5000,16.0000,41.0000
632.0000,339.5000,16.0000,41.0000
632.0000,339.5000,16.0000,41.0000
632.0000,339.5000,16.0000,41.0000
632.0000,339.5000,16.0000,41.0000
632.0000,339.5000,16.0000,41.0000
632.0000,339.5000,16.0000,41.0000
632.0000,339.5000,16.0000,41.0000
632.0000,339.5000,16.0000,41.0000
632.0000,339.5000,16.0000,41.0000
632.0000,339.5000,16.0000,41.0000
102.0000,1091.5000,16.0000,41.0000
632.0000,339.5000,16.0000,41.0000
632.0000,339.5000,16.0000,41.0000
102.0000,1077.5000,16.0000,41.0000
110.0000,1077.5000,16.0000,41.0000
102.0000,1077.5000,16.0000,41.0000
632.0000,339.5000,16.0000,41.0000
632.0000,339.5000,16.0000,41.0000
632.0000,339.5000,16.0000,41.0000
632.0000,339.5000,16.0000,41.0000
102.0000,1091.5000,16.0000,41.0000
110.0000,1091.5000,16.0000,41.0000
110.0000,1091.5000,16.0000,41.0000
110.0000,1077.5000,16.0000,41.0000
102.0000,1091.5000,16.0000,41.0000
1096.6699,97.9199,16.6603,29.1603
102.0000,1077.5000,16.0000,41.0000
1086.8649,93.1149,31.2702,43.7702
110.0000,1091.5000,16.0000,41.0000
110.0000,1091.5000,16.0000,41.0000
110.0000,1091.5000,16.0000,41.0000
1097.8888,101.1387,18.2225,30.7225
110.0000,1091.5000,16.0000,41.0000
110.0000,1091.5000,16.0000,41.0000
110.0000,1091.5000,16.0000,41.0000
110.0000,1091.5000,16.0000,41.0000
1097.1132,99.8631,27.7737,40.2737
1093.0096,100.2596,33.9808,46.4808
1093.1139,99.8639,34.7722,47.2722
1099.8977,106.1477,25.2047,37.7047
1100.9128,108.1629,28.1742,40.6742
1097.2098,99.9598,37.5804,50.0804
110.0000,1091.5000,16.0000,41.0000
110.0000,1091.5000,16.0000,41.0000
110.0000,1091.5000,16.0000,41.0000
1097.8865,111.1365,20.2270,32.7270
127.0000,1091.5000,16.0000,41.0000
1087.9287,100.6787,50.1426,62.6426
1083.8444,102.0943,52.3114,64.8114
1082.2802,103.0302,51.4396,63.9396
1083.7413,104.4914,51.5172,64.0172
1082.0626,107.3126,51.8748,64.3748
1079.0955,109.8455,49.8091,62.3091
1085.3118,118.0617,44.3765,56.8765
1085.6780,117.9280,43.6441,56.1441
1087.1499,121.3999,38.7002,51.2002
1078.8942,114.6442,51.2117,63.7117
1079.6412,127.3912,43.7176,56.2176
1080.1652,128.9152,45.6696,58.1696
1077.9487,122.6987,53.1027,65.6027
1074.8181,122.0682,58.3637,70.8637
1078.2166,124.9665,56.5670,69.0670
1081.4019,127.6518,55.1964,67.6964
1081.4485,130.6984,54.1031,66.6031
1080.0472,134.2973,52.9055,65.4055
1079.3715,134.1214,56.2571,68.7571
1077.6031,134.3531,58.7937,71.2937
1083.1254,136.8753,55.7493,68.2493
1079.6919,136.4419,58.6162,71.1162
1086.2229,136.4729,56.5541,69.0541
1081.1432,130.3932,63.7136,76.2136
1084.6031,135.3531,58.7937,71.2937
1080.7157,131.4657,64.5685,77.0685
1083.8495,131.0995,66.3009,78.8009
1084.2393,133.9893,66.5214,79.0214
1086.0715,137.8215,63.8570,76.3570
1086.6385,136.8885,64.7230,77.2230
1087.3909,137.6408,64.2183,76.7183
1087.6792,135.9291,63.6417,76.1417
1089.2872,137.0372,63.4256,75.9256
1087.9376,140.1876,62.1249,74.6249
1092.6379,143.8879,57.7242,70.2242
1090.5557,142.8056,61.8888,74.3888
1093.8181,146.0682,58.3637,70.8637
1094.9325,148.6825,57.1350,69.6350
1093.2001,147.9500,60.5999,73.0999
1097.9487,152.6987,53.1027,65.6027
1098.9750,156.2250,53.0500,65.5500
1099.9796,158.2297,51.0407,63.5407
1099.2037,163.4537,52.5926,65.0926
1099.0713,160.8213,50.8573,63.3573
1098.1672,165.4173,52.6654,65.1654
1093.9019,163.1518,55.1964,67.6964
1091.9126,162.1627,58.1747,70.6747
1092.4135,163.6634,57.1732,69.6732
1093.9309,165.1810,55.1381,67.6381
1094.0872,171.8371,53.8258,66.3258
1094.8381,173.5881,53.3238,65.8238
1095.8381,170.5881,53.3238,65.8238
1095.7218,170.9718,54.5564,67.0564
1096.5667,169.3167,53.8667,66.3667
1093.6631,168.9130,57.6739,70.1739
1095.4321,174.6822,54.1357,66.6357
1098.3240,177.0739,49.3521,61.8521
1095.9512,176.2011,54.0977,66.5977
1096.1128,179.8628,52.7744,65.2744
1098.3976,183.1476,50.2049,62.7049
1092.0801,177.8301,57.8397,70.3397
1093.4650,178.7150,58.0700,70.5700
1091.4811,177.7311,61.0377,73.5377
1090.2535,180.5035,61.4930,73.9930
1090.3073,184.5573,61.3854,73.8854
1093.7413,189.4913,58.5173,71.0173
1091.8752,192.1253,60.2494,72.7494
1095.0128,197.2628,56.9745,69.4745
963.6785,532.9285,59.6430,72.1430
955.5208,538.7708,55.9583,68.4583
1096.8793,199.6293,55.2414,67.7414
1098.0472,202.2973,52.9055,65.4055
1097.6711,201.4212,55.6576,68.1576
1096.6711,202.4212,55.6576,68.1576
1094.3525,203.6025,57.2950,69.7950
1095.2603,204.0103,56.4794,68.9794
933.2401,525.9901,58.5198,71.0198
934.4027,519.1527,67.1946,79.6946
1098.0677,208.3178,55.8644,68.3644
1094.6750,207.4251,60.6498,73.1498
928.2012,520.9512,74.5977,87.0977
1095.7369,207.9869,60.5262,73.0262
1095.6385,209.3886,59.7228,72.2228
1095.6385,209.3886,59.7228,72.2228
1098.4083,211.1583,57.1833,69.6833
1096.9496,210.1996,60.1009,72.6009
1097.3567,212.1067,58.2867,70.7867
1097.8157,213.5657,58.3686,70.8686
1098.3096,216.0595,59.3809,71.8809
1098.0508,215.8008,60.8985,73.3985
1099.1327,217.3827,58.7346,71.2346
1102.7122,220.4621,57.5757,70.0757
1101.2885,221.5384,58.4232,70.9232
1102.0741,223.3241,56.8518,69.3518
1102.1615,223.9115,54.6771,67.1771
1103.6459,229.3958,50.7083,63.2083
1102.8064,223.0564,53.3872,65.8872
1104.2285,226.4785,51.5431,64.0431
1105.5122,228.7622,48.9756,61.4756
1108.0563,231.8063,47.8873,60.3873
1104.8695,231.6194,50.2611,62.7611
1100.4688,232.7188,56.0625,68.5625
1102.9750,229.2250,53.0500,65.5500
1101.8159,235.5659,54.3681,66.8681
1104.2037,231.4537,52.5926,65.0926
1107.5391,235.2891,47.9218,60.4218
1109.1738,238.4239,46.6523,59.1523
1106.3276,239.0777,47.3446,59.8446
1109.1951,241.4451,45.6098,58.1098
1106.5767,240.3267,47.8466,60.3466
1102.4529,242.7028,53.0943,65.5943
1104.5978,244.3478,48.8044,61.3044
1101.7487,245.9986,53.5027,66.0027
1109.1180,253.8681,41.7639,54.2639
1111.9844,260.2344,40.0312,52.5312
1104.1752,261.4251,45.6497,58.1497
1105.9137,262.1637,47.1727,59.6727
1104.9501,262.2001,48.0999,60.5999
1102.6899,264.4399,48.6202,61.1202
1104.0469,264.2969,47.9061,60.4061
1101.1752,266.4251,50.6497,63.1497
1103.2322,271.4821,46.5357,59.0357
1103.2800,270.5301,47.4398,59.9398
1103.6837,273.4337,47.6327,60.1327
1107.1033,274.8533,44.7933,57.2933
1107.3330,271.5830,49.3340,61.8340
1111.5165,273.7664,45.9671,58.4671
1109.2695,275.0195,46.4610,58.9610
1112.9187,276.6688,41.1625,53.6625
1115.6604,279.9104,36.6793,49.1793
1115.8875,279.1375,39.2250,51.7250
1101.9348,272.6849,54.1302,66.6302
1105.5175,271.7675,50.9651,63.4651
1108.2516,273.5016,47.4968,59.9968
1106.0469,272.2969,47.9061,60.4061
1112.1920,277.4420,43.6160,56.1160
1112.5500,279.3001,42.8999,55.3999
1114.9269,279.6769,43.1461,55.6461
1120.5358,283.7858,35.9285,48.4285
306.0000,1135.5000,16.0000,41.0000
306.0000,1135.5000,16.0000,41.0000
1122.8450,288.0949,28.3101,40.8101
1126.4083,291.1583,27.1833,39.6833
1122.5626,288.8127,31.8747,44.3747
306.0000,1135.5000,16.0000,41.0000
306.0000,1135.5000,16.0000,41.0000
1122.7949,292.0449,34.4102,46.9102
1144.7573,301.5074,16.4853,28.9853
1130.8934,296.1434,29.2132,41.7132
1142.7500,303.5000,17.5000,30.0000
307.0000,1135.5000,16.0000,41.0000
307.0000,1135.5000,16.0000,41.0000
307.0000,1135.5000,16.0000,41.0000
314.0000,1135.5000,16.0000,41.0000
315.0000,1135.5000,16.0000,41.0000
315.0000,1135.5000,16.0000,41.0000
314.0000,1135.5000,16.0000,41.0000
315.0000,1135.5000,16.0000,41.0000
315.0000,1135.5000,16.0000,41.0000
315.0000,1135.5000,16.0000,41.0000
322.0000,1135.5000,16.0000,41.0000
323.0000,1135.5000,16.0000,41.0000
323.0000,1135.5000,16.0000,41.0000
323.0000,1135.5000,16.0000,41.0000
339.0000,1135.5000,16.0000,41.0000
347.0000,1135.5000,16.0000,41.0000
348.0000,1135.5000,16.0000,41.0000
348.0000,1135.5000,16.0000,41.0000
632.0000,339.5000,16.0000,41.0000
347.0000,1135.5000,16.0000,41.0000
632.0000,339.5000,16.0000,41.0000
632.0000,339.5000,16.0000,41.0000
632.0000,339.5000,16.0000,41.0000
632.0000,339.5000,16.0000,41.0000
632.0000,339.5000,16.0000,41.0000
632.0000,339.5000,16.0000,41.0000
632.0000,339.5000,16.0000,41.0000
632.0000,339.5000,16.0000,41.0000
632.0000,339.5000,16.0000,41.0000
632.0000,339.5000,16.0000,41.0000
632.0000,339.5000,16.0000,41.0000
632.0000,339.5000,16.0000,41.0000
632.0000,339.5000,16.0000,41.0000
632.0000,339.5000,16.0000,41.0000
632.0000,339.5000,16.0000,41.0000
632.0000,339.5000,16.0000,41.0000
632.0000,339.5000,16.0000,41.0000
632.0000,339.5000,16.0000,41.0000
632.0000,339.5000,16.0000,41.0000
632.0000,339.5000,16.0000,41.0000
632.0000,339.5000,16.0000,41.0000
632.0000,339.5000,16.0000,41.0000
632.0000,339.5000,16.0000,41.0000
632.0000,339.5000,16.0000,41.0000
632.0000,339.5000,16.0000,41.0000
632.0000,339.5000,16.0000,41.0000
632.0000,339.5000,16.0000,41.0000
632.0000,339.5000,16.0000,41.0000
632.0000,339.5000,16.0000,41.0000
632.0000,339.5000,16.0000,41.0000
632.0000,339.5000,16.0000,41.0000
632.0000,339.5000,16.0000,41.0000
632.0000,339.5000,16.0000,41.0000
632.0000,339.5000,16.0000,41.0000
632.0000,339.5000,16.0000,41.0000
632.0000,339.5000,16.0000,41.0000
632.0000,339.5000,16.0000,41.0000
632.0000,339.5000,16.0000,41.0000
632.0000,339.5000,16.0000,41.0000
632.0000,339.5000,16.0000,41.0000
632.0000,339.5000,16.0000,41.0000
632.0000,339.5000,16.0000,41.0000
632.0000,339.5000,16.0000,41.0000
632.0000,339.5000,16.0000,41.0000
632.0000,339.5000,16.0000,41.0000
632.0000,339.5000,16.0000,41.0000
632.0000,339.5000,16.0000,41.0000
632.0000,339.5000,16.0000,41.0000
632.0000,339.5000,16.0000,41.0000
632.0000,339.5000,16.0000,41.0000
632.0000,339.5000,16.0000,41.0000
632.0000,339.5000,16.0000,41.0000
632.0000,339.5000,16.0000,41.0000
632.0000,339.5000,16.0000,41.0000
632.0000,339.5000,16.0000,41.0000
632.0000,339.5000,16.0000,41.0000
632.0000,339.5000,16.0000,41.0000
632.0000,339.5000,16.0000,41.0000
632.0000,339.5000,16.0000,41.0000
632.0000,339.5000,16.0000,41.0000
632.0000,339.5000,16.0000,41.0000
632.0000,339.5000,16.0000,41.0000
632.0000,339.5000,16.0000,41.0000
632.0000,339.5000,16.0000,41.0000
632.0000,339.5000,16.0000,41.0000
632.0000,339.5000,16.0000,41.0000
632.0000,339.5000,16.0000,41.0000
632.0000,339.5000,16.0000,41.0000
632.0000,339.5000,16.0000,41.0000
632.0000,339.5000,16.0000,41.0000
632.0000,339.5000,16.0000,41.0000
632.0000,339.5000,16.0000,41.0000
632.0000,339.5000,16.0000,41.0000
632.0000,339.5000,16.0000,41.0000
632.0000,339.5000,16.0000,41.0000
632.0000,339.5000,16.0000,41.0000
632.0000,339.5000,16.0000,41.0000
632.0000,339.5000,16.0000,41.0000
632.0000,339.5000,16.0000,41.0000
632.0000,339.5000,16.0000,41.0000
632.0000,339.5000,16.0000,41.0000
632.0000,339.5000,16.0000,41.0000
632.0000,339.5000,16.0000,41.0000
632.0000,339.5000,16.0000,41.0000
632.0000,339.5000,16.0000,41.0000
632.0000,339.5000,16.0000,41.0000
632.0000,339.5000,16.0000,41.0000
632.0000,339.5000,16.0000,41.0000
632.0000,339.5000,16.0000,41.0000
632.0000,339.5000,16.0000,41.0000
632.0000,339.5000,16.0000,41.0000
632.0000,339.5000,16.0000,41.0000
632.0000,339.5000,16.0000,41.0000
632.0000,339.5000,16.0000,41.0000
632.0000,339.5000,16.0000,41.0000
632.0000,339.5000,16.0000,41.0000
632.0000,339.5000,16.0000,41.0000
632.0000,339.5000,16.0000,41.0000
135.0000,1048.5000,16.0000,41.0000
1048.5061,112.2561,48.9878,61.4878
1046.2258,110.9758,54.5484,67.0484
1048.7308,112.4808,53.5384,66.0384
1049.1597,116.9097,51.6807,64.1807
1044.0508,112.8008,60.8985,73.3985
1040.2439,117.4939,59.5121,72.0121
1039.8365,119.5866,61.3268,73.8268
1040.2511,119.5011,64.4978,76.9978
1029.1964,110.4465,81.6071,94.1071
1029.1604,113.4103,82.6793,95.1793
1030.3379,114.5879,78.3242,90.8242
1037.6892,123.4393,63.6215,76.1215
1039.6279,126.3779,56.7442,69.2442
1040.2585,126.5085,59.4830,71.9830
1034.7467,131.9967,64.5066,77.0066
1016.7372,122.9872,81.5255,94.0255
1033.3235,148.0735,62.3530,74.8530
1026.7841,143.0341,79.4318,91.9318
1029.9005,151.1505,77.1990,89.6990
1028.9705,152.7204,84.0592,96.5592
1026.5422,150.2922,84.9155,97.4155
1036.5149,160.7649,74.9701,87.4701
1034.1432,161.8931,77.7137,90.2137
1030.5964,166.3465,79.8070,92.3070
1019.6524,161.9024,90.6952,103.1952
1025.9984,167.2484,85.0033,97.5033
1033.8167,181.5667,76.3667,88.8667
1023.7917,175.0417,90.4166,102.9166
1020.5045,175.7545,90.9910,103.4910
1020.9360,178.1861,92.1279,104.6279
1025.5278,186.2778,88.9444,101.4444
1033.9622,197.7121,74.0757,86.5757
1033.8663,199.1163,78.2673,90.7673
1035.4844,203.2344,76.0312,88.5312
1033.2905,208.0405,77.4190,89.9190
1042.8208,219.0708,72.3584,84.8584
1039.2716,222.5216,80.4569,92.9569
1036.0946,219.8446,89.8108,102.3108
1034.7783,217.5283,87.4434,99.9434
1035.2378,225.4877,84.5245,97.0245
1043.8219,227.0718,85.3563,97.8563
1036.8085,227.5584,91.3831,103.8831
1034.9210,226.6710,91.1580,103.6580
1039.9121,230.1621,89.1757,101.6757
1043.6750,235.4251,90.6499,103.1499
1039.0500,238.3000,87.8999,100.3999
1035.3557,242.1057,88.2885,100.7885
1038.7299,245.9798,85.5403,98.0403
1030.4003,243.1503,90.1995,102.6995
1030.5542,244.3042,89.8917,102.3917
1038.0507,257.3007,81.8986,94.3986
1030.8375,257.5875,89.3250,101.8250
1036.8719,267.1220,85.2561,97.7561
1031.6425,265.8925,87.7151,100.2151
1040.9055,280.6555,82.1889,94.6889
1039.3304,281.5804,83.3392,95.8392
1029.6084,280.3584,93.7832,106.2832
1040.3060,286.0560,89.3880,101.8880
1034.4398,288.6898,91.1204,103.6204
1037.6382,291.3882,89.7236,102.2236
1041.4669,292.2169,91.0662,103.5662
1027.6040,287.3541,96.7919,109.2919
1045.9257,299.1757,87.1486,99.6486
1040.3512,302.6013,86.2975,98.7975
1042.4525,307.2025,87.0949,99.5949
1046.6792,310.9292,86.6416,99.1416
1052.4055,320.6555,78.1890,90.6890
1037.3074,314.5574,87.3851,99.8851
1048.7621,325.0120,75.4759,87.9759
1038.4767,321.2267,83.0467,95.5467
1041.9323,331.6823,79.1354,91.6354
1045.4558,333.2057,80.0885,92.5885
1055.3513,345.1013,65.2975,77.7975
1058.1942,355.9442,69.6117,82.1117
1046.0084,352.2585,81.9831,94.4831
1047.8599,355.1099,81.2803,93.7803
1052.1798,354.9298,84.6404,97.1404
1033.7334,349.4834,94.5332,107.0332
1043.6958,360.9458,87.6084,100.1084
1028.5442,361.2941,92.9117,105.4117
1030.7205,369.4705,90.5591,103.0591
1042.0127,368.2627,86.9747,99.4747
1044.2283,370.4783,91.5434,104.0434
1029.0217,370.2718,99.9565,112.4565
1035.6294,377.3794,96.7412,109.2412
1027.0963,378.3463,98.8075,111.3075
1033.0392,381.2892,90.9216,103.4216
1035.6229,387.3730,91.7541,104.2541
999.9465,382.6965,106.1071,118.6071
1023.3514,396.6014,92.2971,104.7971
1023.3709,401.6209,95.2582,107.7582
1046.0674,407.3174,85.8653,98.3653
1039.9963,409.7463,93.0074,105.5074
1024.6844,408.4344,98.6311,111.1311
1027.5647,409.3147,95.8706,108.3706
1031.4318,415.6817,94.1365,106.6365
1025.7563,426.0063,96.4873,108.9873
1036.0128,436.7628,85.9744,98.4744
1034.1062,432.3561,86.7877,99.2877
1017.6829,435.4329,95.6342,108.1342
1013.4948,435.7448,103.0105,115.5105
1027.7377,439.4877,99.5246,112.0246
1027.2297,443.4797,103.5406,116.0406
1026.8156,439.5656,100.3688,112.8688
1033.7284,442.9784,97.5433,110.0433
1027.7168,446.4668,96.5664,109.0664
1037.3516,454.6015,87.2969,99.7969
1037.4110,465.6611,81.1779,93.6779
1032.9050,469.1551,79.1899,91.6899
1038.6522,466.9022,63.6956,76.1956
1057.2600,473.5099,64.4801,76.9801
1059.4916,473.2416,60.0168,72.5168
1055.1069,469.8569,72.7862,85.2862
1050.9089,475.6589,69.1821,81.6821
1061.3730,480.1230,63.2540,75.7540
1036.8325,477.5826,78.3349,90.8349
1050.7881,481.0381,78.4237,90.9237
1021.5208,481.7708,85.9583,98.4583
1055.4268,492.6768,66.1464,78.6464
1064.6388,490.8887,63.7225,76.2225
1104.1699,526.4199,16.6603,29.1603
1105.0089,525.7589,14.9821,27.4821
536.0000,1077.5000,16.0000,41.0000
1087.4320,519.6820,30.1359,42.6359
544.0000,1106.5000,16.0000,41.0000
632.0000,339.5000,16.0000,41.0000
632.0000,339.5000,16.0000,41.0000
544.0000,1135.5000,16.0000,41.0000
632.0000,339.5000,16.0000,41.0000
632.0000,339.5000,16.0000,41.0000
536.0000,961.5000,16.0000,41.0000
632.0000,339.5000,16.0000,41.0000
527.0000,1135.5000,16.0000,41.0000
632.0000,339.5000,16.0000,41.0000
544.0000,1135.5000,16.0000,41.0000
544.0000,1135.5000,16.0000,41.0000
632.0000,339.5000,16.0000,41.0000
632.0000,339.5000,16.0000,41.0000
632.0000,339.5000,16.0000,41.0000
632.0000,339.5000,16.0000,41.0000
632.0000,339.5000,16.0000,41.0000
632.0000,339.5000,16.0000,41.0000
632.0000,339.5000,16.0000,41.0000
632.0000,339.5000,16.0000,41.0000
632.0000,339.5000,16.0000,41.0000
632.0000,339.5000,16.0000,41.0000
632.0000,339.5000,16.0000,41.0000
632.0000,339.5000,16.0000,41.0000
632.0000,339.5000,16.0000,41.0000
632.0000,339.5000,16.0000,41.0000
632.0000,339.5000,16.0000,41.0000
632.0000,339.5000,16.0000,41.0000
632.0000,339.5000,16.0000,41.0000
632.0000,339.5000,16.0000,41.0000
632.0000,339.5000,16.0000,41.0000
632.0000,339.5000,16.0000,41.0000
632.0000,339.5000,16.0000,41.0000
632.0000,339.5000,16.0000,41.0000
632.0000,339.5000,16.0000,41.0000
632.0000,339.5000,16.0000,41.0000
632.0000,339.5000,16.0000,41.0000
632.0000,339.5000,16.0000,41.0000
632.0000,339.5000,16.0000,41.0000
632.0000,339.5000,16.0000,41.0000
632.0000,339.5000,16.0000,41.0000
632.0000,339.5000,16.0000,41.0000
632.0000,339.5000,16.0000,41.0000
632.0000,339.5000,16.0000,41.0000
632.0000,339.5000,16.0000,41.0000
632.0000,339.5000,16.0000,41.0000
632.0000,339.5000,16.0000,41.0000
632.0000,339.5000,16.0000,41.0000
632.0000,339.5000,16.0000,41.0000
632.0000,339.5000,16.0000,41.0000
632.0000,339.5000,16.0000,41.0000
632.0000,339.5000,16.0000,41.0000
632.0000,339.5000,16.0000,41.0000
632.0000,339.5000,16.0000,41.0000
632.0000,339.5000,16.0000,41.0000
632.0000,339.5000,16.0000,41.0000
632.0000,339.5000,16.0000,41.0000
632.0000,339.5000,16.0000,41.0000
632.0000,339.5000,16.0000,41.0000
632.0000,339.5000,16.0000,41.0000
632.0000,339.5000,16.0000,41.0000
632.0000,339.5000,16.0000,41.0000
632.0000,339.5000,16.0000,41.0000
632.0000,339.5000,16.0000,41.0000
632.0000,339.5000,16.0000,41.0000
632.0000,339.5000,16.0000,41.0000
632.0000,339.5000,16.0000,41.0000
632.0000,339.5000,16.0000,41.0000
632.0000,339.5000,16.0000,41.0000
632.0000,339.5000,16.0000,41.0000
632.0000,339.5000,16.0000,41.0000
632.0000,339.5000,16.0000,41.0000
632.0000,339.5000,16.0000,41.0000
632.0000,339.5000,16.0000,41.0000
632.0000,339.5000,16.0000,41.0000
632.0000,339.5000,16.0000,41.0000
632.0000,339.5000,16.0000,41.0000
632.0000,339.5000,16.0000,41.0000
632.0000,339.5000,16.0000,41.0000
632.0000,339.5000,16.0000,41.0000
632.0000,339.5000,16.0000,41.0000
632.0000,339.5000,16.0000,41.0000
632.0000,339.5000,16.0000,41.0000
632.0000,339.5000,16.0000,41.0000
632.0000,339.5000,16.0000,41.0000
632.0000,339.5000,16.0000,41.0000
632.0000,339.5000,16.0000,41.0000
632.0000,339.5000,16.0000,41.0000
632.0000,339.5000,16.0000,41.0000
632.0000,339.5000,16.0000,41.0000
632.0000,339.5000,16.0000,41.0000
632.0000,339.5000,16.0000,41.0000
632.0000,339.5000,16.0000,41.0000
632.0000,339.5000,16.0000,41.0000
632.0000,339.5000,16.0000,41.0000
632.0000,339.5000,16.0000,41.0000
632.0000,339.5000,16.0000,41.0000
632.0000,339.5000,16.0000,41.0000
632.0000,339.5000,16.0000,41.0000
552.0000,989.5000,16.0000,41.0000
632.0000,339.5000,16.0000,41.0000
632.0000,339.5000,16.0000,41.0000
632.0000,339.5000,16.0000,41.0000
632.0000,339.5000,16.0000,41.0000
632.0000,339.5000,16.0000,41.0000
632.0000,339.5000,16.0000,41.0000
632.0000,339.5000,16.0000,41.0000
632.0000,339.5000,16.0000,41.0000
632.0000,339.5000,16.0000,41.0000
632.0000,339.5000,16.0000,41.0000
632.0000,339.5000,16.0000,41.0000
632.0000,339.5000,16.0000,41.0000
632.0000,339.5000,16.0000,41.0000
632.0000,339.5000,16.0000,41.0000
632.0000,339.5000,16.0000,41.0000
632.0000,339.5000,16.0000,41.0000
632.0000,339.5000,16.0000,41.0000
552.0000,960.5000,16.0000,41.0000
568.0000,961.5000,16.0000,41.0000
632.0000,339.5000,16.0000,41.0000
632.0000,339.5000,16.0000,41.0000
632.0000,339.5000,16.0000,41.0000
632.0000,339.5000,16.0000,41.0000
632.0000,339.5000,16.0000,41.0000
632.0000,339.5000,16.0000,41.0000
632.0000,339.5000,16.0000,41.0000
953.2758,545.0258,39.4484,51.9484
552.0000,960.5000,16.0000,41.0000
560.0000,975.5000,16.0000,41.0000
632.0000,339.5000,16.0000,41.0000
632.0000,339.5000,16.0000,41.0000
632.0000,339.5000,16.0000,41.0000
632.0000,339.5000,16.0000,41.0000
577.0000,960.5000,16.0000,41.0000
632.0000,339.5000,16.0000,41.0000
632.0000,339.5000,16.0000,41.0000
632.0000,339.5000,16.0000,41.0000
632.0000,339.5000,16.0000,41.0000
632.0000,339.5000,16.0000,41.0000
632.0000,339.5000,16.0000,41.0000
632.0000,339.5000,16.0000,41.0000
632.0000,339.5000,16.0000,41.0000
632.0000,339.5000,16.0000,41.0000
632.0000,339.5000,16.0000,41.0000
632.0000,339.5000,16.0000,41.0000
632.0000,339.5000,16.0000,41.0000
632.0000,339.5000,16.0000,41.0000
632.0000,339.5000,16.0000,41.0000
632.0000,339.5000,16.0000,41.0000
632.0000,339.5000,16.0000,41.0000
632.0000,339.5000,16.0000,41.0000
632.0000,339.5000,16.0000,41.0000
632.0000,339.5000,16.0000,41.0000
632.0000,339.5000,16.0000,41.0000
632.0000,339.5000,16.0000,41.0000
632.0000,339.5000,16.0000,41.0000
632.0000,339.5000,16.0000,41.0000
632.0000,339.5000,16.0000,41.0000
632.0000,339.5000,16.0000,41.0000
632.0000,339.5000,16.0000,41.0000
632.0000,339.5000,16.0000,41.0000
632.0000,339.5000,16.0000,41.0000
632.0000,339.5000,16.0000,41.0000
632.0000,339.5000,16.0000,41.0000
632.0000,339.5000,16.0000,41.0000
632.0000,339.5000,16.0000,41.0000
632.0000,339.5000,16.0000,41.0000
632.0000,339.5000,16.0000,41.0000
632.0000,339.5000,16.0000,41.0000
632.0000,339.5000,16.0000,41.0000
632.0000,339.5000,16.0000,41.0000
632.0000,339.5000,16.0000,41.0000
632.0000,339.5000,16.0000,41.0000
632.0000,339.5000,16.0000,41.0000
632.0000,339.5000,16.0000,41.0000
632.0000,339.5000,16.0000,41.0000
632.0000,339.5000,16.0000,41.0000
632.0000,339.5000,16.0000,41.0000
632.0000,339.5000,16.0000,41.0000
632.0000,339.5000,16.0000,41.0000
632.0000,339.5000,16.0000,41.0000
632.0000,339.5000,16.0000,41.0000
632.0000,339.5000,16.0000,41.0000
632.0000,339.5000,16.0000,41.0000
632.0000,339.5000,16.0000,41.0000
632.0000,339.5000,16.0000,41.0000
632.0000,339.5000,16.0000,41.0000
632.0000,339.5000,16.0000,41.0000
632.0000,339.5000,16.0000,41.0000
632.0000,339.5000,16.0000,41.0000
632.0000,339.5000,16.0000,41.0000
937.2020,483.4520,53.5961,66.0961
632.0000,339.5000,16.0000,41.0000
519.0000,931.5000,16.0000,41.0000
632.0000,339.5000,16.0000,41.0000
939.9792,511.7292,65.0416,77.5416
632.0000,339.5000,16.0000,41.0000
632.0000,339.5000,16.0000,41.0000
632.0000,339.5000,16.0000,41.0000
632.0000,339.5000,16.0000,41.0000
632.0000,339.5000,16.0000,41.0000
632.0000,339.5000,16.0000,41.0000
632.0000,339.5000,16.0000,41.0000
632.0000,339.5000,16.0000,41.0000
632.0000,339.5000,16.0000,41.0000
632.0000,339.5000,16.0000,41.0000
568.0000,917.5000,16.0000,41.0000
632.0000,339.5000,16.0000,41.0000
569.0000,960.5000,16.0000,41.0000
576.0000,931.5000,16.0000,41.0000
632.0000,339.5000,16.0000,41.0000
632.0000,339.5000,16.0000,41.0000
184.0000,931.5000,16.0000,41.0000
632.0000,339.5000,16.0000,41.0000
632.0000,339.5000,16.0000,41.0000
632.0000,339.5000,16.0000,41.0000
632.0000,339.5000,16.0000,41.0000
632.0000,339.5000,16.0000,41.0000
632.0000,339.5000,16.0000,41.0000
958.1080,562.3580,21.7840,34.2840
632.0000,339.5000,16.0000,41.0000
632.0000,339.5000,16.0000,41.0000
632.0000,339.5000,16.0000,41.0000
632.0000,339.5000,16.0000,41.0000
632.0000,339.5000,16.0000,41.0000
632.0000,339.5000,16.0000,41.0000
184.0000,902.5000,16.0000,41.0000
632.0000,339.5000,16.0000,41.0000
632.0000,339.5000,16.0000,41.0000
184.0000,902.5000,16.0000,41.0000
568.0000,975.5000,16.0000,41.0000
632.0000,339.5000,16.0000,41.0000
632.0000,339.5000,16.0000,41.0000
632.0000,339.5000,16.0000,41.0000
632.0000,339.5000,16.0000,41.0000
632.0000,339.5000,16.0000,41.0000
632.0000,339.5000,16.0000,41.0000
552.0000,960.5000,16.0000,41.0000
632.0000,339.5000,16.0000,41.0000
552.0000,989.5000,16.0000,41.0000
632.0000,339.5000,16.0000,41.0000
632.0000,339.5000,16.0000,41.0000
632.0000,339.5000,16.0000,41.0000
632.0000,339.5000,16.0000,41.0000
632.0000,339.5000,16.0000,41.0000
632.0000,339.5000,16.0000,41.0000
632.0000,339.5000,16.0000,41.0000
632.0000,339.5000,16.0000,41.0000
568.0000,975.5000,16.0000,41.0000
568.0000,975.5000,16.0000,41.0000
632.0000,339.5000,16.0000,41.0000
632.0000,339.5000,16.0000,41.0000
632.0000,339.5000,16.0000,41.0000
632.0000,339.5000,16.0000,41.0000
632.0000,339.5000,16.0000,41.0000
632.0000,339.5000,16.0000,41.0000
632.0000,339.5000,16.0000,41.0000
632.0000,339.5000,16.0000,41.0000
632.0000,339.5000,16.0000,41.0000
217.0000,931.5000,16.0000,41.0000
632.0000,339.5000,16.0000,41.0000
585.0000,975.5000,16.0000,41.0000
632.0000,339.5000,16.0000,41.0000
632.0000,339.5000,16.0000,41.0000
632.0000,339.5000,16.0000,41.0000
632.0000,339.5000,16.0000,41.0000
632.0000,339.5000,16.0000,41.0000
632.0000,339.5000,16.0000,41.0000
632.0000,339.5000,16.0000,41.0000
632.0000,339.5000,16.0000,41.0000
632.0000,339.5000,16.0000,41.0000
632.0000,339.5000,16.0000,41.0000
632.0000,339.5000,16.0000,41.0000
632.0000,339.5000,16.0000,41.0000
632.0000,339.5000,16.0000,41.0000
632.0000,339.5000,16.0000,41.0000
632.0000,339.5000,16.0000,41.0000
632.0000,339.5000,16.0000,41.0000
632.0000,339.5000,16.0000,41.0000
632.0000,339.5000,16.0000,41.0000
632.0000,339.5000,16.0000,41.0000
632.0000,339.5000,16.0000,41.0000
632.0000,339.5000,16.0000,41.0000
632.0000,339.5000,16.0000,41.0000
632.0000,339.5000,16.0000,41.0000
632.0000,339.5000,16.0000,41.0000
632.0000,339.5000,16.0000,41.0000
632.0000,339.5000,16.0000,41.0000
632.0000,339.5000,16.0000,41.0000
632.0000,339.5000,16.0000,41.0000
632.0000,339.5000,16.0000,41.0000
632.0000,339.5000,16.0000,41.0000
632.0000,339.5000,16.0000,41.0000
632.0000,339.5000,16.0000,41.0000
632.0000,339.5000,16.0000,41.0000
632.0000,339.5000,16.0000,41.0000
632.0000,339.5000,16.0000,41.0000
632.0000,339.5000,16.0000,41.0000
632.0000,339.5000,16.0000,41.0000
632.0000,339.5000,16.0000,41.0000
632.0000,339.5000,16.0000,41.0000
632.0000,339.5000,16.0000,41.0000
632.0000,339.5000,16.0000,41.0000
632.0000,339.5000,16.0000,41.0000
632.0000,339.5000,16.0000,41.0000
632.0000,339.5000,16.0000,41.0000
632.0000,339.5000,16.0000,41.0000
632.0000,339.5000,16.0000,41.0000
632.0000,339.5000,16.0000,41.0000
632.0000,339.5000,16.0000,41.0000
632.0000,339.5000,16.0000,41.0000
632.0000,339.5000,16.0000,41.0000
632.0000,339.5000,16.0000,41.0000
632.0000,339.5000,16.0000,41.0000
632.0000,339.5000,16.0000,41.0000
632.0000,339.5000,16.0000,41.0000
632.0000,339.5000,16.0000,41.0000
632.0000,339.5000,16.0000,41.0000
632.0000,339.5000,16.0000,41.0000
632.0000,339.5000,16.0000,41.0000
632.0000,339.5000,16.0000,41.0000
632.0000,339.5000,16.0000,41.0000
632.0000,339.5000,16.0000,41.0000
632.0000,339.5000,16.0000,41.0000
632.0000,339.5000,16.0000,41.0000
632.0000,339.5000,16.0000,41.0000
632.0000,339.5000,16.0000,41.0000
632.0000,339.5000,16.0000,41.0000
632.0000,339.5000,16.0000,41.0000
632.0000,339.5000,16.0000,41.0000
632.0000,339.5000,16.0000,41.0000
632.0000,339.5000,16.0000,41.0000
632.0000,339.5000,16.0000,41.0000
632.0000,339.5000,16.0000,41.0000
632.0000,339.5000,16.0000,41.0000
632.0000,339.5000,16.0000,41.0000
632.0000,339.5000,16.0000,41.0000
632.0000,339.5000,16.0000,41.0000
632.0000,339.5000,16.0000,41.0000
632.0000,339.5000,16.0000,41.0000
632.0000,339.5000,16.0000,41.0000
632.0000,339.5000,16.0000,41.0000
632.0000,339.5000,16.0000,41.0000
632.0000,339.5000,16.0000,41.0000
632.0000,339.5000,16.0000,41.0000
339.0000,1018.5000,16.0000,41.0000
632.0000,339.5000,16.0000,41.0000
339.0000,1018.5000,16.0000,41.0000
323.0000,1018.5000,16.0000,41.0000
339.0000,1018.5000,16.0000,41.0000
339.0000,1018.5000,16.0000,41.0000
339.0000,1018.5000,16.0000,41.0000
339.0000,961.5000,16.0000,41.0000
632.0000,339.5000,16.0000,41.0000
632.0000,339.5000,16.0000,41.0000
632.0000,339.5000,16.0000,41.0000
632.0000,339.5000,16.0000,41.0000
632.0000,339.5000,16.0000,41.0000
632.0000,339.5000,16.0000,41.0000
632.0000,339.5000,16.0000,41.0000
632.0000,339.5000,16.0000,41.0000
632.0000,339.5000,16.0000,41.0000
632.0000,339.5000,16.0000,41.0000
632.0000,339.5000,16.0000,41.0000
632.0000,339.5000,16.0000,41.0000
632.0000,339.5000,16.0000,41.0000
632.0000,339.5000,16.0000,41.0000
632.0000,339.5000,16.0000,41.0000
632.0000,339.5000,16.0000,41.0000
632.0000,339.5000,16.0000,41.0000
632.0000,339.5000,16.0000,41.0000
632.0000,339.5000,16.0000,41.0000
632.0000,339.5000,16.0000,41.0000
632.0000,339.5000,16.0000,41.0000
632.0000,339.5000,16.0000,41.0000
632.0000,339.5000,16.0000,41.0000
632.0000,339.5000,16.0000,41.0000
632.0000,339.5000,16.0000,41.0000
421.0000,989.5000,16.0000,41.0000
632.0000,339.5000,16.0000,41.0000
421.0000,1018.5000,16.0000,41.0000
421.0000,1018.5000,16.0000,41.0000
632.0000,339.5000,16.0000,41.0000
437.0000,1018.5000,16.0000,41.0000
993.1886,411.9386,39.6228,52.1228
993.9377,420.6877,28.1246,40.6246
437.0000,975.5000,16.0000,41.0000
445.0000,989.5000,16.0000,41.0000
421.0000,990.5000,16.0000,41.0000
421.0000,1018.5000,16.0000,41.0000
632.0000,339.5000,16.0000,41.0000
632.0000,339.5000,16.0000,41.0000
421.0000,989.5000,16.0000,41.0000
421.0000,989.5000,16.0000,41.0000
421.0000,989.5000,16.0000,41.0000
421.0000,989.5000,16.0000,41.0000
421.0000,989.5000,16.0000,41.0000
421.0000,989.5000,16.0000,41.0000
135.0000,974.5000,16.0000,41.0000
632.0000,339.5000,16.0000,41.0000
126.0000,989.5000,16.0000,41.0000
127.0000,989.5000,16.0000,41.0000
127.0000,989.5000,16.0000,41.0000
421.0000,990.5000,16.0000,41.0000
127.0000,989.5000,16.0000,41.0000
632.0000,339.5000,16.0000,41.0000
632.0000,339.5000,16.0000,41.0000
438.0000,1018.5000,16.0000,41.0000
632.0000,339.5000,16.0000,41.0000
632.0000,339.5000,16.0000,41.0000
632.0000,339.5000,16.0000,41.0000
632.0000,339.5000,16.0000,41.0000
127.0000,989.5000,16.0000,41.0000
632.0000,339.5000,16.0000,41.0000
127.0000,960.5000,16.0000,41.0000
527.0000,989.5000,16.0000,41.0000
632.0000,339.5000,16.0000,41.0000
632.0000,339.5000,16.0000,41.0000
453.0000,1018.5000,16.0000,41.0000
454.0000,1018.5000,16.0000,41.0000
454.0000,1018.5000,16.0000,41.0000
454.0000,1018.5000,16.0000,41.0000
454.0000,1018.5000,16.0000,41.0000
454.0000,1018.5000,16.0000,41.0000
470.0000,1018.5000,16.0000,41.0000
1021.2500,449.0000,22.5000,35.0000
454.0000,1018.5000,16.0000,41.0000
470.0000,1018.5000,16.0000,41.0000
486.0000,1018.5000,16.0000,41.0000
991.0682,451.8181,52.8637,65.3637
1002.0334,468.7834,37.9333,50.4333
993.3822,461.6322,62.2356,74.7356
993.6337,453.3837,45.7326,58.2326
471.0000,1018.5000,16.0000,41.0000
1014.6257,458.8757,31.7487,44.2487
487.0000,1018.5000,16.0000,41.0000
1006.9003,476.1503,38.1993,50.6993
1010.2582,462.0082,38.4836,50.9836
1011.5024,462.2524,33.9952,46.4952
995.5818,453.3318,56.8365,69.3365
993.8064,458.0564,53.3872,65.8872
987.2033,453.4533,65.5934,78.0934
989.8877,454.6377,73.2246,85.7246
999.8820,450.6320,55.2361,67.7361
1018.0125,464.7625,27.9750,40.4750
1014.3889,469.6388,36.2223,48.7223
1002.0955,465.8455,49.8091,62.3091
1015.2691,475.0191,37.4618,49.9618
1008.2327,480.4827,40.5346,53.0346
1009.8018,480.5518,51.3964,63.8964
998.2698,476.5197,55.4605,67.9605
995.0473,475.7973,48.9054,61.4054
994.6191,477.8691,47.7618,60.2618
1011.4688,479.7188,36.0624,48.5624
1004.3645,478.6145,42.2710,54.7710
999.2360,478.9860,52.5281,65.0281
994.1027,483.3527,57.7946,70.2946
1007.9797,481.2297,51.0407,63.5407
1016.9917,479.2417,38.0167,50.5167
1007.4484,471.6984,54.1031,66.6031
1020.6315,487.8815,29.7371,42.2371
1009.8515,488.6015,47.2969,59.7969
1003.5963,480.3463,72.8074,85.3074
1007.4553,481.2052,68.0895,80.5895
1005.4484,480.6984,54.1031,66.6031
1010.6176,480.3676,56.7647,69.2647
1007.9760,477.7260,60.0481,72.5481
1022.4571,484.7071,40.0858,52.5858
503.0000,1019.5000,16.0000,41.0000
1018.7982,487.5482,40.4037,52.9037
1031.2440,501.4940,18.5119,31.0119
1022.7524,495.5023,34.4953,46.9953
1029.9435,510.1935,19.1131,31.6131
520.0000,1019.5000,16.0000,41.0000
519.0000,1019.5000,16.0000,41.0000
535.0000,1019.5000,16.0000,41.0000
535.0000,1019.5000,16.0000,41.0000
536.0000,1019.5000,16.0000,41.0000
1020.6254,519.8754,44.7491,57.2491
1009.5197,507.7697,64.9605,77.4605
1030.4169,531.6669,38.1662,50.6662
1026.0626,524.3126,51.8748,64.3748
1021.7378,516.4878,69.5244,82.0244
1017.2176,514.9676,75.5648,88.0648
1024.9641,508.2141,81.0719,93.5719
1031.9531,520.7032,72.0937,84.5937
1029.3715,520.6215,75.2570,87.7570
1028.1888,519.4389,78.6222,91.1222
1010.4639,511.2139,91.0723,103.5723
1012.7326,507.9826,90.5348,103.0348
1016.2285,513.4785,86.5430,99.0430
1015.2744,513.5244,87.4512,99.9512
1014.8060,515.0560,89.3880,101.8880
1013.8019,513.5519,87.3962,99.8962
1013.6129,516.3629,83.7743,96.2743
1027.7090,518.9589,79.5821,92.0821
1020.1761,519.4261,81.6478,94.1478
1030.8690,523.6191,79.2618,91.7618
1028.8853,527.6353,82.2294,94.7294
1035.1023,530.3522,78.7955,91.2955
1030.8385,530.5886,81.3229,93.8229
1025.5300,527.7800,82.9400,95.4400
1026.0618,529.3118,84.8765,97.3765
1036.7086,533.4587,77.5827,90.0827
1033.2067,532.9567,81.5867,94.0867
1033.9501,534.7000,78.0999,90.5999
1038.1281,534.8781,74.7439,87.2439
1039.8877,539.1377,68.2246,80.7246
1047.2139,542.9638,61.5724,74.0724
1041.3258,543.0758,62.3484,74.8484
1042.8413,543.5912,61.3174,73.8174
1040.5518,544.3018,59.8965,72.3965
1040.1494,545.3995,59.7011,72.2011
1050.5426,548.7926,54.9148,67.4148
1049.0867,548.3367,59.8266,72.3266
1046.8909,548.1409,56.2183,68.7183
1058.1254,556.3754,45.7492,58.2492
1057.2006,555.9506,58.5989,71.0989
1061.8229,556.5729,59.3542,71.8542
1052.8586,553.6086,68.2827,80.7827
1054.8131,556.0632,62.3737,74.8737
1061.6982,558.9483,57.6034,70.1034
1065.3026,566.5526,42.3948,54.8948
1060.7483,568.9984,45.5033,58.0033
1071.6069,575.8569,34.7862,47.2862
601.0000,1077.5000,16.0000,41.0000
601.0000,1077.5000,16.0000,41.0000
159.0000,844.5000,16.0000,41.0000
159.0000,844.5000,16.0000,41.0000
175.0000,814.5000,16.0000,41.0000
159.0000,815.5000,16.0000,41.0000
159.0000,844.5000,16.0000,41.0000
160.0000,815.5000,16.0000,41.0000
160.0000,815.5000,16.0000,41.0000
175.0000,800.5000,16.0000,41.0000
175.0000,800.5000,16.0000,41.0000
168.0000,800.5000,16.0000,41.0000
809.7512,143.0012,58.4975,70.9975
821.4706,138.7206,59.0588,71.5588
822.9288,153.6788,36.1425,48.6425
176.0000,800.5000,16.0000,41.0000
176.0000,800.5000,16.0000,41.0000
811.5119,169.2619,28.9762,41.4762
809.8787,156.1287,46.2426,58.7426
813.0245,168.7745,30.9510,43.4510
176.0000,800.5000,16.0000,41.0000
192.0000,814.5000,16.0000,41.0000
176.0000,800.5000,16.0000,41.0000
818.7168,153.9668,47.5664,60.0664
176.0000,801.5000,16.0000,41.0000
819.0129,162.2629,36.9741,49.4741
811.2459,163.9959,38.5082,51.0082
816.2654,153.5155,52.4691,64.9691
804.3810,165.6310,31.2379,43.7379
176.0000,800.5000,16.0000,41.0000
808.2098,163.9598,37.5804,50.0804
804.8849,154.6349,60.2303,72.7303
823.3784,157.6284,49.2432,61.7432
176.0000,801.5000,16.0000,41.0000
817.0514,169.8014,18.8972,31.3972
812.5983,170.3483,30.8035,43.3035
811.1505,157.4005,52.6990,65.1990
836.6501,143.4001,75.6997,88.1997
823.5742,153.8242,61.8516,74.3516
816.9240,157.1740,54.1519,66.6519
815.9002,155.6502,58.1996,70.6996
808.9232,158.1732,60.1536,72.6536
811.9432,162.1932,63.1135,75.6135
815.8375,168.5875,54.3249,66.8249
819.9272,165.6772,56.1456,68.6456
822.4412,164.1912,59.1175,71.6175
821.8394,162.0894,67.3212,79.8212
841.0123,154.2623,68.9754,81.4754
825.7596,156.5096,66.4808,78.9808
816.4447,156.6947,69.1106,81.6106
827.4282,157.1782,68.1436,80.6436
815.8408,158.0908,73.3185,85.8185
824.8281,158.5781,66.3438,78.8438
820.1608,154.4108,74.6783,87.1783
821.2129,156.4629,63.5743,76.0743
819.6317,153.3817,66.7367,79.2367
809.0770,153.8270,59.8459,72.3459
815.8281,152.5781,66.3438,78.8438
815.8742,148.6242,67.2516,79.7516
814.6871,148.4371,73.6258,86.1258
816.1566,153.9066,71.6867,84.1867
827.8723,152.6223,71.2554,83.7554
818.9566,154.7066,67.0868,79.5868
829.8089,151.5589,67.3822,79.8822
829.1500,154.3999,63.7001,76.2001
827.2133,151.4633,67.5735,80.0735
831.8338,153.0838,68.3324,80.8324
843.0108,154.2608,65.9784,78.4784
844.7965,151.0465,68.4070,80.9070
840.7874,155.5374,56.4252,68.9252
848.7902,153.0403,65.4195,77.9195
876.1282,165.8782,32.7437,45.2437
858.1421,158.3921,52.7158,65.2158
845.0969,157.3469,60.8063,73.3063
841.3683,155.6184,62.2632,74.7632
833.8754,161.1253,54.2493,66.7493
845.2144,173.9643,32.5713,45.0713
860.2703,173.0203,26.4594,38.9594
192.0000,844.5000,16.0000,41.0000
176.0000,858.5000,16.0000,41.0000
847.6909,164.4409,36.6182,49.1182
192.0000,844.5000,16.0000,41.0000
845.6339,174.8839,23.7321,36.2321
176.0000,858.5000,16.0000,41.0000
184.0000,844.5000,16.0000,41.0000
191.0000,815.5000,16.0000,41.0000
830.3859,171.1358,38.2283,50.7283
826.6194,167.8694,49.7612,62.2612
842.9109,169.1609,43.1781,55.6781
192.0000,844.5000,16.0000,41.0000
192.0000,844.5000,16.0000,41.0000
832.8754,174.1255,42.2491,54.7491
841.5443,174.2942,24.9115,37.4115
192.0000,844.5000,16.0000,41.0000
192.0000,815.5000,16.0000,41.0000
191.0000,844.5000,16.0000,41.0000
176.0000,859.5000,16.0000,41.0000
184.0000,844.5000,16.0000,41.0000
840.0372,160.2872,44.9256,57.4256
841.2917,162.0417,45.4166,57.9166
784.5042,460.2542,66.9915,79.4915
842.5071,164.7571,42.9857,55.4857
871.1147,170.8647,24.7705,37.2705
868.6152,157.3652,44.7696,57.2696
863.2621,150.5121,54.4758,66.9758
795.5061,489.2561,48.9878,61.4878
864.5312,142.2813,73.9375,86.4375
855.6526,148.4026,69.6948,82.1948
787.5975,478.3475,59.8049,72.3049
783.4344,471.6844,67.1312,79.6312
784.9143,466.1643,75.1714,87.6714
855.1986,157.4486,50.6028,63.1028
852.7868,157.5368,50.4264,62.9264
786.2609,478.0109,59.4781,71.9781
863.1385,151.3885,64.7230,77.2230
845.8953,155.6452,61.2095,73.7095
862.4308,157.1808,54.1384,66.6384
890.5212,150.2712,63.9576,76.4576
880.8591,160.6091,54.2817,66.7817
798.3798,494.6298,37.2404,49.7404
789.2872,482.0372,68.4256,80.9256
787.2954,470.0454,75.4092,87.9092
866.8988,151.1488,61.2024,73.7024
785.0734,479.8235,76.8531,89.3531
804.0450,500.7950,57.9099,70.4099
865.9077,150.1577,58.1847,70.6847
854.6108,156.3607,50.7785,63.2785
863.3754,158.6254,50.2493,62.7493
899.0000,172.2500,26.0000,38.5000
880.1480,160.3980,46.7040,59.2040
815.4348,502.6847,29.1305,41.6305
804.4246,486.6746,61.1507,73.6507
192.0000,873.5000,16.0000,41.0000
871.1080,188.8580,21.7840,34.2840
192.0000,844.5000,16.0000,41.0000
810.9973,523.2473,54.0054,66.5054
808.5312,516.2812,57.9375,70.4375
809.5568,514.3068,61.8865,74.3865
811.8505,517.6005,58.2991,70.7991
192.0000,902.5000,16.0000,41.0000
827.6508,532.9008,37.6985,50.1985
824.7741,527.5241,49.4518,61.9518
815.3829,502.6329,57.2341,69.7341
884.6076,167.3576,53.7848,66.2848
192.0000,902.5000,16.0000,41.0000
821.3615,533.1115,53.2769,65.7769
906.8972,166.1471,48.2057,60.7057
825.4116,550.1616,39.1769,51.6769
905.0400,176.2901,32.9199,45.4199
899.6369,174.8869,40.7261,53.2261
819.7178,534.9678,56.5644,69.0644
824.5391,534.2891,47.9218,60.4218
812.8151,528.5651,69.3698,81.8698
818.8239,545.0739,49.3521,61.8521
831.7437,548.9937,37.5127,50.0127
817.4365,533.6865,65.1271,77.6271
894.3024,160.0524,72.3953,84.8953
900.1771,155.4271,82.6458,95.1458
901.7341,153.4841,82.5319,95.0319
893.6594,151.4094,84.6812,97.1812
910.7805,161.5305,65.4391,77.9391
895.8577,166.1077,72.2845,84.7845
893.1833,161.4333,74.6333,87.1333
895.1107,155.3607,85.7785,98.2785
901.1367,162.8866,73.7267,86.2267
895.3884,159.6384,74.2231,86.7231
899.3130,154.5630,76.3740,88.8740
894.3884,149.6384,74.2231,86.7231
899.4214,153.1714,66.1571,78.6571
889.0686,154.3186,69.8628,82.3628
894.4590,155.7090,69.0819,81.5819
890.2116,153.9616,71.5767,84.0767
891.7440,146.9940,81.5119,94.0119
902.3024,153.5524,66.3952,78.8952
892.6683,150.9183,74.6633,87.1633
895.9984,147.2484,85.0033,97.5033
898.8229,139.5729,83.3542,95.8542
893.1588,145.9087,80.6825,93.1825
884.7573,145.0074,84.4853,96.9853
890.1747,145.9247,83.6505,96.1505
879.5035,151.7535,78.9930,91.4930
885.9215,154.1715,78.1570,90.6570
887.2645,156.5145,72.4709,84.9709
874.1294,148.8794,82.7412,95.2412
875.9721,159.7221,73.0557,85.5557
876.2015,157.4515,68.5970,81.0970
856.4048,159.6548,67.1904,79.6904
855.8915,160.6415,73.2169,85.7169
858.8592,156.1092,78.2816,90.7816
862.3185,146.0685,86.3629,98.8629
853.9048,159.1548,67.1904,79.6904
861.3167,160.5667,61.3667,73.8667
856.1880,148.9380,79.6240,92.1240
867.7250,151.9750,75.5500,88.0500
869.3912,146.6412,78.2175,90.7175
872.4500,145.2000,83.0999,95.5999
861.3513,150.6012,86.2975,98.7975
858.3875,155.1375,84.2250,96.7250
857.9219,156.1720,80.1561,92.6561
852.3403,162.0903,83.3193,95.8193
850.6871,160.4371,78.6258,91.1258
868.2062,161.4562,86.5875,99.0875
840.6932,156.4432,90.6136,103.1136
861.5341,163.7841,73.9318,86.4318
859.7961,166.0461,74.4078,86.9078
862.8060,160.0560,89.3880,101.8880
875.6795,158.9295,81.6410,94.1410
891.8915,172.6415,73.2169,85.7169
888.2490,175.4990,72.5019,85.0019
884.3411,181.0910,68.3179,80.8179
890.7185,187.9685,65.5630,78.0630
880.0351,173.7851,80.9298,93.4298
884.5469,190.2969,67.9062,80.4062
880.2401,191.9901,58.5198,71.0198
879.6438,194.8938,68.7124,81.2124
879.1271,186.3771,74.7458,87.2458
877.9683,189.7183,69.0635,81.5635
871.7825,198.5325,73.4351,85.9351
878.0075,194.7575,82.9850,95.4850
866.7588,199.0088,86.4825,98.9825
851.9615,199.2116,86.0769,98.5769
875.5812,201.8313,84.8375,97.3375
868.1911,200.9411,86.6177,99.1177
887.1937,205.4438,93.6125,106.1125
879.3798,202.1298,89.2404,101.7404
872.9628,210.7129,82.0743,94.5743
873.3322,210.5821,89.3357,101.8357
871.4445,208.6945,89.1110,101.6110
876.5378,210.7878,83.9243,96.4243
873.4877,210.2377,89.0247,101.5247
877.6334,219.3833,84.7333,97.2333
884.4417,221.6917,68.1166,80.6166
898.4830,220.7330,74.0341,86.5341
888.1216,228.3716,76.7568,89.2568
888.4292,213.1792,90.1416,102.6416
880.5875,213.3374,90.8251,103.3251
885.8542,219.1042,73.2917,85.7917
876.2106,218.9606,74.5789,87.0789
879.3698,212.6198,77.2604,89.7604
871.5060,224.7560,70.9881,83.4881
878.4365,230.6865,65.1271,77.6271
892.0015,227.7514,50.9971,63.4971
870.0715,237.8215,63.8570,76.3570
873.3293,248.0793,58.3413,70.8413
869.6833,238.4333,74.6333,87.1333
855.4844,221.7344,88.0312,100.5312
857.5036,231.7536,76.9928,89.4928
864.6277,243.8777,59.7446,72.2446
852.0380,255.7879,68.9241,81.4241
856.6462,247.8962,73.7077,86.2077
858.7006,249.9506,72.5988,85.0988
871.0186,252.2685,61.9630,74.4630
882.2221,242.9721,77.5557,90.0557
891.2062,223.4562,86.5875,99.0875
898.5378,231.7878,83.9243,96.4243
884.5500,247.3000,82.8999,95.3999
880.4222,260.1722,69.1555,81.6555
893.0557,263.8057,62.8885,75.3885
895.1146,257.3646,78.7708,91.2708
909.1002,249.8501,77.7997,90.2997
919.6174,246.3674,79.7652,92.2652
945.3006,242.0506,73.3988,85.8988
942.5591,256.3091,61.8818,74.3818
928.8129,253.0629,86.3741,98.8741
935.2293,241.4793,83.5414,96.0414
924.8336,250.5836,98.3327,110.8327
935.3912,277.6412,78.2175,90.7175
919.2377,293.4877,84.5245,97.0245
943.4047,273.1547,82.1906,94.6906
956.8915,266.6415,73.2169,85.7169
950.4474,266.6974,84.1052,96.6052
966.1548,269.9048,75.6905,88.1905
952.9092,282.6592,74.1816,86.6816
951.4042,288.1543,66.1915,78.6915
946.9792,271.7292,89.0417,101.5417
948.9913,275.7413,87.0174,99.5174
961.7372,285.9872,81.5255,94.0255
959.7646,283.0146,89.4709,101.9709
956.8047,286.0547,91.3906,103.8906
941.5120,301.7621,90.9759,103.4759
950.3518,302.1018,96.2964,108.7964
967.6422,297.8922,81.7157,94.2157
990.6252,289.8752,80.7496,93.2496
994.6252,283.8752,76.7495,89.2495
983.0000,295.7500,70.0000,82.5000
1004.7839,302.5339,37.4321,49.9321
984.5000,295.2500,67.0000,79.5000
966.6948,310.9448,72.6104,85.1104
958.1038,315.8537,80.7925,93.2925
965.7646,317.0146,89.4709,101.9709
973.3920,308.6421,82.2159,94.7159
994.8873,312.1373,70.2254,82.7254
997.3693,327.1193,71.2614,83.7614
1010.3571,333.1070,66.2859,78.7859
996.5670,339.3170,78.8661,91.3661
1017.7471,320.4971,72.5058,85.0058
1021.0205,328.2705,74.9589,87.4589
388.0000,1047.5000,16.0000,41.0000
404.0000,1033.5000,16.0000,41.0000
397.0000,1033.5000,16.0000,41.0000
632.0000,339.5000,16.0000,41.0000
632.0000,339.5000,16.0000,41.0000
632.0000,339.5000,16.0000,41.0000
404.0000,1077.5000,16.0000,41.0000
405.0000,1077.5000,16.0000,41.0000
632.0000,339.5000,16.0000,41.0000
421.0000,1077.5000,16.0000,41.0000
632.0000,339.5000,16.0000,41.0000
632.0000,339.5000,16.0000,41.0000
632.0000,339.5000,16.0000,41.0000
632.0000,339.5000,16.0000,41.0000
632.0000,339.5000,16.0000,41.0000
632.0000,339.5000,16.0000,41.0000
632.0000,339.5000,16.0000,41.0000
632.0000,339.5000,16.0000,41.0000
632.0000,339.5000,16.0000,41.0000
632.0000,339.5000,16.0000,41.0000
632.0000,339.5000,16.0000,41.0000
632.0000,339.5000,16.0000,41.0000
632.0000,339.5000,16.0000,41.0000
632.0000,339.5000,16.0000,41.0000
632.0000,339.5000,16.0000,41.0000
632.0000,339.5000,16.0000,41.0000
632.0000,339.5000,16.0000,41.0000
632.0000,339.5000,16.0000,41.0000
632.0000,339.5000,16.0000,41.0000
632.0000,339.5000,16.0000,41.0000
632.0000,339.5000,16.0000,41.0000
632.0000,339.5000,16.0000,41.0000
632.0000,339.5000,16.0000,41.0000
632.0000,339.5000,16.0000,41.0000
632.0000,339.5000,16.0000,41.0000
632.0000,339.5000,16.0000,41.0000
632.0000,339.5000,16.0000,41.0000
632.0000,339.5000,16.0000,41.0000
632.0000,339.5000,16.0000,41.0000
632.0000,339.5000,16.0000,41.0000
632.0000,339.5000,16.0000,41.0000
632.0000,339.5000,16.0000,41.0000
632.0000,339.5000,16.0000,41.0000
632.0000,339.5000,16.0000,41.0000
632.0000,339.5000,16.0000,41.0000
632.0000,339.5000,16.0000,41.0000
632.0000,339.5000,16.0000,41.0000
632.0000,339.5000,16.0000,41.0000
632.0000,339.5000,16.0000,41.0000
632.0000,339.5000,16.0000,41.0000
632.0000,339.5000,16.0000,41.0000
632.0000,339.5000,16.0000,41.0000
632.0000,339.5000,16.0000,41.0000
632.0000,339.5000,16.0000,41.0000
632.0000,339.5000,16.0000,41.0000
632.0000,339.5000,16.0000,41.0000
632.0000,339.5000,16.0000,41.0000
632.0000,339.5000,16.0000,41.0000
632.0000,339.5000,16.0000,41.0000
632.0000,339.5000,16.0000,41.0000
632.0000,339.5000,16.0000,41.0000
632.0000,339.5000,16.0000,41.0000
632.0000,339.5000,16.0000,41.0000
632.0000,339.5000,16.0000,41.0000
632.0000,339.5000,16.0000,41.0000
632.0000,339.5000,16.0000,41.0000
632.0000,339.5000,16.0000,41.0000
632.0000,339.5000,16.0000,41.0000
632.0000,339.5000,16.0000,41.0000
632.0000,339.5000,16.0000,41.0000
632.0000,339.5000,16.0000,41.0000
632.0000,339.5000,16.0000,41.0000
632.0000,339.5000,16.0000,41.0000
632.0000,339.5000,16.0000,41.0000
632.0000,339.5000,16.0000,41.0000
632.0000,339.5000,16.0000,41.0000
632.0000,339.5000,16.0000,41.0000
632.0000,339.5000,16.0000,41.0000
632.0000,339.5000,16.0000,41.0000
632.0000,339.5000,16.0000,41.0000
632.0000,339.5000,16.0000,41.0000
632.0000,339.5000,16.0000,41.0000
632.0000,339.5000,16.0000,41.0000
632.0000,339.5000,16.0000,41.0000
632.0000,339.5000,16.0000,41.0000
632.0000,339.5000,16.0000,41.0000
632.0000,339.5000,16.0000,41.0000
632.0000,339.5000,16.0000,41.0000
632.0000,339.5000,16.0000,41.0000
632.0000,339.5000,16.0000,41.0000
632.0000,339.5000,16.0000,41.0000
632.0000,339.5000,16.0000,41.0000
632.0000,339.5000,16.0000,41.0000
632.0000,339.5000,16.0000,41.0000
632.0000,339.5000,16.0000,41.0000
632.0000,339.5000,16.0000,41.0000
632.0000,339.5000,16.0000,41.0000
632.0000,339.5000,16.0000,41.0000
632.0000,339.5000,16.0000,41.0000
632.0000,339.5000,16.0000,41.0000
632.0000,339.5000,16.0000,41.0000
632.0000,339.5000,16.0000,41.0000
632.0000,339.5000,16.0000,41.0000
632.0000,339.5000,16.0000,41.0000
632.0000,339.5000,16.0000,41.0000
632.0000,339.5000,16.0000,41.0000
632.0000,339.5000,16.0000,41.0000
632.0000,339.5000,16.0000,41.0000
632.0000,339.5000,16.0000,41.0000
632.0000,339.5000,16.0000,41.0000
632.0000,339.5000,16.0000,41.0000
632.0000,339.5000,16.0000,41.0000
632.0000,339.5000,16.0000,41.0000
632.0000,339.5000,16.0000,41.0000
632.0000,339.5000,16.0000,41.0000
632.0000,339.5000,16.0000,41.0000
632.0000,339.5000,16.0000,41.0000
632.0000,339.5000,16.0000,41.0000
632.0000,339.5000,16.0000,41.0000
632.0000,339.5000,16.0000,41.0000
632.0000,339.5000,16.0000,41.0000
632.0000,339.5000,16.0000,41.0000
632.0000,339.5000,16.0000,41.0000
632.0000,339.5000,16.0000,41.0000
632.0000,339.5000,16.0000,41.0000
632.0000,339.5000,16.0000,41.0000
632.0000,339.5000,16.0000,41.0000
632.0000,339.5000,16.0000,41.0000
632.0000,339.5000,16.0000,41.0000
632.0000,339.5000,16.0000,41.0000
632.0000,339.5000,16.0000,41.0000
632.0000,339.5000,16.0000,41.0000
632.0000,339.5000,16.0000,41.0000
632.0000,339.5000,16.0000,41.0000
632.0000,339.5000,16.0000,41.0000
632.0000,339.5000,16.0000,41.0000
632.0000,339.5000,16.0000,41.0000
632.0000,339.5000,16.0000,41.0000
632.0000,339.5000,16.0000,41.0000
632.0000,339.5000,16.0000,41.0000
632.0000,339.5000,16.0000,41.0000
632.0000,339.5000,16.0000,41.0000
632.0000,339.5000,16.0000,41.0000
632.0000,339.5000,16.0000,41.0000
632.0000,339.5000,16.0000,41.0000
632.0000,339.5000,16.0000,41.0000
632.0000,339.5000,16.0000,41.0000
632.0000,339.5000,16.0000,41.0000
632.0000,339.5000,16.0000,41.0000
632.0000,339.5000,16.0000,41.0000
632.0000,339.5000,16.0000,41.0000
632.0000,339.5000,16.0000,41.0000
632.0000,339.5000,16.0000,41.0000
632.0000,339.5000,16.0000,41.0000
632.0000,339.5000,16.0000,41.0000
632.0000,339.5000,16.0000,41.0000
632.0000,339.5000,16.0000,41.0000
632.0000,339.5000,16.0000,41.0000
632.0000,339.5000,16.0000,41.0000
396.0000,917.5000,16.0000,41.0000
632.0000,339.5000,16.0000,41.0000
632.0000,339.5000,16.0000,41.0000
364.0000,917.5000,16.0000,41.0000
315.0000,931.5000,16.0000,41.0000
290.0000,960.5000,16.0000,41.0000
241.0000,961.5000,16.0000,41.0000
257.0000,931.5000,16.0000,41.0000
257.0000,960.5000,16.0000,41.0000
257.0000,960.5000,16.0000,41.0000
632.0000,339.5000,16.0000,41.0000
209.0000,961.5000,16.0000,41.0000
217.0000,960.5000,16.0000,41.0000
632.0000,339.5000,16.0000,41.0000
632.0000,339.5000,16.0000,41.0000
632.0000,339.5000,16.0000,41.0000
241.0000,960.5000,16.0000,41.0000
632.0000,339.5000,16.0000,41.0000
356.0000,931.5000,16.0000,41.0000
355.0000,931.5000,16.0000,41.0000
944.5000,285.2500,15.0000,27.5000
290.0000,931.5000,16.0000,41.0000
257.0000,931.5000,16.0000,41.0000
