0.539709
0.032953
0.049062
0.035419
0.044766
0.029626
0.060067
0.046615
0.045595
0.027198
0.035203
0.031738
0.027767
0.028522
0.032845
0.030223
0.044095
0.047451
0.029517
0.028992
0.024449
0.023973
0.023849
0.027958
0.047464
0.017844
0.021158
0.024392
0.025338
0.036017
0.035498
0.041232
0.038187
0.040014
0.037054
0.043921
0.038322
0.039988
0.041556
0.041963
0.038182
0.038026
0.044447
0.038454
0.050919
0.030062
0.022575
0.027180
0.024119
0.040298
0.030221
0.048707
0.051204
0.033760
0.030492
0.030691
0.030208
0.031353
0.030876
0.032966
0.045084
0.060559
0.044116
0.032949
0.037777
0.051493
0.060088
0.041894
0.043348
0.042138
0.041674
0.039910
0.042228
0.063390
0.040246
0.059440
0.042323
0.042106
0.039874
0.070697
0.056862
0.038638
0.043195
0.043048
0.064973
0.042635
0.041239
0.059369
0.042196
0.046277
0.064939
0.050243
0.060835
0.040660
0.045608
0.040766
0.021637
0.022433
0.030779
0.030610
0.021940
0.031571
0.039846
0.039620
0.039288
0.038239
0.021990
0.036820
0.039142
0.042578
0.034546
0.030895
0.029082
0.030315
0.034723
0.035873
0.032775
0.031138
0.025539
0.030734
0.037912
0.040864
0.028502
0.021722
0.018462
0.036460
0.038662
0.038485
0.030983
0.027437
0.026876
0.023840
0.037756
0.042424
0.025056
0.034915
0.024039
0.029606
0.023806
0.030467
0.027797
0.032196
0.018921
0.020666
0.029172
0.024168
0.016955
0.021290
0.032520
0.032787
0.029640
0.017554
0.017604
0.018942
0.017085
0.027294
0.027226
0.037953
0.015235
0.015608
0.018224
0.016388
0.021147
0.026360
0.033548
0.016355
0.015362
0.017362
0.017035
0.017761
0.016085
0.018280
0.033145
0.029032
0.019855
0.016049
0.022734
0.021712
0.020963
0.017171
0.027099
0.025422
0.029498
0.019549
0.015431
0.016022
0.016446
0.016457
0.017305
0.035267
0.023203
0.038280
0.034967
0.020762
0.020654
0.020105
0.023596
0.022530
0.023231
0.041456
0.020498
0.020962
0.031276
0.027064
0.025365
0.019592
0.016923
0.024408
0.017219
0.016931
0.047520
0.036976
0.026973
0.026309
0.035811
0.033216
0.019100
0.019231
0.018525
0.027186
0.028659
0.033422
0.032339
0.025600
0.025858
0.030151
0.029887
0.039459
0.020045
0.028640
0.030169
0.037212
0.026464
0.015234
0.031906
0.030468
0.027323
0.022059
0.023488
0.020504
0.022940
0.020413
0.020316
0.020690
0.022001
0.025166
0.025912
0.026595
0.024033
0.029252
0.023780
0.029952
0.023321
0.025824
0.024347
0.023953
0.029111
0.031184
0.038816
0.039729
0.020916
0.022523
0.036068
0.031840
0.021047
0.027813
0.020809
0.040515
0.038616
0.020920
0.032105
0.033341
0.027685
0.036926
0.025143
0.024898
0.023877
0.024915
0.023856
0.027097
0.028291
0.025857
0.024863
0.041676
0.031559
0.028341
0.058219
0.046636
0.030114
0.019201
0.018864
0.019890
0.025828
0.030103
0.030974
0.034765
0.032973
0.032758
0.037642
0.037244
0.034658
0.034178
0.034608
0.033993
0.047771
0.036052
0.052124
0.034279
0.036303
0.037357
0.035920
0.049561
0.037626
0.036792
0.034793
0.035747
0.036371
0.054697
0.036743
0.035180
0.035057
0.037277
0.053988
0.048462
0.035352
0.035627
0.038146
0.054622
0.051702
0.043721
0.050248
0.040583
0.045429
0.039140
0.041601
0.040630
0.061780
0.039992
0.040997
0.043196
0.047784
0.027486
0.029159
0.029111
0.047916
0.046952
0.041675
0.041141
0.019648
0.044620
0.044845
0.048501
0.044306
0.022013
0.026670
0.024432
0.024719
0.023477
0.028428
0.024343
0.024401
0.024241
0.027424
0.025588
0.028251
0.031498
0.034435
0.032396
0.033260
0.032684
0.033057
0.053202
0.044642
0.038386
0.038289
0.035326
0.034438
0.038384
0.038670
0.036070
0.036392
0.038116
0.039844
0.035196
0.029284
0.041047
0.032358
0.036433
0.035020
0.038460
0.035791
0.040148
0.042142
0.043447
0.041225
0.043293
0.040745
0.041364
0.046146
0.040351
0.046030
0.043242
0.041470
0.044291
0.035145
0.037819
0.039140
0.039822
0.042904
0.044425
0.040325
0.040209
0.041751
0.040122
0.037828
0.040536
0.043084
0.041661
0.040295
0.042259
0.039956
0.041521
0.040051
0.042408
0.043148
0.040638
0.040334
0.040814
0.042461
0.040018
0.041750
0.040131
0.043640
0.041111
0.044155
0.041395
0.040231
0.041159
0.039870
0.040856
0.040940
0.041004
0.041339
0.040319
0.039906
0.041050
0.039217
0.037178
0.038968
0.040041
0.042723
0.042238
0.041739
0.042953
0.037340
0.045098
0.035785
0.037304
0.037874
0.039876
0.044483
0.045546
0.053169
0.045267
0.031443
0.046323
0.040885
0.038950
0.042291
0.039591
0.040124
0.040551
0.038679
0.036129
0.045188
0.039838
0.050472
0.039446
0.079135
0.056804
0.044422
0.062209
0.047276
0.038126
0.057616
0.039584
0.042432
0.020580
0.013818
0.019901
0.013678
0.023964
0.016989
0.015577
0.017726
0.018785
0.021134
0.015434
0.016696
0.020271
0.016813
0.021744
0.032237
0.025368
0.016382
0.016380
0.018882
0.017998
0.017067
0.016223
0.017542
0.028250
0.028677
0.016387
0.017458
0.019932
0.018242
0.017655
0.018218
0.021142
0.018093
0.018264
0.019377
0.019071
0.029151
0.020604
0.011766
0.012814
0.015276
0.013418
0.015697
0.030147
0.035955
0.029132
0.032514
0.016448
0.016296
0.016319
0.016873
0.035555
0.036886
0.025174
0.019666
0.022104
0.022335
0.019254
0.021336
0.024067
0.019953
0.019451
0.019435
0.020325
0.021167
0.021081
0.019996
0.019573
0.033373
0.027621
0.028025
0.025265
0.023731
0.022316
0.022105
0.025094
0.033253
0.025677
0.024869
0.025374
0.037577
0.035312
0.031500
0.025617
0.025180
0.025759
0.025029
0.033662
0.047427
0.026857
0.024777
0.024852
0.030475
0.032796
0.025284
0.027311
0.027204
0.027335
0.025558
0.024829
0.038565
0.039495
0.038342
0.038145
0.037920
0.040194
0.037899
0.040369
0.042856
0.046056
0.039965
0.056799
0.046972
0.042175
0.043391
0.043133
0.040096
0.043893
0.044863
0.039800
0.042940
0.042594
0.040985
0.039675
0.038887
0.034911
0.041764
0.032773
0.030634
0.029993
0.029858
0.042305
0.024783
0.023747
0.026286
0.034446
0.043682
0.042813
0.050129
0.044803
0.042092
0.040554
0.039964
0.044418
0.045647
0.031133
0.035167
0.032818
0.035506
0.051335
0.037366
0.032770
0.034528
0.036212
0.040322
0.033733
0.045142
0.032700
0.033760
0.034303
0.033721
0.040737
0.033170
0.033451
0.035829
0.036725
0.041898
0.041244
0.033338
0.035476
0.034138
0.039171
0.037284
0.035542
0.032768
0.033489
0.033226
0.033001
0.030589
0.030423
0.042385
0.031348
0.031532
0.033126
0.034255
0.033958
0.033723
0.033338
0.038211
0.032590
0.032493
0.022463
0.028290
0.028758
0.029611
0.031700
0.045223
0.035918
0.041935
0.040492
0.042665
0.046667
0.057523
0.052479
0.030929
0.033599
0.032667
0.035746
0.032947
0.035962
0.032768
0.039054
0.036020
0.036074
0.034852
0.035139
0.038126
0.035908
0.038448
0.039077
0.041114
0.039747
0.041323
0.040117
0.043736
0.041374
0.030447
0.028116
0.041089
0.028754
0.032445
0.041580
0.029571
0.049169
0.028771
0.042159
0.037863
0.029347
0.031896
0.028651
0.031046
0.028375
0.035341
0.028668
0.030802
0.034284
0.029544
0.038456
0.039860
0.028810
0.030056
0.032617
0.030618
0.032614
0.030571
0.033218
0.030464
0.031054
0.031221
0.035550
0.031502
0.030722
0.030047
0.033734
0.030618
0.036689
0.030933
0.031253
0.031333
0.029216
0.028428
0.028251
0.030113
0.034821
0.031732
0.028607
0.030846
0.028467
0.028116
0.028161
0.033753
0.037913
0.030185
0.035712
0.032437
0.030797
0.031806
0.033678
0.031846
0.031583
0.036005
0.033262
0.031539
0.032069
0.032060
0.034350
0.028160
0.028675
0.030304
0.038211
0.030704
0.028639
0.030583
0.030529
0.029278
0.028586
0.039393
0.030573
0.028271
0.029372
0.028773
0.028171
0.029220
0.028773
0.028331
0.033691
0.028628
0.036696
0.033059
0.031848
0.035991
0.040762
0.033201
0.039918
0.046911
0.032573
0.035662
0.032816
0.032369
0.031902
0.031674
0.031522
0.033072
0.039910
0.031521
0.042542
0.034216
0.029099
0.032401
0.031752
0.032784
0.025826
0.048087
0.046049
0.036789
0.032487
0.031859
0.031767
0.041501
0.039596
0.045345
0.048167
0.048500
0.049091
0.032907
0.031567
0.031525
0.033515
0.038901
0.026136
0.026349
0.027101
0.027540
0.033881
0.029295
0.028931
0.030375
0.029415
0.030870
0.030438
0.029782
0.028981
0.034210
0.029376
0.029029
0.042770
0.032513
0.029019
0.032089
0.032388
0.029146
0.028977
0.030193
0.032288
0.029104
0.031024
0.029803
0.029744
0.031829
0.035001
0.032105
0.031505
0.035262
0.031854
0.044703
0.031663
0.031819
0.033870
0.031903
0.033503
0.034747
0.034894
0.031993
0.031057
0.028407
0.029990
0.029071
0.028590
0.033484
0.029231
0.029608
0.029639
0.029313
0.031658
0.025299
0.031921
0.051152
0.032308
0.047642
0.033526
0.045816
0.031804
0.031476
0.034063
0.032056
0.035227
0.031574
0.036872
0.031861
0.033994
0.032706
0.045785
0.032572
0.048232
0.045501
0.039020
0.031723
0.045745
0.032112
0.035757
0.031641
0.031579
0.031305
0.031879
0.042585
0.030945
0.031548
0.032985
0.032381
0.032492
0.033392
0.046004
0.031700
0.031985
0.046180
0.045691
0.031842
0.034794
0.032937
0.033831
0.032933
0.031723
0.048242
0.032110
0.046784
0.034399
0.032106
0.031609
0.034186
0.031860
0.032055
0.034120
0.031629
0.046153
0.053350
0.031356
0.025457
0.037145
0.029171
0.029024
0.047741
0.044434
0.032605
0.031099
0.043309
0.029627
0.044871
0.031509
0.033527
0.032860
0.032000
0.031991
0.032216
0.032360
0.033665
0.041461
0.031492
0.032093
0.039700
0.047053
0.046781
0.041983
0.033352
0.032121
0.032555
0.033820
0.032180
0.031980
0.034060
0.034054
0.031857
0.038877
0.034683
0.032970
0.031697
0.032175
0.034019
0.031950
0.031611
0.033836
0.030873
0.027791
0.035360
0.033121
0.029177
0.029029
0.031956
0.035473
0.034173
0.028972
0.036354
0.046560
0.045063
0.030398
0.029550
0.028996
0.037260
0.031743
0.032327
0.033137
0.033821
0.042196
0.047201
0.038774
0.034258
0.031621
0.035931
0.042896
0.033184
0.031783
0.031692
0.031489
0.033894
0.033738
0.033690
0.031739
0.032705
0.047248
0.053007
0.047943
0.033961
0.031751
0.034852
0.034122
0.031848
0.034351
0.031684
0.032061
0.046589
0.055039
0.050350
0.034169
0.049001
0.067342
0.055912
0.045792
0.047121
0.046959
0.032007
0.033891
0.034386
0.032512
0.031952
0.043038
0.033184
0.034085
0.032992
0.034441
0.031578
0.043764
0.047986
0.036525
0.036917
0.029484
0.029512
0.029401
0.031549
0.026467
0.030129
0.030013
0.031402
0.031974
0.029721
0.046061
0.032770
0.043036
0.045071
0.029754
0.046210
0.044533
0.042982
0.057212
0.043350
0.043056
0.042904
0.034827
0.030161
0.043656
0.043088
0.045590
0.042944
0.043078
0.043649
0.044159
0.036347
0.043565
0.046088
0.047267
0.058168
0.044430
0.029501
0.029996
0.049328
0.029401
0.032039
0.032372
0.036325
0.039439
0.029307
0.044452
0.043623
0.033634
0.033786
0.048543
0.050726
0.046901
0.046165
0.046964
0.049949
0.046014
0.047407
0.046470
0.053244
0.051197
0.048911
0.054710
0.051183
0.049955
0.046691
0.048468
0.055340
0.047081
0.047310
0.046832
0.046082
0.043590
0.046517
0.046789
0.046109
0.049989
0.046095
0.046119
0.048238
0.046037
0.046061
0.047769
0.046212
0.045929
0.048675
0.046018
0.048645
0.048530
0.046482
0.047695
0.045981
0.048955
0.046067
0.051141
0.049205
0.046357
0.049250
0.027340
0.049669
0.045809
0.053334
0.046472
0.052521
0.047345
0.049945
0.047543
0.045924
0.048427
0.045904
0.050783
0.045943
0.047037
0.046489
0.048903
0.047425
0.050296
0.051309
0.046093
0.048156
0.047133
0.048610
0.046384
0.050626
0.048353
0.046151
0.047522
0.046827
0.043269
0.045982
0.039888
0.043563
0.043922
0.041300
0.047000
0.046054
0.047897
0.045977
0.049363
0.045999
0.052402
0.047942
0.048233
0.045508
0.043630
0.044918
0.041323
0.042246
0.044817
0.048265
0.046378
0.049477
0.049146
0.046316
0.046804
0.048371
0.046064
0.046398
0.045721
0.047960
0.046450
0.046429
0.050644
0.046337
0.045788
0.049270
0.046168
0.050592
0.049441
0.048094
0.046162
0.049751
0.045673
0.046382
0.046776
0.046141
0.047114
0.046731
0.046461
0.046096
0.049377
0.045675
0.049730
0.046495
0.047644
0.047086
0.045976
0.047511
0.050954
0.047010
0.046540
0.045222
0.046576
0.047147
0.047237
0.046353
0.046028
0.046754
0.047701
0.046280
0.046156
0.050991
0.046384
0.046220
0.046704
0.039499
0.033072
0.044776
0.046332
0.049915
0.049383
0.048299
0.046293
0.049585
0.045995
0.047944
0.046323
0.047724
0.050163
0.046917
0.048060
0.048037
0.046144
0.046546
0.050020
0.045865
0.048207
0.047211
0.045985
0.046868
0.046696
0.045863
0.046932
0.048224
0.047685
0.051385
0.045803
0.047495
0.046321
0.046733
0.048726
0.047518
0.046167
0.045894
0.046247
0.047365
0.056356
0.045666
0.061096
0.038913
0.043514
0.047107
0.046897
0.046944
0.054976
0.045943
0.046097
0.048155
0.048525
0.046476
0.047154
0.049530
0.046806
0.046135
0.048023
0.046041
0.045915
0.046037
0.048601
0.046466
0.046154
0.045867
0.040593
0.046952
0.046683
0.047496
0.049532
0.046682
0.047978
0.052722
0.062562
0.046683
0.047928
0.055668
0.049450
0.048813
0.046592
0.058648
0.049567
0.048820
0.045946
0.045754
0.047101
0.050348
0.046005
0.047660
0.046306
0.045880
0.046084
0.047092
0.046413
0.057457
0.045850
0.050981
0.046291
0.050068
0.046875
0.034847
0.047480
0.046565
0.055274
0.046216
0.050145
0.046685
0.046978
0.048311
0.047341
0.047859
0.048255
0.047149
0.046715
0.046471
0.046124
0.042344
0.046530
0.048395
0.048063
0.045934
0.049919
0.046247
0.048273
0.048582
0.046695
0.048811
0.048477
0.048299
0.047143
0.046459
0.046129
0.048966
0.046362
0.046614
0.047286
0.050606
0.046378
0.046722
0.046615
0.047127
0.047756
0.046756
0.046649
0.047184
0.046367
0.047408
0.047616
0.046110
0.049923
0.043247
0.041101
0.043043
0.049671
0.047625
0.048429
0.046226
0.047669
0.047593
0.050549
0.046890
0.051293
0.049642
0.050042
0.049583
0.046215
0.053417
0.047713
0.050418
0.046400
0.048406
0.049024
0.049573
0.046135
0.046874
0.046866
0.047026
0.053330
0.055911
0.051135
0.046480
0.049591
0.046400
0.046216
0.046805
0.051369
0.054964
0.047113
0.046019
0.046588
0.047655
0.049693
0.047323
0.049975
0.038636
0.048064
0.044108
0.040889
0.047958
0.039020
0.047046
0.045096
0.045157
0.047259
0.051943
0.053534
0.051840
0.052949
0.046454
0.045904
0.052501
0.047079
0.046810
0.046541
0.046054
0.052312
0.046992
0.046694
0.055909
0.047285
0.048308
0.046060
0.046037
0.046694
0.048145
0.044787
0.048799
0.039839
0.044498
0.044847
0.051710
0.050948
0.047117
0.043815
0.047625
0.049786
0.048865
0.046776
0.050334
0.046158
0.047304
0.046280
0.047751
0.046259
0.047517
0.047586
0.048985
0.047580
0.047410
0.048557
0.032712
0.031888
0.033387
0.049608
0.049372
0.033422
0.049404
0.038239
0.040979
0.033293
0.032591
0.034081
0.045961
0.047284
0.033640
0.032830
0.029609
0.034158
0.032269
0.031551
0.032360
0.034295
0.037597
0.032271
0.033343
0.031613
0.033353
0.031926
0.031717
0.031833
0.032135
0.031607
0.035219
0.032365
0.033622
0.037111
0.037903
0.031719
0.038846
0.045120
0.039241
0.040921
0.033347
0.031618
0.040981
0.032197
0.030789
0.034100
0.031600
0.036235
0.041715
0.038358
0.032132
0.032421
0.032147
0.036369
0.033530
0.031674
0.033087
0.032423
0.033360
0.036845
0.031532
0.031754
0.032057
0.036743
0.031599
0.038761
0.043586
0.038931
0.031608
0.032486
0.024960
0.031973
0.031607
0.047282
0.032237
0.031622
0.032254
0.035177
0.034194
0.043960
0.031662
0.032903
0.031741
0.035864
0.039449
0.034563
0.031892
0.032187
0.032377
0.034632
0.032483
0.032129
0.038141
0.041327
0.031997
0.032129
0.031515
0.037227
0.031808
0.033177
0.033546
0.034234
0.031830
0.031607
0.031740
0.034303
0.031710
0.031965
0.034142
0.031769
0.032753
0.036572
0.041982
0.032261
0.033125
0.032747
0.032654
0.032989
0.034789
0.031566
0.032113
0.031623
0.033914
0.033037
0.032089
0.033486
0.041261
0.034215
0.035722
0.037982
0.036186
0.031675
0.031772
0.036053
0.032460
0.031698
0.041796
0.032249
0.032144
0.035527
0.049510
0.039226
0.037020
0.032833
0.031570
0.034946
0.034021
0.031629
0.031522
0.036924
0.032134
0.031660
0.034188
0.048265
0.076369
0.040897
0.031874
0.048909
0.045985
0.050961
0.046058
0.045994
0.047851
0.048437
0.037619
0.045896
0.047806
0.031764
0.032194
0.036844
0.045851
0.033034
0.048004
0.046452
0.046748
0.047092
0.048093
