1
966.4520,87.4520,105.0961,124.0961
948.3218,79.8218,131.3564,150.3564
939.1541,90.6541,128.6919,147.6919
936.7438,77.7438,130.5124,149.5124
936.7193,84.7193,131.5614,150.5614
907.2942,97.2942,123.4116,142.4116
878.8907,116.3908,120.2185,139.2184
848.3818,133.8818,97.2364,116.2364
795.1401,156.1401,90.7198,109.7198
790.7717,150.2717,100.4566,119.4566
772.1232,141.1233,102.7535,121.7535
751.2511,140.2511,97.4978,116.4978
745.4549,144.9549,94.0902,113.0902
709.3659,155.8659,100.2682,119.2682
687.1970,149.6970,109.6060,128.6060
677.7109,158.7109,105.5782,124.5782
683.3806,157.8806,109.2387,128.2387
675.6503,155.1503,104.6993,123.6993
663.9537,176.4538,94.0925,113.0925
681.1379,175.6379,84.7242,103.7242
672.8960,137.3960,109.2080,128.2080
663.7644,121.2644,109.4712,128.4712
627.4559,143.4559,91.0882,110.0882
606.6647,131.6647,90.6705,109.6705
607.8047,115.8047,91.3907,110.3907
602.1886,125.6886,72.6228,91.6228
591.4894,109.9894,87.0213,106.0213
566.4487,85.4487,57.1026,76.1026
111.0000,573.0000,80.0000,118.0000
29.0000,515.0000,80.0000,118.0000
144.0000,239.0000,80.0000,118.0000
144.0000,239.0000,80.0000,118.0000
45.0000,529.0000,80.0000,118.0000
45.0000,530.0000,80.0000,118.0000
549.6210,43.6211,67.7579,86.7579
61.0000,515.0000,80.0000,118.0000
249.6381,147.6381,69.7237,88.7237
127.0000,515.0000,80.0000,118.0000
160.0000,399.0000,80.0000,118.0000
160.0000,399.0000,80.0000,118.0000
160.0000,370.0000,80.0000,118.0000
192.0000,224.0000,80.0000,118.0000
176.0000,398.0000,80.0000,118.0000
192.0000,398.0000,80.0000,118.0000
193.0000,398.0000,80.0000,118.0000
242.0847,195.5847,90.8306,109.8306
254.1852,204.6852,78.6297,97.6297
241.7282,191.2282,94.5436,113.5436
209.0000,239.0000,80.0000,118.0000
128.0000,631.0000,80.0000,118.0000
225.0000,369.0000,80.0000,118.0000
210.0000,399.0000,80.0000,118.0000
209.0000,457.0000,80.0000,118.0000
209.0000,515.0000,80.0000,118.0000
546.0000,226.5000,48.0000,67.0000
210.0000,515.0000,80.0000,118.0000
217.0000,515.0000,80.0000,118.0000
217.0000,515.0000,80.0000,118.0000
225.0000,515.0000,80.0000,118.0000
127.0000,631.0000,80.0000,118.0000
217.0000,326.0000,80.0000,118.0000
217.0000,326.0000,80.0000,118.0000
127.0000,719.0000,80.0000,118.0000
127.0000,660.0000,80.0000,118.0000
209.0000,355.0000,80.0000,118.0000
193.0000,355.0000,80.0000,118.0000
193.0000,355.0000,80.0000,118.0000
160.0000,632.0000,80.0000,118.0000
160.0000,719.0000,80.0000,118.0000
705.0313,155.5313,71.9374,90.9374
777.1260,144.1260,55.7480,74.7480
143.0000,748.0000,80.0000,118.0000
127.0000,748.0000,80.0000,118.0000
127.0000,748.0000,80.0000,118.0000
127.0000,748.0000,80.0000,118.0000
111.0000,806.0000,80.0000,118.0000
62.0000,835.0000,80.0000,118.0000
879.2390,54.2389,79.5221,98.5221
866.0755,54.0755,97.8489,116.8489
879.3339,52.3339,91.3323,110.3323
890.1848,44.6848,73.6303,92.6303
915.8553,41.8553,77.2894,96.2894
38.0000,879.0000,80.0000,118.0000
600.0000,301.0000,80.0000,118.0000
600.0000,301.0000,80.0000,118.0000
600.0000,301.0000,80.0000,118.0000
600.0000,301.0000,80.0000,118.0000
29.0000,660.0000,80.0000,118.0000
29.0000,660.0000,80.0000,118.0000
45.0000,646.0000,80.0000,118.0000
62.0000,602.0000,80.0000,118.0000
62.0000,632.0000,80.0000,118.0000
29.0000,632.0000,80.0000,118.0000
661.2808,22.7808,76.4383,95.4383
29.0000,632.0000,80.0000,118.0000
564.7379,63.2378,96.5243,115.5243
600.0000,301.0000,80.0000,118.0000
600.0000,301.0000,80.0000,118.0000
600.0000,301.0000,80.0000,118.0000
193.0000,311.0000,80.0000,118.0000
288.6635,173.6635,137.6729,156.6729
325.6888,147.6888,116.6225,135.6225
312.9584,182.9584,94.0833,113.0833
273.8252,225.8251,77.3497,96.3497
160.0000,544.0000,80.0000,118.0000
127.0000,602.0000,80.0000,118.0000
625.1816,128.6816,76.6367,95.6367
884.0366,32.5366,92.9268,111.9268
561.7238,120.7238,99.5525,118.5525
540.9432,127.9432,106.1135,125.1135
542.8145,135.3144,122.3711,141.3711
542.8216,143.8216,119.3568,138.3568
533.5934,149.5935,118.8131,137.8131
537.4503,164.9502,104.0995,123.0995
127.0000,951.0000,80.0000,118.0000
888.4469,63.4469,120.1062,139.1062
127.0000,893.0000,80.0000,118.0000
127.0000,893.0000,80.0000,118.0000
160.0000,951.0000,80.0000,118.0000
160.0000,922.0000,80.0000,118.0000
291.0000,224.0000,80.0000,118.0000
357.0000,180.0000,80.0000,118.0000
308.0000,166.0000,80.0000,118.0000
242.0000,166.0000,80.0000,118.0000
46.0000,864.0000,80.0000,118.0000
897.5546,43.5546,78.8909,97.8909
29.0000,864.0000,80.0000,118.0000
600.0000,301.0000,80.0000,118.0000
600.0000,301.0000,80.0000,118.0000
600.0000,301.0000,80.0000,118.0000
600.0000,301.0000,80.0000,118.0000
717.5442,616.5442,73.9117,92.9117
677.8251,588.8251,107.3498,126.3498
642.7995,574.7995,109.4010,128.4010
668.4349,601.4349,86.1302,105.1302
600.0000,301.0000,80.0000,118.0000
600.0000,301.0000,80.0000,118.0000
600.0000,301.0000,80.0000,118.0000
600.0000,301.0000,80.0000,118.0000
600.0000,301.0000,80.0000,118.0000
600.0000,301.0000,80.0000,118.0000
600.0000,301.0000,80.0000,118.0000
600.0000,301.0000,80.0000,118.0000
600.0000,301.0000,80.0000,118.0000
600.0000,301.0000,80.0000,118.0000
600.0000,301.0000,80.0000,118.0000
600.0000,301.0000,80.0000,118.0000
600.0000,301.0000,80.0000,118.0000
600.0000,301.0000,80.0000,118.0000
600.0000,301.0000,80.0000,118.0000
600.0000,301.0000,80.0000,118.0000
600.0000,301.0000,80.0000,118.0000
600.0000,301.0000,80.0000,118.0000
600.0000,301.0000,80.0000,118.0000
600.0000,301.0000,80.0000,118.0000
600.0000,301.0000,80.0000,118.0000
600.0000,301.0000,80.0000,118.0000
600.0000,301.0000,80.0000,118.0000
600.0000,301.0000,80.0000,118.0000
600.0000,301.0000,80.0000,118.0000
600.0000,301.0000,80.0000,118.0000
600.0000,301.0000,80.0000,118.0000
600.0000,301.0000,80.0000,118.0000
600.0000,301.0000,80.0000,118.0000
600.0000,301.0000,80.0000,118.0000
600.0000,301.0000,80.0000,118.0000
600.0000,301.0000,80.0000,118.0000
600.0000,301.0000,80.0000,118.0000
600.0000,301.0000,80.0000,118.0000
600.0000,301.0000,80.0000,118.0000
600.0000,301.0000,80.0000,118.0000
600.0000,301.0000,80.0000,118.0000
600.0000,301.0000,80.0000,118.0000
600.0000,301.0000,80.0000,118.0000
600.0000,301.0000,80.0000,118.0000
600.0000,301.0000,80.0000,118.0000
600.0000,301.0000,80.0000,118.0000
600.0000,301.0000,80.0000,118.0000
600.0000,301.0000,80.0000,118.0000
600.0000,301.0000,80.0000,118.0000
600.0000,301.0000,80.0000,118.0000
600.0000,301.0000,80.0000,118.0000
600.0000,301.0000,80.0000,118.0000
600.0000,301.0000,80.0000,118.0000
600.0000,301.0000,80.0000,118.0000
600.0000,301.0000,80.0000,118.0000
600.0000,301.0000,80.0000,118.0000
600.0000,301.0000,80.0000,118.0000
600.0000,301.0000,80.0000,118.0000
600.0000,301.0000,80.0000,118.0000
600.0000,301.0000,80.0000,118.0000
600.0000,301.0000,80.0000,118.0000
600.0000,301.0000,80.0000,118.0000
600.0000,301.0000,80.0000,118.0000
600.0000,301.0000,80.0000,118.0000
600.0000,301.0000,80.0000,118.0000
600.0000,301.0000,80.0000,118.0000
600.0000,301.0000,80.0000,118.0000
600.0000,301.0000,80.0000,118.0000
600.0000,301.0000,80.0000,118.0000
600.0000,301.0000,80.0000,118.0000
600.0000,301.0000,80.0000,118.0000
600.0000,301.0000,80.0000,118.0000
600.0000,301.0000,80.0000,118.0000
600.0000,301.0000,80.0000,118.0000
600.0000,301.0000,80.0000,118.0000
600.0000,301.0000,80.0000,118.0000
600.0000,301.0000,80.0000,118.0000
600.0000,301.0000,80.0000,118.0000
600.0000,301.0000,80.0000,118.0000
600.0000,301.0000,80.0000,118.0000
600.0000,301.0000,80.0000,118.0000
600.0000,301.0000,80.0000,118.0000
600.0000,301.0000,80.0000,118.0000
600.0000,301.0000,80.0000,118.0000
600.0000,301.0000,80.0000,118.0000
600.0000,301.0000,80.0000,118.0000
600.0000,301.0000,80.0000,118.0000
600.0000,301.0000,80.0000,118.0000
600.0000,301.0000,80.0000,118.0000
600.0000,301.0000,80.0000,118.0000
600.0000,301.0000,80.0000,118.0000
600.0000,301.0000,80.0000,118.0000
600.0000,301.0000,80.0000,118.0000
600.0000,301.0000,80.0000,118.0000
600.0000,301.0000,80.0000,118.0000
600.0000,301.0000,80.0000,118.0000
600.0000,301.0000,80.0000,118.0000
600.0000,301.0000,80.0000,118.0000
600.0000,301.0000,80.0000,118.0000
600.0000,301.0000,80.0000,118.0000
600.0000,301.0000,80.0000,118.0000
600.0000,301.0000,80.0000,118.0000
600.0000,301.0000,80.0000,118.0000
600.0000,301.0000,80.0000,118.0000
600.0000,301.0000,80.0000,118.0000
600.0000,301.0000,80.0000,118.0000
600.0000,301.0000,80.0000,118.0000
600.0000,301.0000,80.0000,118.0000
600.0000,301.0000,80.0000,118.0000
600.0000,301.0000,80.0000,118.0000
600.0000,301.0000,80.0000,118.0000
600.0000,301.0000,80.0000,118.0000
600.0000,301.0000,80.0000,118.0000
600.0000,301.0000,80.0000,118.0000
600.0000,301.0000,80.0000,118.0000
600.0000,301.0000,80.0000,118.0000
600.0000,301.0000,80.0000,118.0000
600.0000,301.0000,80.0000,118.0000
600.0000,301.0000,80.0000,118.0000
600.0000,301.0000,80.0000,118.0000
600.0000,301.0000,80.0000,118.0000
29.0000,253.0000,80.0000,118.0000
29.0000,195.0000,80.0000,118.0000
29.0000,195.0000,80.0000,118.0000
29.0000,195.0000,80.0000,118.0000
600.0000,301.0000,80.0000,118.0000
29.0000,166.0000,80.0000,118.0000
600.0000,301.0000,80.0000,118.0000
600.0000,301.0000,80.0000,118.0000
600.0000,301.0000,80.0000,118.0000
600.0000,301.0000,80.0000,118.0000
600.0000,301.0000,80.0000,118.0000
600.0000,301.0000,80.0000,118.0000
600.0000,301.0000,80.0000,118.0000
600.0000,301.0000,80.0000,118.0000
600.0000,301.0000,80.0000,118.0000
600.0000,301.0000,80.0000,118.0000
600.0000,301.0000,80.0000,118.0000
600.0000,301.0000,80.0000,118.0000
600.0000,301.0000,80.0000,118.0000
600.0000,301.0000,80.0000,118.0000
600.0000,301.0000,80.0000,118.0000
600.0000,301.0000,80.0000,118.0000
600.0000,301.0000,80.0000,118.0000
600.0000,301.0000,80.0000,118.0000
600.0000,301.0000,80.0000,118.0000
600.0000,301.0000,80.0000,118.0000
600.0000,301.0000,80.0000,118.0000
600.0000,301.0000,80.0000,118.0000
600.0000,301.0000,80.0000,118.0000
600.0000,301.0000,80.0000,118.0000
600.0000,301.0000,80.0000,118.0000
600.0000,301.0000,80.0000,118.0000
600.0000,301.0000,80.0000,118.0000
600.0000,301.0000,80.0000,118.0000
600.0000,301.0000,80.0000,118.0000
600.0000,301.0000,80.0000,118.0000
600.0000,301.0000,80.0000,118.0000
600.0000,301.0000,80.0000,118.0000
600.0000,301.0000,80.0000,118.0000
600.0000,301.0000,80.0000,118.0000
600.0000,301.0000,80.0000,118.0000
600.0000,301.0000,80.0000,118.0000
600.0000,301.0000,80.0000,118.0000
600.0000,301.0000,80.0000,118.0000
600.0000,301.0000,80.0000,118.0000
600.0000,301.0000,80.0000,118.0000
600.0000,301.0000,80.0000,118.0000
600.0000,301.0000,80.0000,118.0000
600.0000,301.0000,80.0000,118.0000
600.0000,301.0000,80.0000,118.0000
600.0000,301.0000,80.0000,118.0000
600.0000,301.0000,80.0000,118.0000
600.0000,301.0000,80.0000,118.0000
600.0000,301.0000,80.0000,118.0000
600.0000,301.0000,80.0000,118.0000
29.0000,631.0000,80.0000,118.0000
620.3444,17.8444,78.3112,97.3112
595.8817,48.3817,107.2365,126.2365
575.0626,69.5626,111.8749,130.8749
585.6731,75.6731,141.6538,160.6538
565.9214,100.4214,133.1571,152.1571
586.0721,102.5722,156.8557,175.8557
559.6325,134.6325,141.7350,160.7350
596.8564,128.3564,160.2872,179.2872
604.9409,149.4409,151.1182,170.1182
629.8812,148.8812,163.2376,182.2376
653.3531,145.3531,182.2937,201.2937
606.1146,164.1146,158.7708,177.7708
567.9326,201.9326,129.1347,148.1347
606.3852,191.3852,152.2297,171.2297
576.7563,212.2563,119.4874,138.4874
598.2143,178.7143,148.5714,167.5714
643.1575,185.1575,132.6850,151.6850
648.2687,173.2687,123.4626,142.4626
638.0662,179.0662,124.8675,143.8675
301.4023,285.9023,109.1954,128.1954
596.0258,199.5257,107.9485,126.9485
644.9972,174.9972,129.0056,148.0056
686.9005,176.9005,109.1990,128.1990
682.1339,168.1339,125.7321,144.7321
633.4088,229.9087,81.1825,100.1825
655.9376,229.4376,96.1249,115.1249
648.2651,233.2651,110.4698,129.4698
650.3669,227.8669,115.2662,134.2662
672.4072,225.9072,116.1856,135.1856
671.2596,210.7597,130.4807,149.4807
691.2372,240.7372,113.5255,132.5255
752.0343,210.5343,132.9314,151.9314
709.1146,266.6146,104.7708,123.7708
723.8884,273.3884,111.2232,130.2232
757.2509,254.2508,114.4983,133.4983
732.4719,270.9718,111.0563,130.0563
766.5960,267.0960,112.8080,131.8080
780.8584,258.3584,114.2832,133.2832
793.1131,238.1131,122.7738,141.7738
552.3428,254.8428,113.3144,132.3144
801.7744,224.2744,101.4512,120.4512
802.4684,194.4684,119.0633,138.0633
830.5188,171.5188,132.9624,151.9624
830.4016,155.9016,139.1968,158.1968
830.8481,146.3481,139.3038,158.3038
827.0511,142.5512,138.8977,157.8977
822.7302,129.2302,147.5395,166.5395
830.2621,122.2621,148.4758,167.4758
768.1491,178.6491,110.7018,129.7018
792.2802,127.2802,141.4396,160.4396
755.9208,158.9208,122.1584,141.1584
747.8817,158.3816,127.2367,146.2367
747.5483,160.0483,131.9035,150.9035
754.0449,170.0449,131.9103,150.9103
750.8405,145.8405,137.3191,156.3191
759.7195,150.2196,136.5609,155.5609
779.9709,126.4709,141.0582,160.0582
762.5659,125.0658,134.8683,153.8683
831.8129,95.8128,142.3743,161.3743
864.5522,89.5522,130.8955,149.8955
862.8129,99.8129,130.3742,149.3742
870.9636,106.9636,119.0728,138.0728
871.3514,112.3515,124.2971,143.2971
885.0332,130.0332,103.9336,122.9336
943.5541,112.5541,113.8918,132.8918
910.2891,110.2890,118.4219,137.4219
930.1996,107.1996,120.6009,139.6009
918.4669,102.9669,123.0662,142.0662
975.0579,122.5578,92.8843,111.8843
947.7881,102.7881,120.4239,139.4239
980.2999,103.7998,101.4003,120.4003
94.0000,981.0000,80.0000,118.0000
29.0000,893.0000,80.0000,118.0000
711.4603,131.4603,62.0794,81.0794
740.9175,112.4176,71.1649,90.1649
600.0000,301.0000,80.0000,118.0000
600.0000,301.0000,80.0000,118.0000
144.0000,181.0000,80.0000,118.0000
600.0000,301.0000,80.0000,118.0000
600.0000,301.0000,80.0000,118.0000
600.0000,301.0000,80.0000,118.0000
600.0000,301.0000,80.0000,118.0000
600.0000,301.0000,80.0000,118.0000
600.0000,301.0000,80.0000,118.0000
600.0000,301.0000,80.0000,118.0000
143.0000,180.0000,80.0000,118.0000
600.0000,301.0000,80.0000,118.0000
600.0000,301.0000,80.0000,118.0000
160.0000,195.0000,80.0000,118.0000
127.0000,835.0000,80.0000,118.0000
600.0000,301.0000,80.0000,118.0000
127.0000,806.0000,80.0000,118.0000
600.0000,301.0000,80.0000,118.0000
600.0000,301.0000,80.0000,118.0000
119.0000,835.0000,80.0000,118.0000
413.0000,1097.0000,80.0000,118.0000
1126.3016,443.3016,65.3969,84.3969
225.0000,311.0000,80.0000,118.0000
1121.3541,515.8542,69.2916,88.2916
1100.5165,552.5165,77.9671,96.9671
1093.1945,546.6945,98.6110,117.6110
569.0000,1097.0000,80.0000,118.0000
127.0000,893.0000,80.0000,118.0000
593.0000,1039.0000,80.0000,118.0000
188.6923,154.1923,86.6154,105.6154
193.0000,195.0000,80.0000,118.0000
209.0000,180.0000,80.0000,118.0000
193.0000,195.0000,80.0000,118.0000
226.6625,182.6625,83.6749,102.6749
225.0000,195.0000,80.0000,118.0000
239.6368,206.1368,67.7263,86.7263
288.7527,212.7527,63.4947,82.4947
279.2128,208.2128,68.5745,87.5745
277.3875,200.8875,71.2250,90.2250
259.3156,186.8156,71.3688,90.3688
250.2478,207.2478,68.5044,87.5044
226.0000,253.0000,80.0000,118.0000
225.0000,253.0000,80.0000,118.0000
242.0000,238.0000,80.0000,118.0000
257.6521,190.6521,86.6958,105.6958
266.1807,187.6806,89.6387,108.6387
242.0000,282.0000,80.0000,118.0000
258.0000,282.0000,80.0000,118.0000
284.6319,200.6319,96.7362,115.7362
291.9424,216.9424,92.1153,111.1153
292.5679,219.0679,98.8643,117.8643
278.9808,224.9808,105.0385,124.0385
258.0000,282.0000,80.0000,118.0000
315.0000,267.0000,80.0000,118.0000
323.0000,195.0000,80.0000,118.0000
323.0000,166.0000,80.0000,118.0000
323.0000,180.0000,80.0000,118.0000
600.0000,301.0000,80.0000,118.0000
29.0000,893.0000,80.0000,118.0000
279.1615,187.1615,122.6771,141.6771
224.9800,185.4800,140.0400,159.0400
220.9806,191.4806,130.0389,149.0389
241.2727,206.2727,125.4547,144.4547
287.0436,204.0436,125.9128,144.9128
412.7500,225.2500,71.5000,90.5000
538.1341,201.1341,96.7318,115.7318
537.6459,234.1458,73.7083,92.7083
947.2273,106.7273,122.5454,141.5454
326.1462,187.6462,102.7077,121.7077
160.0000,777.0000,80.0000,118.0000
468.7710,199.7710,96.4579,115.4579
462.1702,163.6702,88.6595,107.6595
748.9376,135.4376,103.1249,122.1249
476.8755,188.8755,71.2490,90.2490
193.0000,472.0000,80.0000,118.0000
192.0000,486.0000,80.0000,118.0000
559.4554,140.4554,96.0892,115.0892
486.7605,124.7605,117.4790,136.4790
510.5957,114.5957,124.8086,143.8086
478.9641,122.9641,127.0718,146.0718
523.1822,121.6822,127.6356,146.6356
531.7084,114.2084,134.5833,153.5833
500.5658,130.0658,134.8683,153.8683
478.7811,117.7811,150.4378,169.4378
477.0056,123.0056,150.9887,169.9887
450.7923,169.2923,112.4155,131.4155
380.1046,150.1046,149.7907,168.7907
347.2635,211.2635,72.4731,91.4731
361.3987,169.8987,151.2025,170.2025
415.6722,212.6722,119.6555,138.6555
299.0626,307.5626,118.8749,137.8749
214.8769,369.8769,114.2462,133.2462
45.0000,646.0000,80.0000,118.0000
438.0000,398.0000,80.0000,118.0000
416.3849,392.8849,98.2301,117.2301
13.0000,471.0000,80.0000,118.0000
600.0000,301.0000,80.0000,118.0000
414.0000,675.0000,80.0000,118.0000
438.0000,748.0000,80.0000,118.0000
600.0000,301.0000,80.0000,118.0000
600.0000,301.0000,80.0000,118.0000
600.0000,301.0000,80.0000,118.0000
600.0000,301.0000,80.0000,118.0000
600.0000,301.0000,80.0000,118.0000
600.0000,301.0000,80.0000,118.0000
439.7171,3.2171,85.5659,104.5659
295.4328,64.4328,92.1344,111.1344
276.6905,95.1905,114.6190,133.6190
257.8628,109.8628,110.2745,129.2745
190.7509,153.2509,106.4981,125.4981
322.4761,129.4761,108.0478,127.0478
300.7447,80.2447,133.5107,152.5107
302.9124,79.4123,149.1753,168.1753
262.9857,54.4857,167.0285,186.0285
211.5753,98.0753,142.8494,161.8494
165.2269,159.2269,107.5463,126.5463
176.0000,166.0000,80.0000,118.0000
600.0000,301.0000,80.0000,118.0000
600.0000,301.0000,80.0000,118.0000
600.0000,301.0000,80.0000,118.0000
242.0000,282.0000,80.0000,118.0000
234.5670,155.5670,166.8661,185.8661
804.8138,28.3138,67.3724,86.3724
278.5007,225.0007,129.9986,148.9986
244.9479,226.9479,148.1041,167.1041
303.9827,248.9827,134.0346,153.0346
252.9576,234.4576,158.0847,177.0847
247.8746,254.3746,153.2508,172.2508
257.6888,233.6888,165.6225,184.6225
251.6818,251.1818,153.6365,172.6365
263.8536,245.3536,144.2929,163.2929
297.3347,259.3347,120.3306,139.3306
297.9280,264.9280,99.1439,118.1439
225.0000,311.0000,80.0000,118.0000
95.0000,632.0000,80.0000,118.0000
318.6938,191.1938,155.6125,174.6125
252.3902,225.8902,152.2197,171.2197
275.5877,215.0878,121.8245,140.8245
319.8065,184.3065,138.3870,157.3870
269.8174,153.3174,174.3652,193.3652
423.2881,105.7882,128.4237,147.4237
384.7855,88.2855,140.4291,159.4291
373.2817,95.7817,146.4366,165.4366
343.5518,113.0518,150.8963,169.8963
368.6705,109.6705,155.6590,174.6590
333.7287,108.2287,154.5426,173.5426
254.8690,136.3690,151.2621,170.2621
264.1317,133.6317,153.7365,172.7365
221.2715,147.7715,156.4571,175.4571
186.4906,171.4906,146.0189,165.0189
183.9587,157.9587,155.0826,174.0826
177.9052,141.4052,156.1895,175.1895
284.5974,109.5974,170.8052,189.8052
316.9732,110.4732,145.0536,164.0536
160.0000,428.0000,80.0000,118.0000
386.2997,64.2997,154.4006,173.4006
322.5449,50.0449,163.9102,182.9102
305.3570,80.8570,157.2860,176.2860
239.6301,66.6301,165.7398,184.7398
252.9128,51.9128,166.1745,185.1745
232.9276,83.9276,147.1448,166.1448
235.6878,90.6878,147.6243,166.6243
237.1199,109.6199,135.7601,154.7601
253.9090,122.4090,145.1820,164.1820
262.8407,128.3407,156.3185,175.3185
470.8063,504.3063,135.3874,154.3874
501.0734,35.5734,166.8533,185.8533
431.5790,91.0790,187.8420,206.8420
505.2948,92.7948,175.4105,194.4105
127.0000,661.0000,80.0000,118.0000
127.0000,777.0000,80.0000,118.0000
243.6176,166.6176,139.7647,158.7647
226.8464,187.3464,144.3072,163.3072
229.1879,165.1879,141.6243,160.6243
239.3513,158.3513,134.2974,153.2974
230.3281,191.3281,90.3438,109.3438
207.8570,145.3570,122.2861,141.2861
782.9537,25.4537,94.0925,113.0925
29.0000,719.0000,80.0000,118.0000
740.1826,25.6826,83.6348,102.6348
693.5940,40.5940,75.8120,94.8120
669.6871,38.1871,110.6258,129.6258
675.1502,22.6502,139.6996,158.6996
678.5337,27.0337,141.9326,160.9326
686.3638,26.3638,139.2724,158.2724
661.8196,29.8196,132.3607,151.3607
708.7554,26.7554,121.4893,140.4893
751.6458,29.1458,130.7083,149.7083
835.3973,24.8973,116.2053,135.2053
864.9498,18.9498,132.1005,151.1005
911.0544,16.5545,132.8911,151.8911
878.1522,58.6522,95.6956,114.6956
955.5208,46.5208,117.9583,136.9583
943.7947,53.7947,108.4105,127.4105
210.5248,175.0248,97.9504,116.9504
228.2629,168.7629,83.4741,102.4741
70.0000,995.0000,80.0000,118.0000
1067.0386,63.5385,65.9230,84.9230
1064.4115,50.9115,71.1769,90.1769
259.9139,127.4139,98.1722,117.1722
287.3604,113.8604,133.2791,152.2791
346.0835,127.0835,93.8331,112.8331
160.0000,311.0000,80.0000,118.0000
600.0000,301.0000,80.0000,118.0000
600.0000,301.0000,80.0000,118.0000
600.0000,301.0000,80.0000,118.0000
315.0000,340.0000,80.0000,118.0000
600.0000,301.0000,80.0000,118.0000
307.0000,399.0000,80.0000,118.0000
307.0000,224.0000,80.0000,118.0000
291.0000,399.0000,80.0000,118.0000
258.0000,195.0000,80.0000,118.0000
258.0000,427.0000,80.0000,118.0000
242.0000,399.0000,80.0000,118.0000
275.0000,399.0000,80.0000,118.0000
258.0000,399.0000,80.0000,118.0000
242.0000,399.0000,80.0000,118.0000
242.0000,399.0000,80.0000,118.0000
258.0000,253.0000,80.0000,118.0000
225.0000,224.0000,80.0000,118.0000
343.0000,202.0000,49.0000,68.0000
193.0000,224.0000,80.0000,118.0000
111.0000,878.0000,80.0000,118.0000
193.0000,253.0000,80.0000,118.0000
600.0000,301.0000,80.0000,118.0000
600.0000,301.0000,80.0000,118.0000
600.0000,301.0000,80.0000,118.0000
600.0000,301.0000,80.0000,118.0000
176.0000,995.0000,80.0000,118.0000
1021.2878,184.7878,66.4244,85.4244
1000.3657,160.8657,105.2687,124.2687
1003.3774,208.3774,98.2452,117.2452
988.7509,188.2509,108.4982,127.4982
975.6319,199.6319,96.7362,115.7362
940.2595,181.7595,99.4811,118.4811
944.5683,238.0683,72.8633,91.8633
926.1569,245.1569,79.6863,98.6863
889.7149,209.7149,116.5702,135.5702
893.7925,260.2924,94.4151,113.4151
921.5701,305.0701,147.8599,166.8599
934.6021,330.6021,153.7959,172.7959
928.4682,345.9682,152.0636,171.0636
909.7386,353.7386,155.5227,174.5227
882.4843,361.9842,151.0315,170.0315
849.3167,363.8167,152.3666,171.3666
832.6118,374.6118,152.7763,171.7763
793.4265,378.9265,159.1470,178.1470
810.8317,383.8317,152.3365,171.3365
672.8239,231.3239,230.3523,249.3523
663.8591,418.8591,141.2818,160.2818
627.3542,439.8542,126.2917,145.2917
659.5789,383.0789,165.8422,184.8422
621.9950,356.9950,165.0100,184.0100
620.9866,361.9866,161.0269,180.0269
588.7415,366.7415,150.5170,169.5170
568.4122,379.4123,161.1755,180.1755
557.9213,352.9213,132.1575,151.1575
528.5223,408.0223,140.9554,159.9554
490.3542,401.8542,141.2917,160.2917
464.1945,357.6945,134.6111,153.6111
422.6872,303.6872,140.6255,159.6255
400.9327,288.4327,143.1346,162.1346
398.2506,260.2506,138.4987,157.4987
404.6721,290.1721,122.6559,141.6559
374.2327,273.2327,144.5347,163.5347
410.4376,131.4376,108.1249,127.1249
369.2551,201.7551,149.4897,168.4897
380.6174,210.6174,152.7652,171.7652
392.5405,243.0405,144.9190,163.9190
389.0255,240.0255,147.9491,166.9491
375.1112,260.6112,147.7775,166.7775
382.9001,254.4001,150.1998,169.1998
396.2321,258.2321,141.5357,160.5357
391.8387,283.3387,141.3225,160.3225
407.3408,256.3408,149.3183,168.3183
409.8426,268.8426,155.3148,174.3148
413.4181,277.9181,159.1638,178.1638
429.1927,269.1927,167.6147,186.6147
435.3084,308.3084,154.3831,173.3831
427.3372,332.8372,155.3256,174.3256
466.7548,328.2548,158.4905,177.4905
464.6155,351.1155,156.7690,175.7690
477.6399,377.1399,145.7202,164.7202
483.7663,375.2663,147.4674,166.4674
478.9496,374.9496,154.1008,173.1008
490.1931,401.1931,146.6138,165.6138
504.9409,393.4409,150.1181,169.1181
506.2977,420.2977,143.4045,162.4045
508.3158,416.8158,144.3683,163.3683
515.9725,425.9725,140.0550,159.0550
519.0096,415.5096,143.9808,162.9808
506.3944,409.8944,137.2111,156.2111
539.4262,453.4262,128.1476,147.1476
548.4531,403.4532,136.0937,155.0937
598.2143,383.7143,134.5714,153.5714
623.1571,370.1571,141.6858,160.6858
620.8959,349.3959,136.2081,155.2081
623.0871,340.0871,141.8258,160.8258
612.8134,328.8134,147.3732,166.3732
622.8845,347.3845,153.2310,172.2310
644.1015,347.6015,145.7970,164.7970
643.1796,329.6795,145.6409,164.6409
650.4078,313.9078,143.1843,162.1843
655.7834,331.2834,146.4331,165.4331
658.0489,330.5489,140.9022,159.9022
657.8568,328.8568,142.2864,161.2864
668.6685,322.6685,143.6629,162.6629
685.0024,322.5024,141.9951,160.9951
680.0155,316.5155,140.9691,159.9691
661.2876,303.7876,146.4249,165.4249
668.6583,303.6583,145.6835,164.6835
665.6589,306.6589,143.6822,162.6822
675.7433,302.2433,142.5134,161.5134
672.3926,297.8926,147.2147,166.2147
676.1833,291.1833,151.6333,170.6333
670.9114,297.9114,150.1771,169.1771
661.2861,318.2862,145.4277,164.4277
663.9232,324.4231,144.1537,163.1537
653.6526,341.1526,144.6948,163.6948
650.0144,346.5144,143.9711,162.9711
655.2260,349.2260,146.5481,165.5481
645.3734,349.8734,144.2533,163.2533
633.8716,351.8716,146.2568,165.2568
627.7133,350.2133,145.5734,164.5734
630.2410,357.7409,143.5181,162.5181
624.1951,359.6951,143.6098,162.6098
616.4507,369.4507,149.0986,168.0986
617.3674,379.8674,144.2653,163.2653
612.6408,381.1408,139.7184,158.7184
594.2554,372.7554,143.4891,162.4891
576.2789,357.2788,150.4423,169.4423
581.1124,354.6124,142.7752,161.7752
605.6932,337.6932,144.6136,163.6136
572.9500,342.9500,140.0999,159.0999
579.2955,332.7955,144.4091,163.4091
575.6849,333.1849,145.6302,164.6302
546.0182,345.0182,142.9636,161.9636
537.8173,352.8173,139.3655,158.3655
527.2332,350.7332,136.5337,155.5337
540.8488,356.8488,125.3024,144.3024
518.8006,351.3006,131.3988,150.3988
544.7703,345.7703,135.4594,154.4594
536.1905,336.6905,134.6190,153.6190
534.3068,338.3069,133.3863,152.3863
539.7835,340.7835,131.4330,150.4330
547.7443,327.7444,139.5113,158.5113
538.4376,343.4375,132.1249,151.1249
549.2299,342.2299,136.5401,155.5401
569.1768,329.6768,141.6464,160.6464
580.6797,335.6797,131.6406,150.6406
558.8846,332.8846,132.2307,151.2307
580.3997,325.8997,134.2006,153.2006
597.5067,317.0067,141.9865,160.9865
596.8326,315.3326,141.3348,160.3348
595.9408,317.9408,135.1183,154.1183
583.2585,312.7585,128.4830,147.4830
570.9271,294.9270,141.1459,160.1459
631.5312,309.5312,127.9375,146.9375
570.8606,282.3606,147.2788,166.2788
632.7584,278.7583,137.4833,156.4833
634.3713,275.3713,136.2575,155.2575
637.6442,270.1441,138.7117,157.7117
610.1132,264.6131,138.7737,157.7737
614.0393,253.5393,136.9214,155.9214
620.3690,238.3690,142.2619,161.2619
603.2126,231.2126,138.5748,157.5748
603.6353,217.6353,150.7294,169.7294
592.9091,211.9091,154.1819,173.1819
571.3180,208.8180,148.3640,167.3640
633.5912,188.5912,146.8176,165.8176
593.3555,165.3555,154.2891,173.2891
568.9412,168.4412,142.1176,161.1176
561.9326,156.4326,141.1348,160.1348
536.7369,156.7369,130.5262,149.5262
553.6983,142.6983,147.6034,166.6034
552.0767,169.5767,101.8466,120.8466
629.3635,134.8635,142.2729,161.2729
548.2545,138.2544,138.4911,157.4911
638.6299,176.1300,118.7401,137.7401
686.7290,179.7290,108.5420,127.5420
551.4873,129.9873,99.0254,118.0254
539.8145,126.3145,118.3709,137.3709
779.3829,186.3829,89.2341,108.2341
193.0000,748.0000,80.0000,118.0000
792.8779,174.8779,89.2443,108.2443
778.5529,176.0529,97.8943,116.8943
806.7662,164.2661,55.4677,74.4677
600.0000,301.0000,80.0000,118.0000
813.3542,181.8542,69.2916,88.2916
812.1033,190.6033,76.7933,95.7933
176.0000,748.0000,80.0000,118.0000
144.0000,748.0000,80.0000,118.0000
209.0000,777.0000,80.0000,118.0000
177.0000,748.0000,80.0000,118.0000
600.0000,301.0000,80.0000,118.0000
600.0000,301.0000,80.0000,118.0000
397.0000,297.0000,80.0000,118.0000
160.0000,748.0000,80.0000,118.0000
422.0000,283.0000,80.0000,118.0000
160.0000,747.0000,80.0000,118.0000
766.6559,153.6560,64.6881,83.6881
160.0000,689.0000,80.0000,118.0000
487.0000,544.0000,80.0000,118.0000
937.4161,507.9161,66.1677,85.1677
800.0255,140.5255,66.9490,85.9490
128.0000,835.0000,80.0000,118.0000
805.4214,126.9214,98.1571,117.1571
771.3806,164.3806,65.2389,84.2389
600.0000,301.0000,80.0000,118.0000
176.0000,864.0000,80.0000,118.0000
784.9839,139.4839,102.0322,121.0322
787.0332,117.0332,103.9336,122.9336
775.3516,113.3515,119.2969,138.2969
763.9578,95.9578,111.0845,130.0845
127.0000,835.0000,80.0000,118.0000
127.0000,922.0000,80.0000,118.0000
600.0000,301.0000,80.0000,118.0000
552.0000,748.0000,80.0000,118.0000
600.0000,301.0000,80.0000,118.0000
600.0000,301.0000,80.0000,118.0000
761.6476,85.1476,109.7047,128.7047
751.2523,596.7523,67.4955,86.4955
752.6013,596.6013,86.7974,105.7974
604.8968,133.3968,95.2064,114.2064
135.0000,704.0000,80.0000,118.0000
160.0000,748.0000,80.0000,118.0000
778.8077,136.3078,85.3845,104.3845
600.0000,301.0000,80.0000,118.0000
635.0000,806.0000,80.0000,118.0000
618.0000,806.0000,80.0000,118.0000
805.3030,611.8030,69.3939,88.3939
829.7952,617.2952,52.4097,71.4097
938.4169,130.9169,73.1662,92.1662
914.1509,121.1509,93.6982,112.6982
857.0217,120.5218,85.9565,104.9565
825.5053,124.5053,86.9894,105.9894
1001.5735,503.5735,68.8531,87.8531
781.6046,141.6045,69.7909,88.7909
773.9288,142.4288,68.1425,87.1425
160.0000,748.0000,80.0000,118.0000
723.1986,137.1986,82.6028,101.6028
702.7250,133.7250,87.5500,106.5500
688.0901,122.0902,89.8197,108.8197
680.8414,123.8414,95.3173,114.3173
688.1893,120.1893,94.6214,113.6214
671.7512,117.7512,90.4975,109.4975
676.4929,118.9929,84.0142,103.0142
681.1884,115.1883,81.6233,100.6233
127.0000,646.0000,80.0000,118.0000
675.7417,127.7417,62.5167,81.5167
667.2009,114.2009,84.5982,103.5982
665.1356,115.6356,82.7288,101.7288
660.4588,111.9588,90.0824,109.0824
654.0385,121.0385,78.9230,97.9230
648.3782,123.8783,83.2435,102.2435
637.4339,123.4339,91.1322,110.1322
641.1882,136.6882,87.6235,106.6235
640.5807,152.0808,77.8385,96.8385
643.1541,183.6541,72.6917,91.6917
636.1600,200.1600,79.6800,98.6800
635.6337,220.1337,77.7326,96.7326
630.7042,232.7042,79.5917,98.5917
643.5661,247.5661,75.8678,94.8678
633.7750,236.2750,72.4500,91.4500
646.9487,255.9487,57.1026,76.1026
648.5130,321.0130,116.9740,135.9740
258.0000,631.0000,80.0000,118.0000
380.3642,26.3642,73.2716,92.2716
582.0270,97.0270,76.9459,95.9459
565.9922,81.4922,72.0156,91.0156
561.2747,83.7747,113.4507,132.4507
542.2974,84.2973,128.4053,147.4053
540.3838,108.3838,127.2324,146.2325
525.3829,117.3830,136.2341,155.2341
511.3810,166.8810,105.2380,124.2380
503.4543,173.9544,118.0913,137.0913
497.6522,124.6522,164.6956,183.6956
468.6129,239.6129,100.7742,119.7742
448.3895,204.8895,114.2210,133.2209
459.4831,230.4831,114.0338,133.0338
425.3137,224.8137,119.3725,138.3725
434.6359,201.1359,115.7281,134.7281
473.5395,131.5395,153.9210,172.9210
461.0557,191.5557,112.8886,131.8886
334.2364,125.7364,145.5273,164.5273
336.4306,109.4306,121.1388,140.1388
317.1884,118.6884,80.6233,99.6233
29.0000,413.0000,80.0000,118.0000
29.0000,399.0000,80.0000,118.0000
388.5156,12.5156,95.9687,114.9687
29.0000,311.0000,80.0000,118.0000
29.0000,399.0000,80.0000,118.0000
240.6567,38.1567,89.6865,108.6865
111.0000,181.0000,80.0000,118.0000
111.0000,238.0000,80.0000,118.0000
258.4914,103.4914,98.0172,117.0172
234.7423,113.7423,80.5154,99.5154
203.5658,101.0658,97.8684,116.8684
224.3615,58.8615,85.2769,104.2769
600.0000,301.0000,80.0000,118.0000
600.0000,301.0000,80.0000,118.0000
29.0000,369.0000,80.0000,118.0000
357.7114,17.7114,67.5772,86.5772
409.5939,-2.4061,99.8122,118.8122
319.2732,1.7732,107.4537,126.4537
316.7715,-0.2284,112.4569,131.4569
250.7607,20.2607,92.4786,111.4786
78.0000,238.0000,80.0000,118.0000
600.0000,301.0000,80.0000,118.0000
600.0000,301.0000,80.0000,118.0000
600.0000,301.0000,80.0000,118.0000
45.0000,413.0000,80.0000,118.0000
404.7883,44.2883,126.4234,145.4234
338.2845,51.2845,150.4310,169.4310
194.5083,174.0083,107.9835,126.9835
453.3450,31.3450,131.3099,150.3099
509.5836,70.0835,72.8329,91.8329
416.6754,80.6754,109.6491,128.6491
247.3279,191.3279,103.3443,122.3443
469.4131,81.4132,109.1737,128.1737
424.0751,59.5751,129.8499,148.8499
492.7173,75.2173,135.5654,154.5654
457.0736,71.0736,141.8528,160.8528
435.4473,98.9473,149.1055,168.1055
415.3191,107.8191,149.3618,168.3618
448.2042,104.2042,150.5916,169.5916
564.9397,125.9397,127.1206,146.1206
566.7507,124.2507,132.4986,151.4986
571.3346,135.3346,126.3308,145.3308
544.2913,145.2912,135.4175,154.4175
609.4139,153.4139,127.1722,146.1722
582.2077,140.7077,140.5845,159.5845
610.8189,138.3189,143.3622,162.3622
649.2205,139.2205,139.5590,158.5590
654.9548,131.9548,145.0904,164.0904
621.0591,138.5592,150.8817,169.8817
649.3488,140.3488,144.3024,163.3024
677.3845,136.8845,140.2310,159.2310
661.5817,144.0818,140.8365,159.8365
687.6233,141.1233,141.7534,160.7534
688.1288,143.1288,143.7425,162.7425
699.9988,133.9989,149.0023,168.0023
739.0754,119.5754,156.8493,175.8493
771.2108,108.2107,162.5786,181.5786
709.5140,133.5140,137.9719,156.9719
710.7950,117.2950,152.4100,171.4100
740.1270,94.6270,173.7460,192.7460
753.0137,86.5137,162.9726,181.9726
677.1467,97.1467,161.7066,180.7066
704.6165,76.1165,170.7670,189.7670
660.3024,78.3024,141.3953,160.3953
666.2458,79.7459,130.5083,149.5083
737.6253,50.6253,96.7495,115.7495
719.8918,30.3919,100.2163,119.2163
348.1550,193.1550,69.6901,88.6901
755.3425,8.3425,97.3149,116.3149
764.5903,27.0903,64.8193,83.8193
417.0939,176.5939,119.8123,138.8123
329.4743,226.9743,96.0513,115.0513
789.9288,108.4287,68.1425,87.1425
807.8823,95.8823,145.2354,164.2354
872.5774,140.5774,136.8452,155.8452
870.8370,187.3370,143.3259,162.3259
883.8826,229.3826,140.2347,159.2347
648.4975,120.4975,139.0051,158.0051
947.3524,283.8524,133.2952,152.2952
688.3660,116.3660,121.2681,140.2681
913.8338,247.3338,100.3324,119.3324
705.6074,80.1074,88.7852,107.7852
699.5212,62.5212,104.9577,123.9577
712.4947,61.9947,87.0106,106.0106
721.5189,61.5189,92.9622,111.9622
682.0856,45.0856,115.8288,134.8288
711.2719,64.7719,108.4562,127.4562
716.1367,77.6367,110.7266,129.7266
733.5312,87.0313,113.9375,132.9375
740.4684,90.4684,119.0633,138.0633
758.2173,105.7173,116.5653,135.5653
754.9625,119.4625,115.0750,134.0750
760.1252,141.6252,111.7496,130.7496
770.5422,145.0422,116.9155,135.9155
779.6807,166.1807,117.6386,136.6386
788.9131,188.9131,109.1737,128.1737
789.3294,195.8294,112.3412,131.3412
802.6671,205.1671,102.6658,121.6658
794.1672,227.6672,93.6656,112.6656
802.3289,243.3289,80.3423,99.3423
796.6061,242.1061,98.7878,117.7878
802.2511,238.7511,95.4977,114.4977
805.1965,239.1965,92.6070,111.6070
776.5085,225.0085,98.9830,117.9830
763.5822,229.0822,87.8357,106.8357
936.7412,574.7412,75.5176,94.5176
747.8329,209.8329,72.3342,91.3342
894.2798,569.2798,92.4404,111.4404
907.7786,566.7786,103.4429,122.4429
923.1790,556.6790,109.6419,128.6419
919.8334,562.3334,107.3331,126.3331
894.2384,570.7384,104.5233,123.5233
880.2116,575.7116,103.5767,122.5767
870.2397,581.2397,94.5206,113.5206
619.2061,84.2061,95.5878,114.5878
609.8151,69.3151,101.3698,120.3698
607.1796,64.6796,98.6409,117.6409
607.0604,60.5604,97.8792,116.8792
604.9161,57.9161,98.1679,117.1679
597.4584,71.4584,94.0833,113.0833
589.7827,114.2827,93.4345,112.4345
606.4648,143.9649,88.0703,107.0703
594.7434,174.7434,87.5132,106.5132
574.2438,126.7438,100.5124,119.5124
543.7449,103.2449,113.5102,132.5102
541.4376,76.4376,112.1249,131.1249
777.7767,506.7767,126.4465,145.4465
573.8596,49.8596,112.2807,131.2807
560.6270,55.1269,112.7461,131.7461
527.5074,76.0074,115.9852,134.9852
536.3186,110.3186,117.3628,136.3628
517.6754,152.6754,109.6491,128.6491
524.5953,180.5953,106.8094,125.8094
523.2564,187.2564,108.4872,127.4872
532.4852,201.4852,99.0297,118.0297
534.1452,202.1452,102.7096,121.7096
527.1862,196.6861,105.6277,124.6277
532.1014,186.6014,110.7972,129.7972
534.5494,160.0494,120.9012,139.9012
534.3916,145.3916,116.2168,135.2168
538.3768,121.3768,119.2465,138.2464
547.4720,95.4721,125.0559,144.0559
553.8437,88.8437,127.3127,146.3127
545.3109,89.3108,131.3783,150.3783
537.0161,97.0161,132.9677,151.9677
539.1790,133.1790,123.6421,142.6421
535.5000,147.5000,131.0000,150.0000
523.3842,172.3842,123.2316,142.2316
551.7903,199.2903,117.4193,136.4193
554.9776,218.9776,107.0448,126.0448
564.4023,220.9023,109.1954,128.1954
563.9760,221.9760,118.0481,137.0481
566.3840,208.8840,111.2320,130.2320
582.1960,190.1960,110.6081,129.6081
564.4510,177.4510,119.0980,138.0980
564.2509,180.7508,115.4983,134.4983
572.8606,190.8606,108.2788,127.2788
611.8997,208.8996,81.2007,100.2007
617.9875,212.9875,90.0250,109.0250
620.8994,237.3994,102.2013,121.2013
634.9578,255.9577,108.0845,127.0845
638.5768,266.0768,105.8464,124.8464
627.8237,268.8238,115.3525,134.3525
654.2663,252.2663,120.4674,139.4674
628.2357,259.2357,114.5285,133.5285
648.4025,246.9025,120.1951,139.1951
648.1374,258.6374,116.7252,135.7252
638.8490,260.3490,116.3020,135.3020
653.5541,249.0542,121.8917,140.8917
653.1846,220.1846,134.6309,153.6309
650.7740,205.2741,133.4519,152.4519
642.2527,198.7527,132.4946,151.4946
629.1252,209.1252,120.7496,139.7496
618.5009,208.0008,113.9983,132.9983
621.6301,197.6302,115.7397,134.7397
619.8268,178.3268,121.3465,140.3465
615.5253,164.0253,128.9494,147.9494
622.4039,163.4039,131.1921,150.1921
621.3889,163.3889,131.2223,150.2223
616.6296,151.6296,124.7408,143.7408
607.7957,154.2957,127.4085,146.4085
587.0240,146.5240,130.9519,149.9519
576.6375,146.6374,131.7251,150.7251
587.9886,155.9886,128.0227,147.0227
603.5949,152.5949,126.8101,145.8101
573.5309,166.0309,128.9382,147.9382
596.6649,173.1649,129.6702,148.6702
613.9932,181.4932,123.0135,142.0135
561.3766,183.3766,129.2468,148.2468
560.9941,198.9941,125.0118,144.0118
567.9481,207.9481,129.1039,148.1039
548.7685,221.7685,124.4630,143.4630
539.4594,225.4593,126.0814,145.0814
548.9787,219.4787,134.0425,153.0425
560.1489,224.1489,129.7023,148.7023
566.1696,225.6696,128.6609,147.6609
568.7563,225.7564,128.4873,147.4873
562.0958,226.5958,133.8083,152.8083
565.6325,239.1325,133.7350,152.7350
568.9620,247.9620,132.0760,151.0760
575.2835,247.7835,131.4330,150.4330
566.4396,260.9396,130.1208,149.1208
548.5587,254.5586,135.8827,154.8827
567.0963,269.0963,130.8075,149.8075
584.0935,265.5935,124.8130,143.8130
605.3167,268.3167,123.3667,142.3667
620.4233,249.9233,132.1534,151.1534
620.3928,269.3928,125.2144,144.2144
611.7407,259.2406,133.5187,152.5187
626.5590,268.0590,128.8819,147.8819
626.0669,265.5669,125.8662,144.8662
625.1138,265.6139,122.7723,141.7723
629.9417,278.9417,115.1166,134.1166
637.5558,277.5558,113.8884,132.8884
631.6727,280.6727,113.6546,132.6546
631.3428,282.3428,113.3144,132.3144
622.8148,272.3148,111.3705,130.3705
621.8219,265.3219,110.3562,129.3562
602.6346,269.1346,106.7308,125.7308
611.4792,267.4792,106.0417,125.0417
594.2991,256.7990,116.4019,135.4019
598.0336,250.0336,121.9329,140.9329
574.7993,248.2993,122.4015,141.4015
567.7472,235.2472,129.5056,148.5056
557.0000,230.5000,124.0000,143.0000
548.5853,224.5853,127.8294,146.8294
539.1541,215.6541,128.6919,147.6919
532.4398,215.4398,123.1204,142.1204
526.6879,214.6879,123.6242,142.6242
515.1328,216.1327,122.7345,141.7345
519.4183,212.4183,121.1634,140.1634
513.4939,213.4939,122.0122,141.0122
517.9732,218.9732,124.0536,143.0536
520.6562,210.6562,124.6877,143.6877
525.6548,206.6548,128.6905,147.6905
534.6292,192.6291,134.7418,153.7418
544.5103,188.0103,136.9794,155.9794
562.8959,178.8960,130.2081,149.2081
618.1331,212.1331,134.7338,153.7338
642.4368,222.4369,131.1263,150.1263
660.0000,227.5000,124.0000,143.0000
669.5060,235.0060,122.9880,141.9879
662.2159,216.7159,133.5682,152.5682
666.8635,213.8635,136.2731,155.2731
657.6581,213.6582,134.6837,153.6837
659.9266,210.4266,131.1469,150.1469
664.9963,196.4963,125.0074,144.0074
654.6789,176.1789,130.6422,149.6422
641.7664,158.7664,135.4673,154.4673
625.3394,147.3394,141.3213,160.3213
610.2273,134.7273,144.5454,163.5454
618.2820,129.2820,139.4359,158.4359
623.4728,118.9728,141.0544,160.0544
621.2506,100.7506,139.4987,158.4987
634.7183,97.2183,132.5635,151.5635
640.1458,83.1458,118.7083,137.7083
640.8628,66.8628,110.2745,129.2745
617.4714,67.9714,112.0573,131.0573
631.7523,70.7522,123.4955,142.4955
635.1339,86.6339,125.7321,144.7321
624.7571,87.2571,127.4857,146.4857
636.1208,113.1209,126.7583,145.7583
663.4492,114.9492,142.1017,161.1017
607.6996,130.6996,140.6007,159.6007
609.2800,137.2799,146.4401,165.4401
688.8445,124.3445,162.3111,181.3111
677.7271,127.7271,157.5457,176.5457
648.0100,118.0100,164.9800,183.9800
647.5399,96.0398,163.9203,182.9203
626.1174,94.1174,153.7651,172.7651
633.6664,78.1664,153.6673,172.6673
546.8332,114.8332,135.3336,154.3336
529.8650,102.3650,138.2700,157.2700
511.8253,100.8253,135.3494,154.3494
409.7754,152.2754,170.4492,189.4492
454.4226,105.9226,153.1548,172.1548
499.0457,105.0457,143.9086,162.9086
464.8787,121.8787,146.2426,165.2426
459.4133,119.4133,148.1735,167.1735
438.3440,110.3440,148.3120,167.3120
433.2230,118.7230,146.5540,165.5540
502.9566,513.4567,125.0867,144.0867
447.0763,498.5763,121.8474,140.8474
423.2105,468.2105,136.5790,155.5790
409.5805,448.0805,133.8390,152.8390
393.9667,465.9667,130.0666,149.0666
481.4831,112.4831,136.0338,155.0338
441.4794,113.9794,137.0412,156.0412
434.0945,125.5945,129.8109,148.8109
417.0067,147.0067,133.9867,152.9867
427.3752,142.3752,144.2497,163.2497
443.4821,166.9821,134.0359,153.0359
432.1825,168.1825,133.6349,152.6349
441.0661,181.0661,128.8679,147.8679
440.3936,188.3936,128.2128,147.2128
437.9532,170.9531,136.0937,155.0937
424.6652,173.1652,136.6695,155.6695
427.4219,165.9219,132.1561,151.1561
422.6155,151.1155,130.7689,149.7689
417.3069,137.3069,133.3863,152.3863
412.2625,127.2624,135.4751,154.4751
411.7133,122.7132,133.5735,152.5735
412.6456,114.6456,131.7088,150.7088
412.7681,109.2681,126.4639,145.4639
417.2613,105.7613,128.4774,147.4774
400.6296,106.6296,124.7408,143.7408
417.0256,113.5256,127.9489,146.9489
412.6389,110.6389,130.7221,149.7221
411.3793,113.3793,130.2413,149.2413
413.0245,113.5245,131.9511,150.9511
401.2679,125.7679,127.4643,146.4643
406.5000,130.0000,129.0000,148.0000
401.5166,125.0166,133.9668,152.9668
406.4030,131.4030,134.1940,153.1940
409.5658,135.0658,134.8683,153.8683
400.1970,135.1970,135.6060,154.6060
400.2773,138.2773,138.4454,157.4454
408.3019,141.8020,137.3961,156.3961
407.6381,140.6381,136.7238,155.7238
404.4112,145.4112,137.1777,156.1777
407.6617,148.6617,135.6765,154.6765
409.2506,154.7507,135.4987,154.4987
416.6265,157.6265,132.7470,151.7470
420.3792,159.3792,132.2415,151.2415
426.0007,169.5007,130.9986,149.9986
421.7507,186.2507,126.4986,145.4986
428.7937,177.2937,131.4125,150.4125
433.9688,189.9688,128.0625,147.0625
432.1638,190.1638,130.6725,149.6725
458.4195,169.4194,147.1611,166.1611
479.8890,161.3890,148.2220,167.2220
501.2517,160.2517,147.4965,166.4965
509.0521,161.0521,147.8958,166.8958
506.4399,169.4399,146.1202,165.1202
516.7202,173.7201,142.5597,161.5597
519.0511,186.5512,138.8977,157.8977
517.0026,196.5026,135.9948,154.9948
526.2506,184.7506,139.4987,158.4987
526.2814,199.7814,137.4372,156.4372
530.6699,195.6698,140.6603,159.6603
533.4200,201.4201,140.1599,159.1599
533.2559,202.7559,135.4882,154.4882
539.1526,201.1526,135.6948,154.6948
541.0533,204.5533,134.8934,153.8934
548.6421,215.6421,128.7158,147.7158
558.0804,228.5804,123.8391,142.8391
555.2355,224.7355,126.5289,145.5289
553.1001,212.1001,134.7998,153.7998
565.6547,230.6547,124.6906,143.6906
568.2958,242.2958,120.4083,139.4083
563.0536,238.5536,123.8928,142.8928
558.7739,238.2738,126.4523,145.4523
557.4694,232.9694,132.0611,151.0611
555.0808,235.0808,135.8384,154.8384
560.5903,233.0903,136.8194,155.8194
569.8281,237.3281,130.3438,149.3438
558.4907,229.4907,134.0186,153.0186
544.7722,217.2722,141.4557,160.4557
547.7493,211.7493,131.5014,150.5014
547.7493,197.7493,131.5014,150.5014
543.2805,182.2805,136.4391,155.4391
532.0049,158.0049,140.9901,159.9901
539.2239,146.7239,140.5522,159.5522
536.7532,134.2532,138.4937,157.4937
542.3663,114.3663,138.2675,157.2675
535.7295,108.2295,134.5410,153.5410
555.1017,90.1017,135.7967,154.7967
555.4766,86.4766,136.0469,155.0469
554.4078,80.4079,143.1843,162.1843
556.0958,80.5958,133.8083,152.8083
548.0598,92.0598,129.8805,148.8805
538.7493,94.7493,132.5014,151.5014
537.5955,84.5955,132.8089,151.8089
561.2750,92.2750,127.4500,146.4500
572.8337,76.8337,121.3326,140.3327
563.2189,58.7189,136.5621,155.5621
604.2675,70.2674,122.4651,141.4651
620.7081,59.2081,123.5838,142.5838
636.6046,57.1046,118.7909,137.7909
647.0256,51.5257,117.9487,136.9487
669.2958,53.7958,116.4084,135.4084
678.8691,58.3691,111.2618,130.2618
686.0674,58.0674,104.8652,123.8652
915.6516,516.6516,54.6969,73.6969
683.1188,77.6188,77.7624,96.7624
671.1481,73.1481,94.7038,113.7038
661.6193,70.6193,102.7615,121.7615
659.8826,81.8826,91.2348,110.2348
674.2831,114.7831,66.4339,85.4339
674.3546,105.3546,94.2909,113.2909
669.2278,120.7278,93.5444,112.5444
671.1802,121.6802,103.6396,122.6396
672.3215,127.8215,92.3569,111.3569
671.7084,105.7084,104.5833,123.5833
674.7374,104.7374,84.5253,103.5253
690.1464,88.6464,75.7071,94.7071
666.4894,63.9894,87.0213,106.0213
666.5466,59.5466,90.9068,109.9068
667.9376,52.9376,90.1248,109.1248
668.9451,52.4451,90.1099,109.1099
685.0728,45.0728,94.8544,113.8544
801.0715,597.5715,95.8570,114.8570
794.9201,598.4201,90.1597,109.1597
686.9688,8.4688,88.0625,107.0625
808.4222,571.9222,101.1555,120.1555
814.3375,568.3375,96.3250,115.3250
834.0741,567.0741,88.8518,107.8518
828.7325,575.7325,86.5349,105.5349
812.2511,575.7511,95.4977,114.4977
802.5963,572.5963,104.8074,123.8074
804.9197,588.9197,96.1605,115.1605
840.6505,608.1505,84.6990,103.6990
600.0000,301.0000,80.0000,118.0000
600.0000,301.0000,80.0000,118.0000
600.0000,301.0000,80.0000,118.0000
600.0000,301.0000,80.0000,118.0000
600.0000,301.0000,80.0000,118.0000
600.0000,301.0000,80.0000,118.0000
606.2303,17.7303,84.5393,103.5393
608.5128,20.0128,78.9743,97.9743
600.0000,301.0000,80.0000,118.0000
600.0000,301.0000,80.0000,118.0000
600.0000,301.0000,80.0000,118.0000
600.0000,301.0000,80.0000,118.0000
600.0000,301.0000,80.0000,118.0000
111.0000,181.0000,80.0000,118.0000
119.0000,195.0000,80.0000,118.0000
127.0000,195.0000,80.0000,118.0000
600.0000,301.0000,80.0000,118.0000
600.0000,301.0000,80.0000,118.0000
600.0000,301.0000,80.0000,118.0000
600.0000,301.0000,80.0000,118.0000
600.0000,301.0000,80.0000,118.0000
659.2617,9.2617,77.4767,96.4767
693.9162,18.4162,69.1676,88.1676
695.5697,9.0697,83.8606,102.8606
728.2789,7.2789,85.4423,104.4423
740.5427,9.5427,83.9147,102.9147
756.1150,7.6150,94.7700,113.7700
745.0778,-0.4222,113.8444,132.8444
737.3038,19.8038,115.3923,134.3923
111.0000,646.0000,80.0000,118.0000
696.0479,120.0478,107.9043,126.9043
740.8135,150.3136,73.3729,92.3729
753.3373,107.8373,109.3253,128.3253
760.2958,121.7958,116.4084,135.4084
827.5442,180.5442,73.9117,92.9117
798.6409,154.6409,119.7183,138.7182
767.2395,143.7395,105.5210,124.5210
815.9901,138.9901,103.0198,122.0198
127.0000,806.0000,80.0000,118.0000
788.8688,70.8688,118.2624,137.2624
78.0000,704.0000,80.0000,118.0000
656.6125,116.1125,83.7750,102.7750
630.7906,118.2906,95.4189,114.4189
615.0173,122.5173,97.9655,116.9655
594.0500,132.0500,94.8999,113.8999
570.7717,130.2717,100.4566,119.4566
535.9054,131.9054,102.1892,121.1892
494.8877,131.8877,100.2246,119.2246
453.3772,135.3772,105.2457,124.2457
401.3680,164.8680,91.2640,110.2640
341.3693,167.8693,103.2614,122.2614
275.3142,191.8142,98.3717,117.3717
216.8577,192.8577,104.2845,123.2845
225.0000,166.0000,80.0000,118.0000
600.0000,301.0000,80.0000,118.0000
600.0000,301.0000,80.0000,118.0000
600.0000,301.0000,80.0000,118.0000
600.0000,301.0000,80.0000,118.0000
600.0000,301.0000,80.0000,118.0000
600.0000,301.0000,80.0000,118.0000
600.0000,301.0000,80.0000,118.0000
220.0395,114.0395,115.9210,134.9210
399.2715,87.2716,112.4569,131.4569
510.7224,86.2225,103.5551,122.5551
594.0357,103.0357,102.9285,121.9285
669.4976,106.9976,118.0048,137.0048
717.1580,115.6580,106.6840,125.6840
764.5685,132.0685,113.8631,132.8631
782.3619,135.8620,120.2761,139.2761
807.5657,169.5658,117.8685,136.8685
808.3337,159.3337,121.3326,140.3327
804.8177,173.3177,118.3645,137.3645
777.7064,161.7064,124.5872,143.5872
756.6171,165.1171,116.7659,135.7659
733.3903,162.8904,110.2193,129.2193
709.7437,140.7437,109.5126,128.5126
702.4654,139.9654,105.0692,124.0692
695.1682,121.1682,112.6636,131.6636
690.3192,116.8192,110.3616,129.3616
673.4844,102.4844,120.0312,139.0312
662.1619,91.6619,126.6761,145.6761
646.7863,91.2863,124.4275,143.4275
655.9954,97.9954,121.0093,140.0093
653.8005,91.8005,125.3991,144.3991
659.4478,85.9478,131.1043,150.1043
665.5590,94.0590,128.8819,147.8819
656.3488,101.3488,125.3024,144.3024
671.1903,108.1903,97.6194,116.6194
686.1252,81.1252,111.7496,130.7496
669.1665,75.1665,112.6670,131.6671
679.1722,77.1722,119.6555,138.6555
698.2094,71.2094,121.5812,140.5813
695.3300,70.8300,131.3400,150.3400
737.6252,75.6252,112.7496,131.7496
111.0000,748.0000,80.0000,118.0000
29.0000,544.0000,80.0000,118.0000
588.0890,33.0890,70.8221,89.8221
591.9827,27.9826,76.0347,95.0347
45.0000,588.0000,80.0000,118.0000
62.0000,544.0000,80.0000,118.0000
62.0000,544.0000,80.0000,118.0000
45.0000,530.0000,80.0000,118.0000
29.0000,748.0000,80.0000,118.0000
600.0000,301.0000,80.0000,118.0000
29.0000,748.0000,80.0000,118.0000
600.0000,301.0000,80.0000,118.0000
600.0000,301.0000,80.0000,118.0000
600.0000,301.0000,80.0000,118.0000
600.0000,301.0000,80.0000,118.0000
600.0000,301.0000,80.0000,118.0000
600.0000,301.0000,80.0000,118.0000
600.0000,301.0000,80.0000,118.0000
600.0000,301.0000,80.0000,118.0000
127.0000,427.0000,80.0000,118.0000
127.0000,369.0000,80.0000,118.0000
356.1695,85.1695,124.6611,143.6611
384.7337,78.2337,139.5327,158.5327
427.1559,132.6559,62.6881,81.6881
422.1694,94.1694,127.6613,146.6613
403.3493,109.3493,112.3015,131.3015
408.7138,111.2138,105.5725,124.5725
45.0000,762.0000,80.0000,118.0000
809.5469,40.0469,99.9062,118.9062
804.2917,64.7917,65.4165,84.4165
881.3622,18.3622,97.2757,116.2757
763.7423,72.7423,80.5154,99.5154
789.7476,55.2476,91.5049,110.5049
29.0000,864.0000,80.0000,118.0000
906.0144,594.5144,91.9711,110.9711
935.1271,568.1271,106.7458,125.7458
987.8765,526.8765,133.2470,152.2470
553.0000,1009.0000,80.0000,118.0000
1012.5735,577.5735,68.8531,87.8531
600.0000,301.0000,80.0000,118.0000
600.0000,301.0000,80.0000,118.0000
618.0000,457.0000,80.0000,118.0000
429.2426,616.2427,48.5147,67.5147
618.0000,297.0000,80.0000,118.0000
600.0000,301.0000,80.0000,118.0000
600.0000,301.0000,80.0000,118.0000
600.0000,301.0000,80.0000,118.0000
600.0000,301.0000,80.0000,118.0000
600.0000,301.0000,80.0000,118.0000
1066.2568,93.7569,94.4862,113.4862
999.4018,72.9018,129.1964,148.1964
960.1099,67.6099,121.7802,140.7802
898.8723,69.8723,126.2554,145.2554
879.2227,67.2226,124.5547,143.5547
845.3657,81.8657,105.2687,124.2687
799.5500,79.0500,114.8999,133.8999
772.9454,66.9454,120.1093,139.1093
765.4568,66.4569,124.0863,143.0863
754.0031,66.5031,119.9938,138.9937
741.0035,70.5035,111.9931,130.9931
741.7536,59.2536,109.4928,128.4928
726.8196,57.3196,97.3607,116.3607
709.8707,55.3707,94.2586,113.2586
703.4955,43.4955,95.0091,114.0091
701.4549,16.9549,94.0902,113.0902
13.0000,646.0000,80.0000,118.0000
-3.0000,661.0000,80.0000,118.0000
600.0000,301.0000,80.0000,118.0000
600.0000,301.0000,80.0000,118.0000
600.0000,301.0000,80.0000,118.0000
600.0000,301.0000,80.0000,118.0000
600.0000,301.0000,80.0000,118.0000
600.0000,301.0000,80.0000,118.0000
600.0000,301.0000,80.0000,118.0000
600.0000,301.0000,80.0000,118.0000
600.0000,301.0000,80.0000,118.0000
13.0000,588.0000,80.0000,118.0000
-3.0000,573.0000,80.0000,118.0000
588.3252,8.3252,72.3497,91.3497
574.5121,9.5121,101.9758,120.9758
562.3850,13.8850,110.2300,129.2300
557.7250,29.7250,112.5500,131.5500
542.6443,39.1444,124.7113,143.7113
534.8906,77.8906,121.2188,140.2188
537.8099,88.3100,124.3801,143.3801
542.3518,96.8518,128.2964,147.2964
540.6290,116.1290,121.7420,140.7420
531.5996,133.0996,115.8007,134.8007
529.0135,126.5135,113.9730,132.9730
525.0763,120.5763,121.8474,140.8474
524.5186,115.0186,123.9628,142.9628
531.3537,102.3537,133.2926,152.2926
515.5351,106.5351,121.9298,140.9299
505.1434,84.6434,132.7133,151.7133
466.7422,89.7421,127.5157,146.5157
453.8452,92.8452,119.3095,138.3095
438.5960,80.5960,125.8079,144.8079
434.0971,79.5971,126.8058,145.8058
436.2309,79.2309,128.5381,147.5381
443.5522,78.0522,130.8955,149.8955
442.9555,91.9555,127.0890,146.0890
450.8843,109.8843,122.2314,141.2314
449.5088,132.0088,117.9824,136.9824
459.6790,162.1790,116.6420,135.6420
466.9641,179.9641,113.0719,132.0719
476.5670,192.0670,110.8661,129.8661
465.0960,217.0960,112.8080,131.8080
480.2012,234.7012,106.5977,125.5977
488.3219,246.3219,110.3562,129.3562
500.4724,260.4724,108.0551,127.0551
514.9622,269.4621,106.0757,125.0757
512.8639,282.3639,106.2722,125.2722
513.5655,302.0655,103.8690,122.8690
521.1784,291.6784,118.6432,137.6432
521.7518,305.2517,111.4965,130.4965
528.7784,310.2785,112.4431,131.4431
533.3629,316.3629,111.2741,130.2741
541.0147,323.5147,107.9706,126.9706
545.1486,328.1485,109.7029,128.7029
552.0084,321.0083,114.9833,133.9833
553.0626,327.0626,111.8749,130.8749
557.4210,333.4211,108.1579,127.1579
561.7722,342.7722,93.4556,112.4556
562.3776,341.8777,93.2447,112.2447
574.6390,348.6390,85.7220,104.7220
571.8132,346.3132,88.3735,107.3735
575.8820,346.3820,87.2361,106.2361
568.3442,346.8442,90.3115,109.3115
569.5189,347.5189,92.9622,111.9622
574.5544,351.5544,85.8912,104.8912
569.0770,347.5770,91.8459,110.8459
569.2511,352.7511,95.4977,114.4977
571.8242,347.8242,96.3516,115.3516
576.9048,346.4048,97.1905,116.1905
592.0263,338.0263,96.9473,115.9473
581.5139,333.5139,102.9722,121.9722
580.0259,337.5259,97.9482,116.9482
590.3015,332.8015,99.3970,118.3970
574.1918,328.1918,105.6163,124.6163
566.1467,322.1467,109.7065,128.7065
560.8012,315.8012,114.3976,133.3976
564.6296,317.1296,111.7409,130.7409
564.9343,307.4343,116.1315,135.1315
558.5707,315.5707,108.8586,127.8586
559.2509,308.2508,114.4983,133.4983
547.3930,288.3930,124.2140,143.2140
547.1456,293.1456,119.7088,138.7088
546.1932,287.1932,122.6136,141.6136
541.4557,276.4557,119.0886,138.0886
542.1946,251.6946,132.6107,151.6107
523.8533,274.8533,114.2933,133.2933
521.0541,264.5541,113.8918,132.8918
508.2500,263.7500,112.5000,131.5000
504.6953,299.6953,100.6094,119.6094
490.9952,278.4952,105.0096,124.0096
477.3503,291.8503,105.2993,124.2993
481.1146,308.1146,98.7707,117.7707
466.0000,297.0000,105.0000,124.0000
455.5455,301.5455,105.9090,124.9090
455.4182,308.9182,101.1637,120.1637
449.4758,303.4758,102.0484,121.0484
437.0438,280.5438,119.9125,138.9124
437.3006,300.8006,105.3988,124.3988
423.0011,296.5011,98.9979,117.9979
429.4141,314.9141,69.1719,88.1719
419.8563,314.3563,69.2874,88.2874
390.2209,305.2209,76.5582,95.5582
377.9137,302.4137,87.1726,106.1726
353.9201,304.4201,90.1597,109.1597
352.2742,308.7742,86.4516,105.4516
335.0218,304.5218,85.9565,104.9565
324.8723,289.3723,103.2554,122.2554
319.9048,296.4048,97.1905,116.1905
327.2654,311.2654,76.4692,95.4692
320.7826,298.7826,99.4348,118.4348
316.2007,287.7007,99.5987,118.5987
311.7530,279.7530,102.4940,121.4940
307.3698,277.3698,109.2604,128.2604
293.1383,277.1383,106.7233,125.7233
292.5149,273.5149,106.9701,125.9701
294.2509,275.7509,105.4981,124.4981
287.0417,278.0417,108.9166,127.9166
290.1001,286.6001,109.7997,128.7997
287.5708,290.0708,107.8583,126.8583
278.2958,299.2958,90.4083,109.4083
282.5260,303.5260,92.9481,111.9481
301.1074,307.1074,88.7852,107.7852
298.2126,314.2126,88.5747,107.5747
288.0576,315.0576,89.8849,108.8849
285.7649,318.2649,94.4702,113.4702
282.4031,310.4031,107.1937,126.1937
281.4814,313.4814,107.0373,126.0373
284.0765,308.5765,111.8471,130.8471
281.4084,307.4084,115.1831,134.1831
283.7876,294.7876,121.4248,140.4248
299.0067,312.0067,113.9865,132.9865
312.6417,328.6417,100.7166,119.7166
300.9914,338.9914,98.0172,117.0172
297.1970,332.6970,109.6060,128.6060
297.2715,332.2715,112.4569,131.4569
305.0054,340.0054,108.9891,127.9891
312.9821,352.9821,110.0357,129.0357
326.4292,362.9292,92.1416,111.1416
385.2250,321.2250,127.5500,146.5500
500.2490,299.2490,101.5020,120.5020
392.4504,274.9504,142.0992,161.0992
396.2750,261.2750,147.4500,166.4500
395.8740,219.8740,149.2520,168.2520
454.8627,212.3627,135.2746,154.2746
442.2556,201.2556,140.4888,159.4888
430.4485,210.9485,114.1030,133.1030
519.6309,153.1309,137.7382,156.7382
456.9475,176.9475,128.1051,147.1051
481.0924,173.0924,127.8151,146.8151
413.5025,162.0025,140.9951,159.9951
411.3870,150.3870,145.2260,164.2260
435.0752,97.0752,182.8496,201.8496
439.7137,101.2136,177.5727,196.5727
445.4273,117.9273,168.1454,187.1454
427.8389,118.3389,164.3222,183.3222
472.0226,119.0225,161.9549,180.9549
532.2175,134.2175,149.5650,168.5650
584.0375,127.0375,149.9250,168.9250
572.6283,116.6283,158.7434,177.7434
552.8298,96.8298,172.3405,191.3405
574.7723,110.2723,157.4553,176.4553
572.1814,109.1814,146.6372,165.6372
664.4286,113.4286,131.1427,150.1427
629.0736,109.0736,141.8528,160.8528
645.5842,90.5842,146.8316,165.8316
676.5632,90.0632,138.8737,157.8737
639.9108,92.9108,145.1784,164.1784
705.9205,95.9205,139.1590,158.1590
692.0152,85.5152,150.9696,169.9696
671.7343,85.7343,147.5314,166.5314
711.5403,89.0403,143.9194,162.9194
745.8268,86.3268,138.3463,157.3463
706.5879,97.5879,123.8242,142.8242
721.8205,89.3205,122.3590,141.3590
756.3470,80.8470,115.3060,134.3060
111.0000,748.0000,80.0000,118.0000
769.0013,64.5013,88.9975,107.9975
772.5894,49.5894,130.8213,149.8213
773.4135,43.4135,131.1729,150.1729
749.1232,55.1233,102.7535,121.7535
746.9924,60.9923,89.0153,108.0153
777.6267,39.6267,121.7466,140.7466
781.4678,40.9678,108.0643,127.0643
782.7868,34.7868,116.4264,135.4264
785.3010,39.3010,107.3981,126.3981
781.3762,40.8762,104.2476,123.2476
78.0000,646.0000,80.0000,118.0000
673.4025,75.4025,54.1951,73.1951
78.0000,646.0000,80.0000,118.0000
78.0000,646.0000,80.0000,118.0000
70.0000,646.0000,80.0000,118.0000
697.6236,64.1236,73.7528,92.7528
78.0000,690.0000,80.0000,118.0000
62.0000,660.0000,80.0000,118.0000
95.0000,660.0000,80.0000,118.0000
78.0000,690.0000,80.0000,118.0000
95.0000,690.0000,80.0000,118.0000
111.0000,689.0000,80.0000,118.0000
119.0000,689.0000,80.0000,118.0000
111.0000,690.0000,80.0000,118.0000
127.0000,748.0000,80.0000,118.0000
127.0000,777.0000,80.0000,118.0000
127.0000,777.0000,80.0000,118.0000
127.0000,806.0000,80.0000,118.0000
127.0000,835.0000,80.0000,118.0000
866.5051,111.0051,88.9898,107.9898
869.6583,96.6583,111.6833,130.6833
878.4459,91.9459,122.1082,141.1082
870.8889,104.8889,104.2223,123.2223
912.4438,107.4438,100.1124,119.1124
913.6438,95.6438,120.7125,139.7124
909.1400,91.1399,124.7201,143.7201
916.5017,101.5017,113.9966,132.9966
912.7800,90.2800,127.4400,146.4400
942.1714,105.6714,115.6571,134.6571
944.4041,101.4041,122.1918,141.1918
957.3968,107.8968,115.2064,134.2064
953.2917,109.2917,119.4166,138.4166
945.4064,123.4064,100.1872,119.1872
942.2644,108.2644,122.4712,141.4712
952.4886,108.4886,117.0227,136.0227
937.4500,117.4500,110.0999,129.0999
952.0200,133.5200,89.9600,108.9600
940.2917,175.7917,77.4166,96.4166
193.0000,937.0000,80.0000,118.0000
945.8013,185.3013,70.3974,89.3974
963.9741,184.4741,81.0518,100.0518
965.2647,190.7647,82.4706,101.4706
981.7207,197.2207,80.5586,99.5586
225.0000,980.0000,80.0000,118.0000
225.0000,980.0000,80.0000,118.0000
225.0000,952.0000,80.0000,118.0000
225.0000,951.0000,80.0000,118.0000
974.5352,208.0352,55.9295,74.9295
965.9879,208.9879,71.0242,90.0242
209.0000,937.0000,80.0000,118.0000
973.2500,214.7500,48.5000,67.5000
957.3563,204.3563,79.2874,98.2874
946.5560,204.5560,77.8880,96.8880
926.0901,203.0901,71.8198,90.8198
913.9291,204.4290,69.1419,88.1419
925.3934,201.8934,61.2132,80.2132
933.8453,193.8452,56.3095,75.3095
912.0579,151.5578,92.8843,111.8843
916.3441,127.3441,108.3118,127.3118
908.0712,131.0712,97.8576,116.8576
921.9814,124.4814,97.0373,116.0373
917.8792,128.8792,73.2415,92.2415
875.2382,125.2382,66.5236,85.5236
127.0000,835.0000,80.0000,118.0000
600.0000,301.0000,80.0000,118.0000
94.0000,777.0000,80.0000,118.0000
760.6927,73.6927,58.6145,77.6145
776.7614,64.7614,78.4773,97.4773
62.0000,777.0000,80.0000,118.0000
785.0321,50.5321,76.9358,95.9358
786.4466,49.4466,61.1069,80.1069
757.1599,39.1599,72.6803,91.6803
600.0000,301.0000,80.0000,118.0000
29.0000,748.0000,80.0000,118.0000
651.3542,8.8542,78.2916,97.2916
653.9946,5.4946,86.0109,105.0109
635.4338,10.9338,89.1325,108.1325
29.0000,544.0000,80.0000,118.0000
29.0000,544.0000,80.0000,118.0000
45.0000,515.0000,80.0000,118.0000
600.0000,301.0000,80.0000,118.0000
440.3836,108.8836,85.2327,104.2327
382.0228,112.5228,102.9543,121.9543
364.9392,138.4392,114.1215,133.1215
287.5211,165.5211,116.9578,135.9578
236.4683,183.9683,111.0634,130.0634
94.0000,515.0000,80.0000,118.0000
111.0000,471.0000,80.0000,118.0000
94.0000,457.0000,80.0000,118.0000
297.1339,361.1339,83.7321,102.7321
258.0799,417.5799,133.8403,152.8403
552.0000,181.0000,80.0000,118.0000
600.0000,301.0000,80.0000,118.0000
111.0000,413.0000,80.0000,118.0000
380.6969,73.6969,123.6062,142.6062
357.1330,77.1330,135.7340,154.7340
395.1565,76.1565,139.6870,158.6870
347.0780,106.5780,152.8439,171.8439
434.6689,143.1689,88.6621,107.6621
234.1879,228.6879,123.6242,142.6242
600.0000,301.0000,80.0000,118.0000
209.6175,297.6175,87.7651,106.7651
415.5308,82.0308,112.9383,131.9383
442.6209,92.6209,97.7581,116.7581
450.8109,103.3109,95.3782,114.3782
478.3297,109.3297,78.3406,97.3406
209.0000,457.0000,80.0000,118.0000
651.7381,189.2381,71.5238,90.5238
209.0000,631.0000,80.0000,118.0000
659.4446,208.4446,58.1108,77.1108
209.0000,632.0000,80.0000,118.0000
663.6125,182.1125,83.7750,102.7750
680.4523,189.4523,74.0955,93.0955
773.9481,579.9481,105.1038,124.1038
809.8599,548.8599,113.2803,132.2803
855.8891,497.3891,125.2218,144.2218
817.0541,488.5541,113.8918,132.8918
874.2036,399.2036,127.5928,146.5928
806.2691,478.7691,69.4618,88.4618
984.0457,392.5457,106.9085,125.9085
454.0000,951.0000,80.0000,118.0000
927.8907,413.3908,120.2185,139.2184
903.3068,437.3069,133.3863,152.3863
600.0000,301.0000,80.0000,118.0000
992.4299,543.9299,64.1402,83.1402
981.5807,194.0808,77.8385,96.8385
918.3979,121.3979,117.2043,136.2043
520.0000,980.0000,80.0000,118.0000
943.0523,508.0523,94.8954,113.8954
586.0000,922.0000,80.0000,118.0000
602.0000,922.0000,80.0000,118.0000
610.0000,893.0000,80.0000,118.0000
600.0000,301.0000,80.0000,118.0000
600.0000,301.0000,80.0000,118.0000
600.0000,301.0000,80.0000,118.0000
600.0000,301.0000,80.0000,118.0000
600.0000,301.0000,80.0000,118.0000
600.0000,301.0000,80.0000,118.0000
78.0000,646.0000,80.0000,118.0000
636.1255,132.6255,71.7490,90.7490
225.0000,631.0000,80.0000,118.0000
258.0000,631.0000,80.0000,118.0000
177.0000,646.0000,80.0000,118.0000
593.7360,251.2360,93.5280,112.5280
599.8466,183.3466,92.3068,111.3068
622.9057,127.9057,81.1886,100.1886
649.5212,44.5212,98.9576,117.9576
53.0000,617.0000,80.0000,118.0000
29.0000,748.0000,80.0000,118.0000
600.0000,301.0000,80.0000,118.0000
600.0000,301.0000,80.0000,118.0000
600.0000,301.0000,80.0000,118.0000
600.0000,301.0000,80.0000,118.0000
600.0000,301.0000,80.0000,118.0000
600.0000,301.0000,80.0000,118.0000
29.0000,166.0000,80.0000,118.0000
29.0000,181.0000,80.0000,118.0000
29.0000,282.0000,80.0000,118.0000
29.0000,311.0000,80.0000,118.0000
600.0000,301.0000,80.0000,118.0000
600.0000,301.0000,80.0000,118.0000
29.0000,253.0000,80.0000,118.0000
600.0000,301.0000,80.0000,118.0000
600.0000,301.0000,80.0000,118.0000
199.2285,112.2285,118.5430,137.5430
262.8298,124.8298,67.3404,86.3404
229.7992,124.2992,131.4016,150.4016
240.2293,122.2293,127.5414,146.5414
260.6221,120.1221,143.7557,162.7557
261.0222,118.0221,135.9557,154.9557
247.7203,122.7203,130.5594,149.5594
272.2055,123.2055,97.5891,116.5891
29.0000,486.0000,80.0000,118.0000
232.6362,111.1362,91.7277,110.7277
209.6700,109.6700,98.6600,117.6600
294.1742,47.6741,121.6517,140.6517
29.0000,253.0000,80.0000,118.0000
192.6281,88.6281,84.7437,103.7437
600.0000,301.0000,80.0000,118.0000
600.0000,301.0000,80.0000,118.0000
600.0000,301.0000,80.0000,118.0000
600.0000,301.0000,80.0000,118.0000
600.0000,301.0000,80.0000,118.0000
600.0000,301.0000,80.0000,118.0000
600.0000,301.0000,80.0000,118.0000
600.0000,301.0000,80.0000,118.0000
600.0000,301.0000,80.0000,118.0000
600.0000,301.0000,80.0000,118.0000
600.0000,301.0000,80.0000,118.0000
600.0000,301.0000,80.0000,118.0000
600.0000,301.0000,80.0000,118.0000
600.0000,301.0000,80.0000,118.0000
600.0000,301.0000,80.0000,118.0000
600.0000,301.0000,80.0000,118.0000
600.0000,301.0000,80.0000,118.0000
600.0000,301.0000,80.0000,118.0000
600.0000,301.0000,80.0000,118.0000
600.0000,301.0000,80.0000,118.0000
600.0000,301.0000,80.0000,118.0000
600.0000,301.0000,80.0000,118.0000
600.0000,301.0000,80.0000,118.0000
600.0000,301.0000,80.0000,118.0000
600.0000,301.0000,80.0000,118.0000
600.0000,301.0000,80.0000,118.0000
29.0000,486.0000,80.0000,118.0000
29.0000,486.0000,80.0000,118.0000
29.0000,486.0000,80.0000,118.0000
29.0000,457.0000,80.0000,118.0000
29.0000,486.0000,80.0000,118.0000
29.0000,486.0000,80.0000,118.0000
29.0000,486.0000,80.0000,118.0000
29.0000,486.0000,80.0000,118.0000
485.4570,22.9570,69.0861,88.0861
29.0000,486.0000,80.0000,118.0000
505.6443,36.6443,53.7113,72.7113
467.1411,14.6410,87.7179,106.7179
482.1523,30.1523,81.6953,100.6953
530.2919,64.7919,47.4162,66.4162
46.0000,515.0000,80.0000,118.0000
54.0000,515.0000,80.0000,118.0000
504.8900,41.8899,91.2201,110.2201
508.5375,32.5375,99.9249,118.9249
484.2917,40.2917,98.4166,117.4166
491.3418,43.3418,92.3163,111.3163
496.6526,42.1526,101.6948,120.6948
519.3397,43.3397,103.3206,122.3206
523.7302,47.7301,93.5397,112.5397
518.8436,70.3436,89.3128,108.3128
529.9210,63.4209,100.1581,119.1581
521.3275,75.3275,92.3450,111.3450
514.4797,92.4797,83.0407,102.0407
538.6700,113.6700,73.6601,92.6601
509.0979,125.5979,64.8042,83.8042
539.4534,111.9534,99.0931,118.0931
532.7583,97.2583,115.4834,134.4834
543.7419,99.2419,117.5161,136.5161
543.6393,101.6393,119.7214,138.7214
519.7941,99.2941,126.4118,145.4118
557.8229,105.8229,121.3542,140.3542
534.8699,104.3699,123.2601,142.2601
553.3376,102.3377,123.3247,142.3247
541.3375,115.3375,116.3250,135.3250
498.1553,132.1553,110.6895,129.6895
527.9659,131.9659,106.0681,125.0681
462.1552,149.6552,108.6895,127.6895
517.2263,120.2262,121.5475,140.5475
536.6516,139.6516,115.6968,134.6968
548.3199,141.3199,112.3602,131.3602
549.2891,146.2890,118.4219,137.4219
542.1485,139.6485,125.7030,144.7030
535.4253,130.9253,137.1494,156.1494
541.8370,142.3370,133.3260,152.3260
548.8990,140.8990,134.2019,153.2019
548.9671,140.9671,135.0658,154.0658
539.1678,136.6678,139.6644,158.6644
531.6743,131.6743,136.6514,155.6514
525.2867,137.2867,123.4266,142.4266
520.8973,143.3973,130.2053,149.2053
523.3192,138.3192,138.3616,157.3616
523.3104,132.3104,140.3793,159.3793
508.0102,144.5102,137.9796,156.9796
522.7010,148.2010,130.5980,149.5980
516.8577,145.8577,133.2845,152.2845
513.7493,154.7493,132.5014,151.5014
494.0611,175.5611,126.8778,145.8778
502.6695,155.6695,138.6610,157.6610
512.6747,147.1747,139.6506,158.6506
511.5188,165.5188,132.9624,151.9624
491.7863,164.2863,124.4275,143.4275
499.8244,163.3244,137.3512,156.3512
501.3280,148.8280,143.3441,162.3441
451.0108,240.0108,97.9784,116.9784
483.0674,147.5674,143.8653,162.8653
502.6458,98.6458,124.7083,143.7083
503.4633,94.9633,120.0734,139.0734
503.3251,110.8251,107.3498,126.3498
508.1594,127.6594,96.6811,115.6811
459.6175,266.1175,79.7649,98.7649
483.7514,119.2514,84.4972,103.4972
453.3248,270.8248,78.3504,97.3504
468.0626,279.0626,73.8748,92.8748
468.8503,270.3503,77.2995,96.2995
472.2520,270.2520,70.4959,89.4959
488.1690,286.1690,51.6619,70.6619
516.8756,261.8756,65.2488,84.2488
522.1255,256.1255,67.7489,86.7489
576.0351,192.5351,112.9298,131.9298
572.7698,169.7698,131.4604,150.4604
589.8973,161.3973,130.2053,149.2053
562.0388,163.0388,126.9224,145.9224
550.8096,174.3096,115.3807,134.3807
562.6725,159.6725,116.6551,135.6551
557.3295,136.8295,141.3410,160.3410
574.1954,132.6954,139.6092,158.6092
285.7881,161.7881,110.4237,129.4237
609.3428,139.3428,113.3144,132.3144
598.4606,128.9605,135.0789,154.0789
609.1451,124.1451,127.7097,146.7097
610.8738,111.8738,134.2523,153.2523
615.2041,108.7041,132.5918,151.5918
627.7601,112.7601,120.4798,139.4798
622.5032,105.0032,118.9937,137.9937
620.3180,97.8180,126.3641,145.3641
634.3137,93.8136,126.3727,145.3727
650.3564,109.3564,106.2873,125.2873
660.6439,97.1439,126.7122,145.7122
661.3297,106.3296,111.3407,130.3407
652.7761,123.2761,121.4478,140.4478
766.3979,125.3980,133.2041,152.2041
775.7524,117.2525,141.4951,160.4951
752.6783,118.6783,124.6434,143.6434
757.8366,182.3366,67.3267,86.3267
780.5336,171.0336,106.9328,125.9328
790.7328,126.7328,145.5343,164.5343
764.3191,115.3191,140.3618,159.3618
784.4265,93.4265,125.1469,144.1469
780.8682,79.8682,129.2637,148.2637
217.7009,105.7009,112.5982,131.5982
833.7957,66.2957,112.4086,131.4086
764.6412,60.1412,75.7176,94.7176
753.4688,37.9688,98.0625,117.0625
767.8533,26.3533,108.2935,127.2935
769.6362,27.1362,91.7277,110.7277
768.8007,20.3007,100.3987,119.3987
756.5189,24.5189,92.9622,111.9622
771.5272,45.5272,62.9456,81.9456
758.3772,24.8772,103.2456,122.2456
761.5555,44.0555,83.8891,102.8891
45.0000,748.0000,80.0000,118.0000
758.0930,24.5930,68.8141,87.8141
29.0000,718.0000,80.0000,118.0000
600.0000,301.0000,80.0000,118.0000
600.0000,301.0000,80.0000,118.0000
600.0000,301.0000,80.0000,118.0000
600.0000,301.0000,80.0000,118.0000
600.0000,301.0000,80.0000,118.0000
600.0000,301.0000,80.0000,118.0000
600.0000,301.0000,80.0000,118.0000
600.0000,301.0000,80.0000,118.0000
268.7965,111.2965,100.4070,119.4070
320.7841,99.7841,100.4318,119.4318
361.7997,118.2997,76.4006,95.4006
127.0000,369.0000,80.0000,118.0000
600.0000,301.0000,80.0000,118.0000
600.0000,301.0000,80.0000,118.0000
600.0000,301.0000,80.0000,118.0000
111.0000,529.0000,80.0000,118.0000
497.0123,91.0123,100.9754,119.9754
111.0000,530.0000,80.0000,118.0000
532.1880,77.1880,111.6240,130.6240
512.4111,72.4111,113.1779,132.1779
510.9183,94.9183,95.1634,114.1634
850.0774,81.0774,52.8452,71.8452
62.0000,835.0000,80.0000,118.0000
825.2511,54.2511,97.4978,116.4978
837.8461,75.3461,63.3077,82.3077
813.0399,67.0398,61.9203,80.9203
94.0000,748.0000,80.0000,118.0000
761.9501,107.9501,65.0998,84.0998
119.0000,748.0000,80.0000,118.0000
765.5215,108.5216,68.9569,87.9569
95.0000,864.0000,80.0000,118.0000
95.0000,748.0000,80.0000,118.0000
759.1005,83.6005,59.7990,78.7990
70.0000,704.0000,80.0000,118.0000
689.7791,54.2791,91.4417,110.4417
681.3754,52.3754,82.2493,101.2493
700.6459,56.6459,64.7083,83.7083
674.8137,48.3137,68.3725,87.3725
45.0000,646.0000,80.0000,118.0000
29.0000,661.0000,80.0000,118.0000
29.0000,660.0000,80.0000,118.0000
29.0000,660.0000,80.0000,118.0000
600.0000,301.0000,80.0000,118.0000
46.0000,646.0000,80.0000,118.0000
46.0000,632.0000,80.0000,118.0000
1019.4683,537.4683,103.0635,122.0635
1023.1306,520.6306,87.7389,106.7389
78.0000,631.0000,80.0000,118.0000
127.0000,835.0000,80.0000,118.0000
144.0000,864.0000,80.0000,118.0000
652.4287,151.4287,75.1426,94.1426
633.0432,120.5432,110.9137,129.9137
737.0896,174.5896,67.8209,86.8209
160.0000,748.0000,80.0000,118.0000
192.0000,748.0000,80.0000,118.0000
128.0000,777.0000,80.0000,118.0000
144.0000,748.0000,80.0000,118.0000
600.0000,301.0000,80.0000,118.0000
600.0000,301.0000,80.0000,118.0000
600.0000,301.0000,80.0000,118.0000
600.0000,301.0000,80.0000,118.0000
127.0000,544.0000,80.0000,118.0000
127.0000,486.0000,80.0000,118.0000
127.0000,777.0000,80.0000,118.0000
600.0000,301.0000,80.0000,118.0000
127.0000,777.0000,80.0000,118.0000
127.0000,777.0000,80.0000,118.0000
143.0000,820.0000,80.0000,118.0000
143.0000,806.0000,80.0000,118.0000
600.0000,301.0000,80.0000,118.0000
600.0000,301.0000,80.0000,118.0000
600.0000,301.0000,80.0000,118.0000
869.0263,39.5263,77.9473,96.9473
882.9279,15.9279,111.1442,130.1442
600.0000,301.0000,80.0000,118.0000
600.0000,301.0000,80.0000,118.0000
600.0000,301.0000,80.0000,118.0000
600.0000,301.0000,80.0000,118.0000
600.0000,301.0000,80.0000,118.0000
600.0000,301.0000,80.0000,118.0000
600.0000,301.0000,80.0000,118.0000
600.0000,301.0000,80.0000,118.0000
600.0000,301.0000,80.0000,118.0000
600.0000,301.0000,80.0000,118.0000
600.0000,301.0000,80.0000,118.0000
600.0000,301.0000,80.0000,118.0000
600.0000,301.0000,80.0000,118.0000
600.0000,301.0000,80.0000,118.0000
600.0000,301.0000,80.0000,118.0000
600.0000,301.0000,80.0000,118.0000
600.0000,301.0000,80.0000,118.0000
600.0000,301.0000,80.0000,118.0000
600.0000,301.0000,80.0000,118.0000
600.0000,301.0000,80.0000,118.0000
600.0000,301.0000,80.0000,118.0000
600.0000,301.0000,80.0000,118.0000
600.0000,301.0000,80.0000,118.0000
600.0000,301.0000,80.0000,118.0000
600.0000,301.0000,80.0000,118.0000
600.0000,301.0000,80.0000,118.0000
600.0000,301.0000,80.0000,118.0000
600.0000,301.0000,80.0000,118.0000
600.0000,301.0000,80.0000,118.0000
600.0000,301.0000,80.0000,118.0000
600.0000,301.0000,80.0000,118.0000
600.0000,301.0000,80.0000,118.0000
600.0000,301.0000,80.0000,118.0000
600.0000,301.0000,80.0000,118.0000
600.0000,301.0000,80.0000,118.0000
600.0000,301.0000,80.0000,118.0000
600.0000,301.0000,80.0000,118.0000
600.0000,301.0000,80.0000,118.0000
600.0000,301.0000,80.0000,118.0000
600.0000,301.0000,80.0000,118.0000
600.0000,301.0000,80.0000,118.0000
600.0000,301.0000,80.0000,118.0000
600.0000,301.0000,80.0000,118.0000
600.0000,301.0000,80.0000,118.0000
600.0000,301.0000,80.0000,118.0000
600.0000,301.0000,80.0000,118.0000
600.0000,301.0000,80.0000,118.0000
600.0000,301.0000,80.0000,118.0000
600.0000,301.0000,80.0000,118.0000
600.0000,301.0000,80.0000,118.0000
600.0000,301.0000,80.0000,118.0000
600.0000,301.0000,80.0000,118.0000
600.0000,301.0000,80.0000,118.0000
600.0000,301.0000,80.0000,118.0000
600.0000,301.0000,80.0000,118.0000
600.0000,301.0000,80.0000,118.0000
600.0000,301.0000,80.0000,118.0000
600.0000,301.0000,80.0000,118.0000
600.0000,301.0000,80.0000,118.0000
600.0000,301.0000,80.0000,118.0000
600.0000,301.0000,80.0000,118.0000
600.0000,301.0000,80.0000,118.0000
600.0000,301.0000,80.0000,118.0000
600.0000,301.0000,80.0000,118.0000
600.0000,301.0000,80.0000,118.0000
600.0000,301.0000,80.0000,118.0000
600.0000,301.0000,80.0000,118.0000
600.0000,301.0000,80.0000,118.0000
600.0000,301.0000,80.0000,118.0000
600.0000,301.0000,80.0000,118.0000
600.0000,301.0000,80.0000,118.0000
600.0000,301.0000,80.0000,118.0000
600.0000,301.0000,80.0000,118.0000
600.0000,301.0000,80.0000,118.0000
600.0000,301.0000,80.0000,118.0000
600.0000,301.0000,80.0000,118.0000
600.0000,301.0000,80.0000,118.0000
600.0000,301.0000,80.0000,118.0000
176.0000,341.0000,80.0000,118.0000
176.0000,399.0000,80.0000,118.0000
397.3536,146.3536,109.2929,128.2929
363.6636,144.6636,98.6728,117.6728
325.6569,151.1569,122.6862,141.6862
320.7842,152.2842,131.4317,150.4317
298.4064,179.9064,86.1871,105.1871
307.2763,189.7763,68.4473,87.4473
225.0000,283.0000,80.0000,118.0000
341.5508,198.0508,108.8985,127.8985
298.8574,205.8574,110.2851,129.2851
241.0000,355.0000,80.0000,118.0000
341.3542,210.8542,108.2917,127.2917
242.0000,370.0000,80.0000,118.0000
658.3015,82.8015,133.3970,152.3970
127.0000,690.0000,80.0000,118.0000
739.7620,131.7620,107.4759,126.4759
749.9167,139.4168,112.1665,131.1665
463.3394,196.3395,85.3211,104.3211
438.4339,180.4339,108.1322,127.1322
209.0000,471.0000,80.0000,118.0000
209.0000,471.0000,80.0000,118.0000
455.5063,174.0063,49.9875,68.9875
478.6729,134.1730,110.6541,129.6541
468.1142,127.1142,119.7715,138.7715
443.0164,126.0164,100.9672,119.9672
160.0000,428.0000,80.0000,118.0000
447.9901,129.9901,78.0197,97.0197
127.0000,428.0000,80.0000,118.0000
127.0000,428.0000,80.0000,118.0000
111.0000,646.0000,80.0000,118.0000
127.0000,689.0000,80.0000,118.0000
751.5056,90.0056,84.9889,103.9889
759.3292,114.8292,68.3417,87.3417
725.0889,93.5888,101.8223,120.8223
600.0000,301.0000,80.0000,118.0000
111.0000,806.0000,80.0000,118.0000
119.0000,850.0000,80.0000,118.0000
119.0000,850.0000,80.0000,118.0000
127.0000,864.0000,80.0000,118.0000
872.8602,111.3602,85.2797,104.2797
859.0952,128.0951,68.8097,87.8097
851.6762,124.1762,86.6476,105.6476
865.1802,118.6802,86.6396,105.6396
878.4570,131.4570,69.0861,88.0861
143.0000,864.0000,80.0000,118.0000
911.5945,147.5945,51.8110,70.8110
144.0000,864.0000,80.0000,118.0000
866.9376,136.9377,66.1247,85.1247
874.9377,139.4377,63.1247,82.1247
879.8007,140.8006,63.3987,82.3987
867.7341,139.2341,71.5317,90.5317
872.0783,139.0783,71.8434,90.8434
144.0000,864.0000,80.0000,118.0000
144.0000,821.0000,80.0000,118.0000
160.0000,864.0000,80.0000,118.0000
160.0000,864.0000,80.0000,118.0000
871.8690,168.8690,58.2620,77.2620
879.8855,174.8855,65.2290,84.2290
882.9240,167.9240,86.1519,105.1519
881.9002,159.4002,90.1996,109.1996
887.3727,172.3727,87.2546,106.2546
887.1944,161.1944,90.6113,109.6113
871.1312,138.1312,102.7375,121.7375
890.7947,141.2947,108.4105,127.4105
902.7658,189.2658,79.4683,98.4683
891.8755,210.8755,70.2490,89.2490
887.2542,177.7541,100.4917,119.4917
880.1804,215.1804,87.6393,106.6393
870.0263,245.5263,77.9473,96.9473
855.2608,256.2608,80.4784,99.4784
849.5000,260.5000,75.0000,94.0000
857.0331,261.0331,73.9338,92.9338
845.0299,260.0299,85.9402,104.9402
841.7874,258.2874,88.4252,107.4252
822.4064,260.4064,100.1872,119.1872
823.7430,264.2430,93.5140,112.5140
811.0853,264.0853,86.8295,105.8295
811.0179,263.0179,88.9643,107.9643
819.2750,278.2750,57.4499,76.4499
805.7261,264.7261,84.5477,103.5477
797.7361,277.7361,62.5278,81.5278
794.7669,281.7669,58.4662,77.4662
275.0000,762.0000,80.0000,118.0000
799.5000,274.5000,75.0000,94.0000
283.0000,763.0000,80.0000,118.0000
801.1213,286.6213,52.7574,71.7573
799.0857,266.0857,77.8286,96.8286
801.0447,266.0447,67.9106,86.9106
785.6369,263.6369,72.7261,91.7261
783.1707,260.1707,67.6586,86.6586
778.3150,247.8150,79.3700,98.3700
808.1382,188.1382,116.7235,135.7235
827.4049,177.4049,128.1901,147.1901
812.7036,172.2036,123.5928,142.5928
816.2761,177.7762,116.4477,135.4477
757.2446,180.2447,98.5107,117.5107
805.2653,157.7653,109.4694,128.4694
836.3518,120.8518,128.2964,147.2964
846.5089,110.0088,124.9824,143.9823
873.6200,92.6200,136.7600,155.7600
870.6113,84.6113,120.7775,139.7775
871.7871,55.2871,122.4257,141.4257
842.5141,35.5141,110.9718,129.9718
827.1880,4.6880,108.6240,127.6240
886.0607,-1.4393,105.8787,124.8787
29.0000,893.0000,80.0000,118.0000
930.0037,22.5037,56.9926,75.9926
29.0000,951.0000,80.0000,118.0000
29.0000,893.0000,80.0000,118.0000
29.0000,893.0000,80.0000,118.0000
29.0000,922.0000,80.0000,118.0000
600.0000,301.0000,80.0000,118.0000
600.0000,301.0000,80.0000,118.0000
600.0000,301.0000,80.0000,118.0000
600.0000,301.0000,80.0000,118.0000
600.0000,301.0000,80.0000,118.0000
600.0000,301.0000,80.0000,118.0000
600.0000,301.0000,80.0000,118.0000
600.0000,301.0000,80.0000,118.0000
600.0000,301.0000,80.0000,118.0000
600.0000,301.0000,80.0000,118.0000
600.0000,301.0000,80.0000,118.0000
600.0000,301.0000,80.0000,118.0000
600.0000,301.0000,80.0000,118.0000
600.0000,301.0000,80.0000,118.0000
600.0000,301.0000,80.0000,118.0000
600.0000,301.0000,80.0000,118.0000
600.0000,301.0000,80.0000,118.0000
600.0000,301.0000,80.0000,118.0000
600.0000,301.0000,80.0000,118.0000
600.0000,301.0000,80.0000,118.0000
600.0000,301.0000,80.0000,118.0000
600.0000,301.0000,80.0000,118.0000
600.0000,301.0000,80.0000,118.0000
600.0000,301.0000,80.0000,118.0000
600.0000,301.0000,80.0000,118.0000
600.0000,301.0000,80.0000,118.0000
600.0000,301.0000,80.0000,118.0000
160.0000,718.0000,80.0000,118.0000
176.0000,690.0000,80.0000,118.0000
168.0000,762.0000,80.0000,118.0000
192.0000,719.0000,80.0000,118.0000
176.0000,762.0000,80.0000,118.0000
160.0000,719.0000,80.0000,118.0000
160.0000,719.0000,80.0000,118.0000
160.0000,835.0000,80.0000,118.0000
761.8167,155.3167,78.3667,97.3667
769.5026,135.0026,134.9947,153.9947
718.5877,138.5877,136.8246,155.8246
781.0143,149.5143,109.9714,128.9714
745.2855,137.7856,138.4289,157.4289
718.7189,134.2189,142.5622,161.5622
676.2437,125.7437,149.5126,168.5126
692.6268,154.6269,115.7463,134.7463
668.0121,120.0122,152.9757,171.9757
160.0000,544.0000,80.0000,118.0000
638.4653,130.4653,130.0694,149.0694
627.0477,114.5477,140.9047,159.9047
575.2355,105.2355,147.5291,166.5291
589.4924,91.9924,139.0152,158.0152
517.2980,102.2980,119.4040,138.4040
528.1732,84.1732,146.6536,165.6536
507.5211,86.0211,131.9579,150.9579
597.4220,567.9220,92.1560,111.1560
597.5681,551.5681,107.8638,126.8638
587.7508,533.7508,116.4984,135.4984
592.8713,540.8713,103.2574,122.2574
597.9570,533.9570,104.0859,123.0859
590.8504,534.8504,100.2993,119.2993
592.6281,529.1281,105.7438,124.7438
594.8334,526.3334,107.3331,126.3331
589.8441,519.3441,112.3118,131.3118
584.2165,513.2165,116.5670,135.5670
581.0715,515.0715,116.8570,135.8570
577.9704,517.4704,116.0592,135.0592
577.4733,514.9733,122.0533,141.0533
588.4327,517.4327,118.1345,137.1345
580.6727,524.6727,113.6546,132.6546
603.5147,531.5147,107.9706,126.9706
605.7841,99.7841,100.4318,119.4318
616.2436,99.7436,98.5128,117.5128
600.1151,85.6151,132.7699,151.7699
606.1353,96.1352,114.7295,133.7295
590.8887,94.8887,132.2225,151.2225
579.4944,98.4944,129.0112,148.0112
598.1391,86.6391,129.7218,148.7218
601.5439,85.0439,123.9122,142.9122
661.2511,553.2511,96.4978,115.4978
673.1263,570.1263,51.7473,70.7473
315.0000,515.0000,80.0000,118.0000
651.3911,572.3911,64.2178,83.2178
527.0214,290.0214,80.9573,99.9573
530.1948,276.1948,104.6104,123.6104
674.8167,605.3167,48.3666,67.3666
601.0000,646.0000,80.0000,118.0000
542.3856,312.3856,53.2288,72.2288
610.0000,689.0000,80.0000,118.0000
511.5245,264.0245,90.9510,109.9510
509.1724,279.1724,95.6552,114.6552
516.2706,296.7706,88.4587,107.4587
517.2124,274.2124,91.5752,110.5752
511.8523,265.3523,94.2955,113.2955
525.7530,268.7530,102.4940,121.4940
525.6655,272.1655,103.6691,122.6691
536.9211,276.9212,97.1577,116.1577
529.1721,289.1721,114.6559,133.6559
534.8167,283.8167,108.3667,127.3667
546.3908,305.3908,96.2183,115.2183
562.9907,323.9908,67.0185,86.0185
546.2012,305.7012,106.5977,125.5977
576.1448,319.1448,78.7105,97.7105
586.6307,325.1307,64.7386,83.7386
324.0000,573.0000,80.0000,118.0000
324.0000,573.0000,80.0000,118.0000
606.9128,306.4128,65.1744,84.1744
611.2299,297.2299,55.5403,74.5403
592.0985,271.5985,74.8030,93.8030
585.9206,262.4206,84.1588,103.1588
582.7912,261.2912,79.4176,98.4176
586.6296,263.1296,70.7409,89.7409
585.7084,262.2084,68.5832,87.5832
574.7084,252.2084,80.5832,99.5832
558.5748,250.0748,75.8504,94.8504
547.7369,223.7369,92.5262,111.5262
552.1229,208.1229,92.7542,111.7542
555.1644,197.6644,92.6712,111.6712
561.4064,196.4064,88.1871,107.1871
567.0242,188.5242,88.9515,107.9515
564.9093,177.4093,84.1814,103.1814
560.1479,154.1479,89.7041,108.7041
552.0834,137.5835,93.8331,112.8331
552.1881,123.6881,99.6238,118.6238
556.3442,115.3442,96.3116,115.3116
551.7999,78.7998,101.4003,120.4003
543.1202,63.6203,102.7595,121.7595
530.8817,52.3817,107.2365,126.2365
535.4230,51.9229,104.1541,123.1541
544.9630,59.4630,94.0740,113.0740
534.0042,54.0042,98.9915,117.9915
515.6608,46.1608,106.6783,125.6783
514.5533,62.5533,100.8933,119.8933
512.1118,77.6118,95.7763,114.7763
510.7206,92.7205,101.5589,120.5589
501.3190,114.3190,93.3620,112.3620
447.3542,127.3542,105.2917,124.2917
326.0045,127.5045,136.9910,155.9910
311.1768,154.6768,141.6464,160.6464
429.2917,201.7917,77.4166,96.4166
388.2430,178.7429,128.5141,147.5141
408.4103,97.4103,157.1794,176.1794
469.5834,163.5834,117.8332,136.8332
395.4181,140.4181,130.1637,149.1637
367.0635,73.0635,169.8730,188.8730
514.0780,121.5780,104.8440,123.8440
307.9064,173.9064,104.1872,123.1872
308.3651,170.8651,120.2699,139.2699
279.8034,147.8034,139.3932,158.3932
512.9877,107.9877,91.0245,110.0245
320.5693,120.0693,141.8614,160.8614
474.9729,109.4729,93.0542,112.0542
450.1798,79.6798,116.6404,135.6404
454.1880,101.1880,115.6241,134.6241
457.7508,97.2508,122.4985,141.4985
444.2896,120.7895,117.4209,136.4209
422.1265,129.1264,136.7471,155.7471
403.6331,139.6331,134.7338,153.7338
415.0190,171.0190,118.9620,137.9620
387.5751,168.5751,124.8499,143.8499
396.2528,202.7528,128.4944,147.4944
387.0369,215.5369,122.9262,141.9262
389.0461,267.0461,96.9078,115.9078
386.1383,254.6383,97.7235,116.7235
339.8229,209.8229,133.3542,152.3542
330.3623,188.8623,147.2753,166.2753
342.1741,196.1741,149.6517,168.6517
325.5941,201.5941,144.8117,163.8117
412.6396,222.6396,126.7208,145.7208
401.7903,264.2903,117.4193,136.4193
342.0428,263.5428,128.9143,147.9143
369.8816,274.3816,127.2367,146.2367
363.1341,270.6341,130.7318,149.7318
256.7772,266.7772,166.4456,185.4456
265.0006,287.5006,142.9988,161.9988
257.5357,313.0357,130.9285,149.9285
270.3701,313.3701,114.2597,133.2597
340.0000,398.0000,80.0000,118.0000
378.7614,317.7614,100.4773,119.4773
380.3119,331.3119,83.3763,102.3763
390.8623,337.8623,68.2754,87.2754
246.0796,308.0797,105.8407,124.8407
246.1724,265.6724,128.6552,147.6552
356.0000,283.0000,80.0000,118.0000
340.7986,331.2986,82.4028,101.4028
340.9821,326.4821,82.0357,101.0357
328.6751,309.1751,92.6498,111.6498
334.5745,305.5745,81.8509,100.8509
331.4480,287.4480,76.1040,95.1040
330.7004,300.7004,76.5992,95.5992
320.9498,259.4498,101.1003,120.1003
319.4018,256.4018,101.1964,120.1964
320.7798,234.7798,113.4405,132.4404
307.1458,199.1458,130.7083,149.7083
287.7529,195.2529,125.4941,144.4942
299.9178,192.9178,122.1645,141.1645
312.2629,190.2629,122.4742,141.4742
324.6348,160.1348,130.7304,149.7304
318.8917,157.8917,138.2166,157.2166
306.3159,158.8159,142.3682,161.3682
296.5607,170.0607,142.8786,161.8786
297.1227,183.1227,140.7547,159.7547
246.5818,199.0818,140.8365,159.8365
260.0868,203.0868,137.8264,156.8264
258.5834,187.5834,144.8332,163.8332
274.6795,184.6796,145.6409,164.6409
228.7772,184.7772,143.4456,162.4456
208.1313,197.1313,141.7374,160.7374
199.1298,195.6298,134.7404,153.7404
203.1138,217.6138,127.7724,146.7724
203.1864,217.1864,125.6271,144.6271
208.4429,201.9429,145.1142,164.1142
219.0876,211.5876,144.8249,163.8249
238.1047,232.1047,143.7906,162.7906
185.1341,265.1342,123.7317,142.7317
197.8157,268.3157,90.3686,109.3686
258.0000,166.0000,80.0000,118.0000
248.7587,228.7587,104.4826,123.4826
191.5775,255.5775,81.8450,100.8450
210.1020,250.1020,82.7960,101.7960
218.3395,216.3395,85.3211,104.3211
199.7500,200.2500,103.5000,122.5000
214.8969,165.3969,132.2063,151.2063
208.7049,158.7049,135.5903,154.5903
237.1724,165.6724,128.6552,147.6552
243.7010,167.2010,130.5980,149.5980
244.3721,173.3721,122.2557,141.2557
253.3698,201.3698,109.2604,128.2604
276.6186,191.6186,115.7628,134.7628
280.9126,172.9126,130.1748,149.1748
264.3649,158.3649,137.2702,156.2702
253.8656,153.8656,144.2689,163.2689
288.1743,170.6742,131.6515,150.6515
273.3217,158.8217,132.3566,151.3566
260.7126,164.2126,138.5748,157.5748
280.3544,184.3544,124.2912,143.2912
267.0825,157.0825,130.8350,149.8350
235.8693,142.8693,147.2614,166.2614
280.7395,185.2395,123.5210,142.5210
283.8693,183.8693,125.2614,144.2614
325.4509,189.4509,124.0982,143.0982
336.5921,230.0921,109.8158,128.8158
319.4598,175.9598,138.0803,157.0803
363.5292,187.0292,131.9416,150.9416
346.1112,185.1113,129.7775,148.7775
397.4623,197.4623,103.0754,122.0754
378.9063,160.4064,128.1873,147.1873
387.7523,154.7522,123.4955,142.4955
395.6515,151.1515,120.6970,139.6970
404.3177,124.3177,131.3647,150.3647
409.0736,145.5736,118.8527,137.8527
422.8005,117.8005,125.3991,144.3991
414.0661,99.0661,128.8679,147.8679
420.5395,103.0395,123.9211,142.9211
436.1772,96.6772,121.6456,140.6456
421.7881,94.2881,115.4238,134.4238
424.9546,88.4546,106.0908,125.0908
430.4001,78.4002,105.1997,124.1997
428.5070,74.0071,101.9859,120.9859
429.8338,69.3338,100.3324,119.3324
445.4059,59.9059,101.1882,120.1882
440.5378,71.5378,82.9244,101.9244
410.3970,60.3970,103.2060,122.2060
398.7054,55.7054,111.5891,130.5891
334.8723,53.3723,126.2554,145.2554
298.3842,60.8842,137.2317,156.2317
294.2486,65.7486,128.5028,147.5028
324.5667,66.0667,115.8667,134.8667
267.5091,81.5091,135.9818,154.9818
283.2654,66.2654,133.4693,152.4693
336.0764,55.5765,120.8471,139.8471
421.8574,59.8574,110.2851,129.2851
353.7072,54.2072,127.5857,146.5857
421.4601,50.9600,126.0799,145.0799
444.9773,46.4773,128.0454,147.0454
448.8965,52.3965,125.2071,144.2071
442.5027,47.5027,131.9946,150.9946
442.7447,39.2447,133.5107,152.5107
412.8192,46.8192,138.3616,157.3616
367.6441,51.1441,138.7117,157.7117
447.2256,55.2256,119.5487,138.5487
437.6458,59.1458,121.7083,140.7083
419.1496,74.1496,111.7008,130.7008
409.3254,62.3254,120.3492,139.3492
460.7507,46.7507,130.4986,149.4986
418.8227,44.3227,129.3546,148.3546
412.3542,49.3542,129.2917,148.2917
371.5959,48.5959,129.8081,148.8081
390.7366,52.2366,133.5267,152.5267
428.1721,60.6721,118.6559,137.6559
430.4055,68.9055,116.1889,135.1889
471.9509,61.9509,124.0982,143.0982
439.3440,69.8440,130.3120,149.3120
471.2781,73.7781,113.4439,132.4439
457.2107,65.7107,127.5785,146.5785
450.8349,68.3349,125.3302,144.3302
419.6266,69.6266,127.7468,146.7468
423.6297,75.6297,123.7407,142.7407
389.0695,76.0695,129.8610,148.8610
464.5748,57.0748,136.8504,155.8504
444.2684,60.2684,138.4632,157.4632
438.2773,61.2773,138.4454,157.4454
449.6562,59.1562,140.6876,159.6876
437.8813,65.8813,141.2374,160.2374
432.5025,73.0025,140.9951,159.9951
449.1252,71.6252,143.7497,162.7497
450.8871,73.8871,144.2257,163.2257
435.0858,70.0858,144.8284,163.8284
340.2733,55.7733,171.4534,190.4534
425.0561,64.5561,155.8879,174.8879
424.7306,70.7306,152.5389,171.5389
340.4773,74.9773,161.0454,180.0454
421.8586,72.8586,153.2828,172.2828
431.2869,75.7869,148.4262,167.4262
415.7879,77.2879,155.4242,174.4242
425.7644,98.7644,148.4712,167.4712
361.5827,89.5827,160.8346,179.8346
358.8751,93.8751,167.2498,186.2498
312.1306,86.6306,177.7389,196.7389
435.0552,95.5552,158.8896,177.8896
310.4885,82.4885,181.0230,200.0230
367.5834,84.5834,177.8332,196.8332
343.5312,78.5313,187.9375,206.9375
432.0695,82.0695,174.8610,193.8610
426.0000,80.5000,172.0000,191.0000
460.2633,109.7633,157.4734,176.4734
474.3221,115.8221,154.3558,173.3558
464.9755,113.4754,152.0491,171.0491
440.3128,115.3128,148.3743,167.3743
418.0578,121.0578,132.8843,151.8843
406.3006,104.3006,157.3989,176.3989
467.4757,115.9757,153.0487,172.0487
476.8817,121.3817,154.2366,173.2366
476.9574,125.4574,153.0851,172.0851
458.8095,125.3095,154.3809,173.3809
463.5005,116.0005,161.9990,180.9990
497.1339,118.1339,153.7321,172.7321
452.7410,108.2410,165.5179,184.5179
409.5383,108.0383,176.9233,195.9233
404.6026,102.1026,178.7948,197.7948
514.3996,128.3996,147.2007,166.2007
391.7607,92.7607,185.4785,204.4785
385.2100,85.2100,194.5801,213.5801
399.4031,77.9031,198.1937,217.1937
377.4529,104.4529,186.0941,205.0941
265.5882,133.0882,144.8237,163.8237
567.1363,123.6363,146.7275,165.7275
364.1336,89.6336,208.7328,227.7328
367.4430,98.4430,200.1140,219.1140
406.6906,97.1905,195.6189,214.6189
272.1338,151.6338,155.7325,174.7325
271.3628,154.3628,151.2744,170.2744
270.3179,155.8179,151.3643,170.3643
392.0391,103.5391,199.9219,218.9219
432.2537,95.7537,191.4926,210.4926
458.7255,96.2255,167.5490,186.5490
378.4921,107.9921,199.0157,218.0157
361.0136,99.5136,218.9728,237.9728
346.9955,119.4955,208.0089,227.0089
348.4492,110.4492,217.1017,236.1017
222.2556,193.2556,140.4888,159.4888
361.2634,111.7634,226.4732,245.4732
195.4632,194.9632,135.0737,154.0737
541.1179,92.1179,143.7642,162.7642
534.0768,95.5768,118.8464,137.8464
504.8265,85.8266,140.3469,159.3469
487.2011,106.2011,143.5978,162.5978
471.8775,115.3775,146.2450,165.2450
476.0730,114.0730,147.8541,166.8541
485.4007,113.9007,150.1987,169.1987
506.6049,108.6049,138.7902,157.7902
462.0390,115.5390,140.9220,159.9220
506.6884,96.6884,152.6233,171.6233
512.3910,77.3910,158.2180,177.2180
476.6280,86.1280,168.7439,187.7439
488.5901,74.5901,175.8197,194.8197
480.1183,68.6183,176.7635,195.7635
375.7314,142.7314,110.5372,129.5372
334.6322,128.6322,128.7356,147.7356
469.6024,77.1024,185.7952,204.7952
461.8094,69.8094,188.3813,207.3813
456.6881,63.1881,200.6238,219.6238
616.9116,63.4115,136.1769,155.1769
313.5027,139.0027,130.9945,149.9945
304.2246,141.7246,128.5508,147.5508
311.1602,150.6603,139.6795,158.6795
288.4022,151.4022,137.1957,156.1957
288.3713,144.3713,136.2575,155.2575
280.5834,153.5834,132.8332,151.8332
268.4917,152.4917,145.0167,164.0167
294.7934,141.2934,149.4132,168.4132
277.3267,138.3267,148.3467,167.3467
293.6884,132.6884,152.6233,171.6233
324.7943,131.7943,151.4114,170.4114
322.3965,131.3965,151.2070,170.2070
304.5653,126.5653,152.8694,171.8694
320.5555,124.5555,145.8891,164.8891
327.4167,127.9167,145.1665,164.1665
318.5643,129.0643,145.8714,164.8714
316.0883,131.5883,141.8234,160.8234
349.8875,131.8875,141.2250,160.2250
323.8607,130.8607,135.2785,154.2785
320.5785,123.0785,137.8430,156.8430
328.4561,125.9561,144.0877,163.0877
313.0625,140.5625,127.8749,146.8749
298.1146,142.1146,122.7708,141.7708
310.8962,132.8962,123.2076,142.2076
311.9389,134.9389,130.1221,149.1221
301.2817,127.2817,140.4366,159.4366
273.3018,124.8018,147.3965,166.3965
281.2679,126.2679,141.4643,160.4643
276.5026,124.5026,134.9947,153.9947
264.0325,120.0325,143.9351,162.9351
257.7600,122.2600,139.4799,158.4799
242.0469,121.0469,143.9062,162.9062
223.8848,134.3848,118.2304,137.2304
230.3023,123.8023,128.3954,147.3954
220.9565,111.4565,119.0870,138.0870
216.1121,118.1121,125.7759,144.7759
590.1139,73.1139,94.7723,113.7723
584.6987,74.6987,87.6025,106.6025
235.8167,141.3167,78.3667,97.3667
574.6625,112.6626,63.6749,82.6749
553.3375,95.3375,96.3250,115.3250
552.4139,84.9139,106.1721,125.1721
536.0734,79.5734,108.8531,127.8531
544.3077,94.8077,98.3845,117.3845
534.4040,81.4040,105.1920,124.1920
535.8130,86.3131,103.3739,122.3739
537.8889,91.8889,104.2223,123.2223
543.0380,100.5379,100.9241,119.9241
530.3010,92.3010,107.3981,126.3981
532.6073,83.6073,123.7854,142.7854
524.0244,84.5244,121.9512,140.9512
