0.596251
0.055369
0.049280
0.051419
0.058777
0.059609
0.074254
0.069997
0.041154
0.047152
0.043355
0.042259
0.044769
0.047154
0.065723
0.045873
0.043915
0.043431
0.050791
0.043419
0.049783
0.060038
0.043486
0.031208
0.033190
0.032568
0.032931
0.032895
0.036257
0.033702
0.034345
0.034302
0.034177
0.038155
0.038152
0.043771
0.048602
0.040740
0.034244
0.040329
0.042274
0.050172
0.050618
0.045962
0.044095
0.037773
0.039846
0.044419
0.065625
0.044330
0.038905
0.032090
0.030828
0.035674
0.034261
0.036696
0.036858
0.039205
0.048096
0.038091
0.048413
0.047027
0.039866
0.041365
0.046094
0.043081
0.051421
0.039801
0.036126
0.037163
0.037498
0.032487
0.027412
0.027618
0.026462
0.025706
0.031196
0.025990
0.026449
0.026285
0.029548
0.029589
0.025971
0.033436
0.018267
0.019305
0.017719
0.021526
0.026697
0.025982
0.025953
0.030476
0.029573
0.028073
0.031248
0.027966
0.027939
0.020044
0.022116
0.022778
0.032695
0.035125
0.031835
0.032014
0.034692
0.033081
0.032288
0.033650
0.038031
0.033045
0.034295
0.032600
0.032284
0.038491
0.034760
0.028260
0.027008
0.030918
0.028036
0.028199
0.032656
0.036031
0.029955
0.030731
0.031210
0.043185
0.046151
0.039546
0.027359
0.025052
0.026860
0.025679
0.036417
0.036163
0.039631
0.038866
0.026444
0.029357
0.026654
0.026225
0.036899
0.040234
0.026127
0.028050
0.030348
0.030928
0.028955
0.026300
0.027119
0.026561
0.028850
0.029387
0.030708
0.037329
0.033053
0.030375
0.031336
0.036820
0.038956
0.043630
0.032980
0.033678
0.040211
0.034141
0.032399
0.034106
0.032982
0.034941
0.038694
0.040204
0.038285
0.035496
0.033216
0.034693
0.046769
0.038599
0.027081
0.030686
0.027151
0.026786
0.026795
0.027911
0.029625
0.026782
0.036095
0.025953
0.027487
0.029677
0.029605
0.031850
0.040185
0.033222
0.030762
0.028843
0.030213
0.036510
0.029581
0.030428
0.035397
0.032112
0.031352
0.032882
0.028806
0.030434
0.044375
0.042568
0.033486
0.032865
0.029741
0.029974
0.031451
0.030720
0.029164
0.032153
0.030510
0.029614
0.029210
0.030855
0.034691
0.032163
0.031957
0.029649
0.029068
0.029504
0.030851
0.030056
0.028862
0.033579
0.030974
0.029068
0.029062
0.028901
0.036176
0.037722
0.032379
0.031410
0.028875
0.038588
0.042775
0.035224
0.029352
0.029120
0.030055
0.030053
0.030236
0.031060
0.034414
0.030895
0.030253
0.037955
0.030633
0.030203
0.032545
0.048177
0.049311
0.044415
0.044002
0.033482
0.063839
0.039212
0.029741
0.032687
0.031128
0.029331
0.031067
0.029104
0.030060
0.030310
0.029316
0.029094
0.039243
0.037844
0.029270
0.027197
0.027633
0.029060
0.028191
0.037019
0.039946
0.045186
0.030790
0.033255
0.033038
0.030818
0.031747
0.047366
0.031227
0.034456
0.031406
0.030723
0.037329
0.025005
0.027996
0.025013
0.034935
0.026682
0.024158
0.024023
0.024078
0.024389
0.024765
0.023040
0.024388
0.017198
0.017047
0.019387
0.017041
0.016927
0.027557
0.034384
0.032218
0.027666
0.024563
0.025737
0.024691
0.026940
0.021739
0.020787
0.021507
0.022585
0.019696
0.021484
0.019529
0.029855
0.040906
0.036888
0.039157
0.035015
0.037945
0.026109
0.015533
0.015302
0.017556
0.039721
0.037122
0.036548
0.036574
0.026974
0.019319
0.020009
0.019932
0.019857
0.022859
0.021764
0.018655
0.018665
0.020369
0.020756
0.017880
0.025334
0.017947
0.019858
0.017950
0.018309
0.019010
0.025465
0.019650
0.020414
0.017910
0.024089
0.018323
0.018736
0.017651
0.018073
0.023185
0.018013
0.019064
0.043810
0.027482
0.025368
0.023969
0.026090
0.024206
0.024319
0.028320
0.028151
0.026663
0.028185
0.027722
0.034156
0.032541
0.033086
0.035629
0.035622
0.023711
0.026819
0.034381
0.030826
0.033878
0.024683
0.025143
0.027150
0.023741
0.024749
0.033272
0.024496
0.026994
0.034343
0.034599
0.023882
0.036713
0.024542
0.023644
0.033870
0.058158
0.034121
0.037874
0.035976
0.041024
0.037706
0.036031
0.039906
0.033964
0.035127
0.036652
0.034541
0.049092
0.045691
0.044021
0.034745
0.032972
0.034605
0.035247
0.033999
0.036965
0.033843
0.034569
0.035479
0.035509
0.035822
0.040231
0.041527
0.044722
0.045116
0.045040
0.044754
0.045982
0.046704
0.046358
0.046996
0.049047
0.031391
0.046658
0.044586
0.046991
0.046892
0.045557
0.058300
0.047135
0.046597
0.048691
0.044418
0.065358
0.059133
0.056811
0.045859
0.045029
0.040393
0.039713
0.049362
0.039377
0.042037
0.043298
0.031897
0.025029
0.025607
0.028661
0.024706
0.028654
0.025647
0.029554
0.031842
0.035906
0.043555
0.036823
0.037426
0.038789
0.042691
0.041175
0.042483
0.028591
0.042857
0.034286
0.021122
0.021530
0.040377
0.028205
0.022481
0.023419
0.035697
0.041149
0.036692
0.040590
0.036406
0.035959
0.038467
0.036727
0.040664
0.043338
0.043782
0.038762
0.027264
0.028193
0.033122
0.041440
0.039033
0.040262
0.040992
0.042757
0.042099
0.041173
0.046090
0.044241
0.044775
0.044842
0.040392
0.042445
0.038851
0.024991
0.028119
0.030031
0.029677
0.029196
0.028715
0.028405
0.032758
0.032454
0.036486
0.032549
0.040546
0.033824
0.034936
0.041682
0.038091
0.034512
0.054000
0.036635
0.056672
0.030873
0.026813
0.027342
0.028691
0.030877
0.028017
0.052368
0.051780
0.035228
0.037058
0.036397
0.035539
0.037422
0.057146
0.039550
0.042044
0.032527
0.036199
0.036099
0.036300
0.034857
0.034637
0.037159
0.036188
0.038520
0.052061
0.051596
0.023153
0.027470
0.026057
0.026023
0.025967
0.033495
0.027563
0.025551
0.025787
0.026880
0.028334
0.020735
0.023924
0.022162
0.024376
0.021605
0.022672
0.019158
0.021787
0.025028
0.022425
0.021717
0.018614
0.015406
0.018167
0.023285
0.015953
0.022657
0.021699
0.027119
0.022803
0.022487
0.021878
0.021993
0.024667
0.026005
0.023912
0.027786
0.028177
0.029960
0.030641
0.037035
0.027541
0.019356
0.019929
0.020771
0.018989
0.029140
0.046414
0.026426
0.022415
0.024526
0.023618
0.022633
0.020874
0.021548
0.022407
0.022141
0.018862
0.018194
0.030134
0.019294
0.019331
0.019702
0.019306
0.018054
0.027279
0.020232
0.020421
0.022667
0.027451
0.024183
0.025446
0.028006
0.024710
0.024683
0.026056
0.039586
0.025084
0.026623
0.032307
0.034764
0.031123
0.038132
0.031675
0.030298
0.038439
0.030803
0.031946
0.031173
0.030153
0.032408
0.031230
0.029938
0.031159
0.036667
0.031727
0.031323
0.036383
0.034289
0.033013
0.030036
0.030558
0.029991
0.042521
0.030695
0.028236
0.028674
0.034557
0.032248
0.030351
0.032221
0.033253
0.031383
0.029694
0.036449
0.030927
0.029854
0.031840
0.032128
0.031488
0.029671
0.046397
0.033604
0.032334
0.039250
0.044048
0.037810
0.047463
0.041177
0.039920
0.034840
0.036876
0.034323
0.052141
0.034500
0.034984
0.035407
0.037801
0.034208
0.034158
0.035567
0.035889
0.037227
0.039230
0.041205
0.042721
0.039861
0.057819
0.041425
0.044719
0.050262
0.052011
0.045839
0.042855
0.030226
0.031050
0.060355
0.045411
0.030380
0.030899
0.029929
0.030906
0.029353
0.028211
0.028604
0.030515
0.031817
0.058701
0.044229
0.050471
0.028935
0.027979
0.052990
0.051180
0.043637
0.029148
0.028388
0.030140
0.030499
0.028692
0.028072
0.029265
0.029055
0.029011
0.030013
0.036093
0.028427
0.028417
0.028131
0.031194
0.031893
0.030551
0.033237
0.035916
0.029071
0.035262
0.034475
0.034809
0.033888
0.039462
0.037158
0.036222
0.036601
0.040981
0.039249
0.028843
0.040465
0.041195
0.042066
0.028001
0.030034
0.030599
0.021036
0.021435
0.034675
0.034970
0.032691
0.032204
0.035862
0.034860
0.043094
0.051939
0.056242
0.038559
0.038433
0.038774
0.026653
0.029247
0.040653
0.033692
0.039609
0.047951
0.036856
0.039675
0.026284
0.038180
0.022198
0.026758
0.035002
0.034570
0.035702
0.036810
0.038805
0.038051
0.039382
0.024848
0.025358
0.030538
0.030113
0.030582
0.031806
0.029588
0.028822
0.035371
0.032415
0.031321
0.034701
0.043512
0.039212
0.037601
0.036675
0.037161
0.040866
0.038721
0.038002
0.038685
0.040192
0.048343
0.038972
0.039494
0.039323
0.047144
0.039117
0.045020
0.040913
0.041729
0.041125
0.044229
0.040937
0.052060
0.020467
0.033302
0.039815
0.042958
0.041109
0.045009
0.043391
0.043032
0.046593
0.044220
0.044886
0.047379
0.045784
0.046270
0.044811
0.038549
0.060984
0.045693
0.048966
0.056957
0.048177
0.062107
0.066812
0.048213
0.049883
0.046704
0.077470
0.049509
0.056041
0.070046
0.052792
0.046198
0.048805
0.035048
0.040211
0.074650
0.044084
0.032768
0.030312
0.043970
0.044935
0.045147
0.045902
0.043220
0.045856
0.045279
0.029594
0.029919
0.029610
0.040062
0.071523
0.049924
0.044075
0.046586
0.050496
0.049505
0.048445
0.047048
0.046162
0.049232
0.046026
0.048460
0.048208
0.048394
0.046344
0.047096
0.048692
0.047633
0.050344
0.046072
0.046934
0.048353
0.049678
0.049516
0.046169
0.052316
0.048432
0.046614
0.065912
0.046994
0.048000
0.048385
0.048785
0.046191
0.048646
0.046666
0.046131
0.047329
0.047276
0.046780
0.046054
0.049831
0.046650
0.046049
0.046756
0.048067
0.050587
0.044080
0.046988
0.053457
0.054353
0.046769
0.046819
0.047935
0.048131
0.046223
0.049494
0.048323
0.055065
0.059343
0.046909
0.046075
0.047989
0.048730
0.047287
0.050646
0.048224
0.047604
0.046021
0.052535
0.046290
0.046432
0.046390
0.048429
0.046814
0.046941
0.049865
0.046451
0.048292
0.049465
0.046983
0.047128
0.046575
0.049339
0.046135
0.050672
0.047957
0.059255
0.052151
0.042801
0.049330
0.048807
0.049933
0.040508
0.047902
0.049212
0.046052
0.058173
0.046314
0.041841
0.046490
0.047085
0.044481
0.046899
0.045967
0.040467
0.046985
0.049699
0.046266
0.047475
0.046545
0.047791
0.054013
0.048691
0.045894
0.047572
0.031766
0.039097
0.041011
0.038764
0.040071
0.040003
0.042519
0.044528
0.040920
0.041524
0.055799
0.046623
0.046847
0.044166
0.047687
0.045471
0.047837
0.046717
0.048446
0.048912
0.046587
0.046984
0.048291
0.047116
0.051798
0.046237
0.046771
0.053047
0.047662
0.047465
0.048396
0.046739
0.048537
0.065284
0.047693
0.047283
0.046356
0.046895
0.048971
0.046169
0.047194
0.049484
0.047232
0.051695
0.047547
0.047841
0.050616
0.046716
0.047255
0.046775
0.046231
0.045922
0.048133
0.046800
0.046623
0.046121
0.050333
0.046817
0.046132
0.048617
0.030241
0.042058
0.042310
0.044455
0.044392
0.044212
0.042434
0.056024
0.046247
0.047904
0.051418
0.048574
0.047005
0.045957
0.054623
0.048254
0.055990
0.050392
0.047884
0.053893
0.055416
0.046571
0.053496
0.053050
0.050822
0.047931
0.048856
0.049887
0.047205
0.048456
0.047065
0.047423
0.048012
0.046086
0.046390
0.052104
0.046011
0.045896
0.047601
0.050235
0.046163
0.047565
0.048056
0.046098
0.047974
0.046426
0.047781
0.048203
0.046887
0.046081
0.046288
0.046288
0.041182
0.046011
0.043586
0.046132
0.043113
0.057687
0.050498
0.046080
0.050023
0.051327
0.046599
0.047194
0.045981
0.049153
0.046104
0.052564
0.046307
0.050859
0.046231
0.048129
0.049313
0.047049
0.048498
0.046129
0.047333
0.046253
0.046213
0.046374
0.048263
0.046969
0.051228
0.046614
0.047818
0.046785
0.045901
0.046172
0.047803
0.046737
0.050257
0.049206
0.049584
0.046844
0.046022
0.050771
0.048533
0.049623
0.046179
0.035271
0.040823
0.043923
0.045435
0.040810
0.043466
0.049128
0.055416
0.044480
0.043036
0.056886
0.044450
0.051006
0.041315
0.040910
0.041598
0.040948
0.047964
0.041085
0.040783
0.046998
0.041002
0.043806
0.047178
0.046269
0.052913
0.047087
0.046164
0.046799
0.047360
0.046026
0.054095
0.046151
0.047527
0.046192
0.044549
0.062527
0.050631
0.051579
0.045049
0.044992
0.044977
0.047126
0.051850
0.043727
0.042966
0.041329
0.042107
0.046037
0.045387
0.042270
0.041271
0.041828
0.043992
0.043021
0.042312
0.042162
0.052088
0.041465
0.042355
0.042786
0.038385
0.032318
0.041136
0.038980
0.040075
0.041294
0.031919
0.024961
0.045782
0.044042
0.055521
0.045359
0.045284
0.041805
0.043024
0.043307
0.041728
0.039520
0.041334
0.043687
0.042294
0.042744
0.050164
0.049498
0.048126
0.044428
0.043935
0.047299
0.045945
0.045853
0.045461
0.048193
0.046309
0.047320
0.044531
0.060079
0.047246
0.044990
0.045755
0.045143
0.045381
0.046876
0.047881
0.047067
0.046244
0.050268
0.046413
0.049604
0.046312
0.044047
0.045940
0.027532
0.028985
0.039303
0.033924
0.026260
0.025251
0.041797
0.042401
0.026529
0.027454
0.035460
0.039356
0.028589
0.041814
0.041795
0.047240
0.035516
0.028278
0.028732
0.032700
0.033758
0.044932
0.044579
0.044120
0.037012
0.045287
0.047376
0.048514
0.044396
0.043855
0.045117
0.034353
0.034798
0.042583
0.036652
0.037616
0.053350
0.038976
0.042691
0.038709
0.044981
0.046745
0.040961
0.039702
0.040308
0.042480
0.042434
0.045769
0.042954
0.041935
0.042142
0.048863
0.044132
0.046134
0.029011
0.029792
0.030283
0.031479
0.032501
0.030408
0.031012
0.046364
0.044202
0.048238
0.046911
0.044086
0.047668
0.044360
0.044863
0.059936
0.046598
0.046014
0.045825
0.053863
0.046179
0.046550
0.046904
0.048687
0.048907
0.047175
0.046980
0.045713
0.049826
0.046177
0.047856
0.047682
0.047542
0.046764
0.046780
0.046461
0.048598
0.046106
0.049370
0.047938
0.046643
0.053669
0.046741
0.047167
0.048227
0.045851
0.049711
0.047208
0.046379
0.031457
0.050616
0.031830
0.031581
0.031324
0.032343
0.031669
0.032974
0.032505
0.031696
0.051506
0.047258
0.046966
0.050344
0.045953
0.045812
0.050878
0.047017
0.047210
0.048095
0.047045
0.046181
0.046249
0.050741
0.056097
0.058280
0.050005
0.047609
0.050578
0.045814
0.036818
0.035684
0.046384
0.046896
0.045700
0.031953
0.032931
0.037437
0.032179
0.032784
0.049790
0.047121
0.048706
0.048152
0.047129
0.047644
0.052935
0.046068
0.050006
0.049746
0.062265
0.046454
0.047945
0.046212
0.045819
0.046705
0.049555
0.047318
0.033985
0.032686
0.032408
0.035872
0.031529
0.031899
0.042010
0.032651
0.032454
0.046097
0.046522
0.046834
0.050634
0.045952
0.045775
0.048446
0.046942
0.045903
0.051610
0.046499
0.045845
0.049365
0.047462
0.052427
0.046619
0.045758
0.053994
0.047566
0.048713
0.045998
0.045755
0.056321
0.053287
0.063664
0.046832
0.052820
0.047315
0.046013
0.050932
0.047163
0.046368
0.046238
0.044195
0.046604
0.046225
0.047027
0.049784
0.047731
0.046717
0.050550
0.046504
0.046858
0.049793
0.045803
0.049092
0.046868
0.046494
0.047610
0.046624
0.049823
0.047189
0.047581
0.056898
0.046240
0.047218
0.047826
0.050772
0.048440
0.046649
0.049661
0.048518
0.046672
0.046659
0.046342
0.048775
0.047230
0.049549
0.046641
0.046870
0.050459
0.048290
0.046225
0.047719
0.047870
0.051970
0.046621
0.053766
0.048733
0.051119
0.044486
0.047645
0.051602
0.046075
0.048805
0.046122
0.049942
0.046864
0.047418
0.047477
0.046767
0.046336
0.050496
0.046501
0.061928
0.046466
0.048178
0.046931
0.048457
0.045841
0.051885
0.047340
0.046665
0.047835
0.046830
0.046306
0.054087
0.046138
0.046304
0.048216
0.046288
0.053550
0.048185
0.046485
0.048890
0.046961
0.046338
0.046322
0.047889
0.049106
0.046353
0.051158
0.046756
0.052923
0.046634
0.051107
0.045923
0.053490
0.054507
0.045917
0.048826
0.046030
0.047773
0.046644
0.049483
0.057541
0.046500
0.045968
0.046191
0.049294
0.047889
0.046087
0.048791
0.047517
0.049283
0.046502
0.051089
0.046018
0.047408
0.055133
0.046909
0.047803
0.051725
0.048276
0.050337
0.046618
0.049626
0.047631
0.048447
0.047114
0.046255
0.049086
0.046517
0.045147
0.046957
0.046055
0.048620
0.046476
0.048592
0.046641
0.045825
0.049008
0.046642
0.045754
0.047457
0.050039
0.051053
0.045682
0.050670
0.045432
0.046538
0.048502
0.046235
0.057859
0.049691
0.051405
0.046237
0.054034
0.063632
0.056103
0.048082
0.051440
0.050485
0.044591
0.049612
0.054212
0.049743
0.047585
0.046483
0.047664
0.046725
0.045986
0.054825
0.047071
0.046155
0.051032
0.047844
0.049581
0.045934
0.048925
0.046550
0.051255
0.046499
0.046120
0.048593
0.046816
0.055534
0.047720
0.046106
0.057856
0.049334
0.048630
0.061941
0.058735
0.050934
0.050154
0.047413
0.050169
0.053456
0.047200
0.049052
0.046656
0.046857
0.053172
0.046833
0.048111
0.058039
0.046054
0.048063
0.034511
0.046775
0.047394
0.050771
0.045895
0.046716
0.048276
0.046380
0.031496
0.042525
0.045880
0.047536
0.046097
0.047757
0.046615
0.046494
0.032372
0.052011
0.046129
0.061596
0.063095
0.049325
0.046905
0.047338
0.047834
0.048186
0.048921
0.045968
0.038320
0.048425
0.047559
0.056728
0.049020
0.046473
0.049016
0.048007
0.031865
0.048514
0.046307
0.047866
0.046043
0.047842
0.050693
0.036696
0.043633
0.033264
0.033894
0.035549
0.034325
0.041644
0.036891
0.039590
0.041666
0.039692
0.045372
0.045346
0.048249
0.046088
0.052424
0.031682
0.049308
0.052875
0.046716
0.031955
0.041282
0.040927
0.049301
0.047574
0.033712
0.025800
0.033585
0.037723
0.030488
0.029118
0.046271
0.048079
0.045850
0.049722
0.046262
0.052268
0.047683
0.049469
0.046656
0.048759
0.046530
0.034391
0.031833
0.032675
0.031476
0.036100
0.034173
0.050019
0.046101
0.054467
0.065469
0.034980
0.032818
0.049891
0.031622
0.032614
0.051142
0.045898
0.047271
0.047380
0.047086
0.047525
0.051219
0.046700
0.048282
0.046100
0.052275
0.049458
0.045784
0.047920
0.032557
0.038737
0.032190
0.031644
0.036893
0.032541
0.031569
0.037755
0.044470
0.035101
0.033152
0.035801
0.038249
0.028292
0.028393
0.028939
0.032733
0.030471
0.027109
0.023397
0.024718
0.026298
0.028197
0.030038
0.028367
0.028826
0.045576
0.058625
0.056008
0.042888
0.045076
0.043406
0.043605
0.043136
0.044757
0.048294
0.067790
0.043815
0.043401
0.044053
0.052269
0.047541
0.046244
0.062069
0.050041
0.051896
0.060760
0.056419
0.049824
0.049239
0.045762
0.047302
0.047423
0.050454
0.049958
0.048287
0.048587
0.046026
0.047823
0.051168
0.046235
0.046059
0.048689
0.046327
0.051922
0.048200
0.045939
0.046624
0.056536
0.048816
0.046471
0.050145
0.041258
0.039832
0.034698
0.050390
0.044811
0.057271
0.061472
0.048256
0.043069
0.046282
0.049962
0.046151
0.043201
0.042656
0.047803
0.047854
0.058984
0.065174
0.057885
0.052797
0.059630
0.051884
0.048022
0.043304
0.043961
0.043937
0.044349
0.043007
0.047100
0.046774
0.061116
0.047180
0.046903
0.047618
0.046424
0.049978
0.046407
0.045841
0.049078
0.047999
0.051416
0.048663
0.046106
0.046784
0.045968
0.046596
0.049544
0.049056
0.047998
0.047146
0.046453
0.046001
0.049044
0.042815
0.047732
0.047056
0.064208
0.045829
0.047508
0.062889
0.046381
0.052047
0.043048
0.045875
0.045585
0.043055
0.046022
0.043819
0.042553
0.045542
0.043511
0.056288
0.048284
0.051710
0.047100
0.042682
0.046328
0.043499
0.049142
0.043030
0.055329
0.034260
0.029019
0.043782
0.042750
0.032561
0.037073
0.030237
0.029030
0.045403
0.042613
0.046113
0.044369
0.029069
0.030235
0.034076
0.043964
0.042915
0.042578
0.044404
0.047925
0.043446
0.042644
0.039791
0.042610
0.042619
0.043440
0.042660
0.046696
0.043319
0.033031
0.045352
0.046376
0.043063
0.042035
0.047122
0.042627
0.043290
0.045637
0.037489
0.044513
0.043315
0.044542
0.021161
0.037461
0.036893
0.042826
0.039536
0.032614
0.029362
0.042946
0.040978
0.041462
0.039424
0.043557
0.040043
0.041031
0.044369
0.028073
0.028488
0.028919
0.030041
0.041277
0.042439
0.042140
0.028046
0.042619
0.041187
0.041623
0.041840
0.028190
0.028049
0.028080
0.047348
0.044120
0.029891
0.030812
0.022552
0.027898
0.027817
0.027882
0.027936
0.031290
0.030580
0.030582
0.030446
0.032950
0.030350
0.031793
0.031559
0.032828
0.030017
0.030458
0.030487
0.030662
0.030292
0.031854
0.030693
0.031983
0.031607
0.031312
0.030506
0.032020
0.032993
0.030431
0.030688
0.032585
0.040596
0.032262
0.032028
0.030671
0.025733
0.035006
0.036111
0.021572
0.023188
0.024198
0.026447
0.032915
0.029097
0.036636
0.029013
0.032739
0.029916
0.029406
0.031363
0.030685
0.030753
0.029532
0.030917
0.040543
0.029033
0.036337
0.029756
0.031735
0.033309
0.041239
0.030012
0.028994
0.031481
0.031595
0.029314
0.029067
0.029799
0.031859
0.033237
0.028924
0.030719
0.029655
0.029392
0.028988
0.029566
0.029958
0.042442
0.043379
0.043638
0.043839
0.057909
0.042581
0.043293
0.044265
0.043113
0.043663
0.042446
0.045159
0.043434
0.042500
0.042706
0.040897
0.030644
0.043204
0.042976
0.042650
0.045994
0.044350
0.042548
0.042631
0.044645
0.043160
0.046408
0.048910
0.045735
0.046599
0.051101
0.048164
0.045768
0.046291
0.048324
0.034287
0.049129
0.040631
0.043226
0.047456
0.043209
0.045563
0.043733
0.045424
0.051733
0.045619
0.051564
0.045880
0.038969
0.045514
0.043298
0.052574
0.043145
0.043005
0.048006
0.043084
0.047459
0.043905
0.044890
0.045983
0.043133
0.054069
0.043114
0.042990
0.045958
0.043979
0.042422
0.055496
0.060288
0.047920
0.047071
0.050301
0.039172
0.043911
0.044144
0.043502
0.042746
0.056923
0.051329
0.044032
0.058643
0.040176
0.047886
0.046785
0.052515
0.050590
0.049900
0.060993
0.050765
0.050251
0.050435
0.051214
0.052650
0.066422
0.063552
0.050644
0.050195
0.050524
0.051033
0.055723
0.051789
0.054332
0.052511
0.050801
0.051530
0.063060
0.054212
0.049541
0.051213
0.053297
0.050952
0.049873
0.035167
0.033461
0.030826
0.031810
0.031372
0.031267
0.027919
0.033870
0.030957
0.029901
0.030970
0.030665
0.033816
0.038550
0.039213
0.049942
0.032659
0.033339
0.040175
0.043553
0.033837
0.041712
0.050909
0.055193
0.028389
0.038205
0.023160
0.036717
0.043226
0.049001
0.042799
0.045069
0.049757
0.048788
0.048345
0.049803
0.045808
0.056045
0.048001
0.046512
0.050175
0.046917
0.055029
0.046469
0.047434
0.043196
0.038493
0.039077
0.040141
0.040145
0.041911
0.041103
0.042249
0.041771
0.047120
0.043273
0.040594
0.035831
0.044983
0.043305
0.039006
0.052888
0.047722
0.042857
0.042797
0.042805
0.043988
0.050603
0.043272
0.045889
0.043500
0.047574
0.043346
0.044141
0.040070
0.046591
0.039501
0.042314
0.033588
0.029267
0.029871
0.030174
0.030740
0.028990
0.029845
0.030525
0.034197
0.038178
0.036661
0.040853
0.037989
0.039919
0.035497
0.040813
0.040427
0.048553
0.044319
0.042835
0.042310
0.037723
0.037728
0.044617
0.043706
0.042208
0.042326
0.033343
0.022110
0.028860
0.039960
0.028145
0.025712
0.027756
0.032403
0.038697
0.034037
0.049611
0.040776
0.037133
0.036661
0.056622
0.058077
0.041578
0.032219
0.052072
0.039405
0.033988
0.034949
0.036642
0.028767
0.038085
0.046236
0.035570
0.035599
0.034366
0.042278
0.032694
0.035050
0.035976
0.033686
0.039903
0.038738
0.038826
0.041219
0.041151
0.037898
0.042799
0.036901
0.031339
0.032783
0.035480
0.038473
0.033480
0.034208
0.035070
0.033355
0.038000
0.033034
0.034091
0.042618
0.033401
0.033339
0.044011
0.030889
0.034774
0.036752
0.034331
0.034930
0.036816
0.037510
0.032890
0.039318
0.057836
0.048083
0.026553
0.025974
0.031772
0.029285
0.027816
0.032099
0.025350
0.027944
0.024924
0.025631
0.032474
0.024512
0.025595
0.023890
0.032145
0.029119
0.026454
0.030167
0.028705
0.028791
0.030303
0.031183
0.036747
0.030770
0.032346
0.024643
0.024322
0.027376
0.027419
0.043052
0.027598
0.028502
0.028031
0.024982
0.024730
0.019631
0.018548
0.029714
0.027593
0.026977
0.026226
0.026325
0.022711
0.026429
0.034855
0.020780
0.025281
0.021316
0.021218
0.024520
0.021882
0.022431
0.024145
0.020195
0.020212
0.021574
0.022357
0.021649
0.024825
0.025198
0.027711
0.027129
0.021626
0.017546
0.025008
0.024447
0.022008
0.021294
0.021697
0.021482
0.025345
0.021213
0.024131
0.022349
0.026394
0.024168
0.023611
0.023113
0.025793
0.025049
0.028138
0.030212
0.031551
0.029514
0.030838
0.033197
0.031128
0.029733
0.051173
0.048090
0.042731
0.018319
0.017356
0.028323
0.036512
0.027713
0.021232
0.020379
0.027318
0.024523
0.033036
0.039147
0.043807
0.038237
0.048379
0.026160
0.026637
0.031955
0.045059
0.042694
0.051203
0.025838
0.029240
0.023559
0.020761
0.019637
0.020019
0.025249
0.023623
0.029065
0.026267
0.023638
0.024681
0.029393
0.030432
0.037826
0.024791
0.022458
0.021313
0.021160
0.028183
0.021598
0.031443
0.028311
0.021094
0.024091
0.023313
0.026427
0.030514
0.033705
0.037682
0.033951
0.031590
0.031725
0.034065
0.035407
0.034800
0.035449
0.032663
0.032794
0.034863
0.032742
0.031959
0.031769
0.036764
0.032429
0.033115
0.031543
0.032389
0.037096
0.042087
0.033499
0.032162
0.039038
0.036500
0.035446
0.039371
0.036242
0.036238
0.035970
0.039712
0.036939
0.036095
0.037361
0.040196
0.037968
0.038791
0.038163
0.037341
0.036064
0.032924
0.024309
0.029586
0.030523
0.031342
0.030688
0.036826
0.033542
0.033236
0.032453
0.035233
0.038363
0.037156
0.034747
0.036838
0.027020
0.028978
0.028609
0.031952
0.028947
0.030634
0.031994
0.030665
0.028890
0.028377
0.030453
0.032235
0.028549
0.028404
0.028322
0.030355
0.028431
0.033028
0.029439
0.028656
0.029163
0.028653
0.029409
0.029764
0.028434
0.030306
0.029835
0.030519
0.028848
0.028718
0.032354
0.029325
0.028302
0.028270
0.031751
0.029545
0.028338
0.026855
0.045562
0.046452
0.050243
0.034649
0.042371
0.044760
0.042106
0.037567
0.048175
0.045799
0.046437
0.040562
0.032229
0.036859
0.048497
0.041135
0.043684
0.047771
0.035790
0.041760
0.034444
0.034350
0.045812
0.044626
0.035971
