4.738536
0.036549
0.023427
0.037712
0.032584
0.036817
0.034601
0.028389
0.033198
0.032440
0.040250
0.038675
0.045472
0.047796
0.047051
0.041224
0.043944
0.042409
0.041910
0.056109
0.042631
0.043245
0.043063
0.045524
0.042187
0.046783
0.047554
0.037773
0.037215
0.037810
0.037979
0.044336
0.044752
0.046777
0.042509
0.042539
0.042171
0.044285
0.044252
0.042579
0.041686
0.044177
0.047236
0.057083
0.043821
0.042711
0.042065
0.042909
0.042206
0.046679
0.057056
0.041770
0.035892
0.046177
0.055618
0.043811
0.042631
0.041889
0.043343
0.044620
0.042036
0.042521
0.046201
0.043262
0.042604
0.042235
0.042185
0.043654
0.044684
0.044328
0.051852
0.035625
0.040139
0.037531
0.038769
0.042009
0.044031
0.038337
0.043407
0.037509
0.041155
0.033526
0.034596
0.036423
0.035908
0.035675
0.035782
0.038379
0.040250
0.042247
0.042316
0.035114
0.037683
0.034894
0.037245
0.040051
0.036581
0.033286
0.031019
0.036235
0.039198
0.038523
0.037266
0.036280
0.038325
0.036534
0.036406
0.038156
0.040741
0.036484
0.036048
0.041725
0.050986
0.039318
0.036877
0.036271
0.037073
0.037117
0.035943
0.036612
0.036771
0.038949
0.035952
0.040011
0.037659
0.035532
0.038088
0.038196
0.033332
0.033838
0.041543
0.033235
0.035133
0.034169
0.036057
0.034650
0.039177
0.033068
0.035055
0.035172
0.037232
0.038020
0.035617
0.037803
0.035316
0.035348
0.034934
0.036448
0.036411
0.035907
0.036070
0.035704
0.033277
0.033214
0.033892
0.031589
0.032206
0.029098
0.029213
0.035367
0.039234
0.033035
0.027986
0.027970
0.026545
0.032018
0.031545
0.028327
0.026923
0.027519
0.026809
0.031354
0.027945
0.033278
0.036791
0.032624
0.024591
0.026940
0.027578
0.027611
0.029535
0.028067
0.026777
0.027459
0.027225
0.027967
0.027629
0.028069
0.029029
0.027493
0.026342
0.030612
0.029230
0.030461
0.026968
0.027997
0.028677
0.027416
0.027000
0.026891
0.028628
0.026922
0.028729
0.028967
0.027606
0.026740
0.032763
0.028811
0.028514
0.026431
0.028831
0.029437
0.027194
0.027928
0.028725
0.035252
0.027008
0.030657
0.028454
0.027064
0.028002
0.031029
0.039802
0.039735
0.029979
0.028553
0.027678
0.028111
0.027597
0.030177
0.029412
0.027042
0.027342
0.027625
0.027181
0.027141
0.026375
0.024975
0.024687
0.024759
0.026370
0.024500
0.028140
0.026935
0.027271
0.026879
0.027723
0.027426
0.031355
0.029007
0.028883
0.028955
0.026059
0.023033
0.024451
0.021822
0.027641
0.025272
0.033164
0.025171
0.027178
0.028193
0.023917
0.024635
0.028331
0.028986
0.028070
0.027823
0.028014
0.029640
0.027668
0.027592
0.027742
0.025367
0.029179
0.043977
0.025533
0.032783
0.028399
0.027627
0.027627
0.029719
0.030817
0.029739
0.035973
0.033072
0.026126
0.023537
0.024923
0.024057
0.023987
0.031697
0.028613
0.023936
0.023963
0.023401
0.032346
0.024097
0.032187
0.032110
0.032193
0.032265
0.032042
0.036610
0.034642
0.034192
0.035818
0.037194
0.036153
0.034867
0.034874
0.038286
0.034937
0.033883
0.034029
0.035918
0.035747
0.039117
0.034052
0.052997
0.031780
0.032744
0.038544
0.031976
0.040007
0.032566
0.027085
0.033462
0.041840
0.038043
0.043998
0.034191
0.040787
0.039056
0.049011
0.041673
0.034301
0.027598
0.031897
0.032300
0.029881
0.031117
0.029672
0.032133
0.033088
0.031540
0.043322
0.036409
0.035939
0.047480
0.035768
0.029263
0.025524
0.023621
0.022740
0.024440
0.022899
0.022785
0.031360
0.037413
0.035630
0.034110
0.029477
0.025636
0.028247
0.027759
0.026694
0.027595
0.026837
0.028630
0.028042
0.026981
0.027643
0.027918
0.029914
0.029575
0.033378
0.026204
0.032605
0.032512
0.035574
0.034204
0.032702
0.032933
0.035654
0.031650
0.034062
0.026994
0.027930
0.027289
0.027589
0.027508
0.026685
0.027758
0.026614
0.032233
0.026633
0.027856
0.026590
0.030250
0.026529
0.027568
0.027119
0.029933
0.026493
0.039335
0.040089
0.031049
0.029108
0.029284
0.030358
0.028488
0.028624
0.030678
0.027794
0.028544
0.028823
0.029711
0.026791
0.024629
0.024436
0.024687
0.025124
0.025194
0.017631
0.022137
0.029681
0.023786
0.017259
0.017745
0.018455
0.016749
0.016864
0.017590
0.023187
0.022228
0.016420
0.020882
0.029520
0.027738
0.021553
0.021178
0.020227
0.021016
0.024312
0.021093
0.023658
0.020258
0.024749
0.021266
0.021490
0.020992
0.020454
0.025267
0.020838
0.021227
0.022914
0.023160
0.026062
0.022777
0.024164
0.022465
0.026080
0.023008
0.030329
0.022267
0.022264
0.021476
0.022509
0.041382
0.022175
0.022819
0.023240
0.022890
0.025045
0.022493
0.022425
0.022859
0.031131
0.027031
0.025752
0.025541
0.025476
0.022564
0.027258
0.019328
0.025509
0.026193
0.029147
0.026012
0.027080
0.025375
0.022899
0.029838
0.036752
0.025644
0.027967
0.033513
0.037536
0.037517
0.030518
0.030508
0.028031
0.030764
0.030579
0.027579
0.027669
0.028021
0.028665
0.029580
0.029971
0.029499
0.035617
0.037524
0.033226
0.029916
0.032562
0.030310
0.031683
0.030898
0.040133
0.032175
0.031322
0.033589
0.043181
0.042560
0.033398
0.030258
0.030415
0.029585
0.044443
0.042214
0.042859
0.029726
0.033490
0.031424
0.030204
0.031993
0.029589
0.030832
0.033732
0.030307
0.034929
0.029752
0.037277
0.035477
0.032212
0.028257
0.033365
0.028011
0.032348
0.034278
0.028039
0.034462
0.041973
0.030342
0.035394
0.023641
0.023884
0.035353
0.024470
0.024123
0.028088
0.028192
0.028323
0.027558
0.029561
0.044223
0.027634
0.033160
0.029095
0.031126
0.027567
0.027822
0.028403
0.027372
0.022211
0.028461
0.031401
0.027474
0.028806
0.019139
0.028679
0.030202
0.027595
0.029028
0.021078
0.034951
0.039548
0.030817
0.043920
0.032570
0.033018
0.021323
0.021313
0.021040
0.039298
0.031246
0.031039
0.037299
0.032089
0.032829
0.033219
0.034369
0.038568
0.038438
0.040075
0.040026
0.035717
0.032765
0.031805
0.031973
0.037517
0.036406
0.046494
0.048133
0.034296
0.035290
0.039199
0.046870
0.032943
0.033774
0.034248
0.033127
0.035682
0.036064
0.040274
0.035515
0.042451
0.032295
0.035308
0.037282
0.039037
0.037224
0.031275
0.029083
0.029046
0.030964
0.031734
0.038481
0.039031
0.032548
0.033312
0.033208
0.038017
0.034611
0.038925
0.034168
0.032970
0.037042
0.035832
0.033860
0.034669
0.034059
0.026298
0.025570
0.035052
0.029503
0.030235
0.030444
0.031440
0.031854
0.035129
0.035477
0.035829
0.037647
0.034636
0.035300
0.037166
0.036430
0.038136
0.036134
0.035970
0.036223
0.036716
0.038486
0.037508
0.037887
0.036278
0.037522
0.041802
0.037959
0.043061
0.041853
0.038285
0.037845
0.039238
0.042905
0.037967
0.039400
0.039841
0.038680
0.037970
0.039418
0.037986
0.038791
0.040642
0.038127
0.037890
0.043914
0.038366
0.038744
0.040596
0.038372
0.038527
0.038526
0.039088
0.038244
0.038397
0.038175
0.041224
0.036337
0.033816
0.033731
0.034962
0.025762
0.024942
0.025469
0.026473
0.024635
0.025240
0.024277
0.025645
0.023201
0.024188
0.024882
0.025039
0.032700
0.025906
0.025700
0.028277
0.031990
0.039619
0.037910
0.026716
0.025501
0.027789
0.025699
0.026638
0.029194
0.025744
0.035347
0.036512
0.041055
0.038745
0.047889
0.043682
0.036692
0.035874
0.036246
0.035337
0.036039
0.035821
0.035772
0.035657
0.037058
0.035505
0.037426
0.035651
0.037311
0.037895
0.037500
0.037129
0.038280
0.039411
0.037355
0.038615
0.038077
0.037668
0.038366
0.041823
0.036038
0.034771
0.026020
0.027224
0.026805
0.027836
0.040711
0.027955
0.033876
0.026540
0.026937
0.027414
0.029265
0.028023
0.028882
0.027696
0.027699
0.035997
0.027920
0.034645
0.041483
0.032385
0.032288
0.033790
0.035411
0.032531
0.032591
0.035563
0.035395
0.035426
0.032109
0.034679
0.032318
0.033663
0.032107
0.034386
0.027050
0.030072
0.031578
0.029160
0.048417
0.026778
0.029821
0.034630
0.033007
0.050344
0.041445
0.032896
0.032600
0.035045
0.032485
0.032915
0.042627
0.033467
0.039877
0.039643
0.040040
0.032811
0.033218
0.032500
0.027461
0.026320
0.025117
0.023523
0.023923
0.023785
0.027430
0.024431
0.024617
0.035677
0.025026
0.026230
0.024371
0.024943
0.024658
0.033694
0.022136
0.024538
0.034424
0.028808
0.020116
0.023249
0.022953
0.020745
0.033178
0.029572
0.029441
0.025951
0.028152
0.030251
0.029228
0.028641
0.051395
0.025792
0.021281
0.021987
0.026468
0.028940
0.025913
0.021640
0.020984
0.042190
0.023926
0.021106
0.021386
0.035738
0.021927
0.022451
0.019278
0.024222
0.022489
0.025838
0.027995
0.038206
0.028314
0.028025
0.027987
0.028509
0.032532
0.028357
0.034235
0.030293
0.029531
0.030057
0.029874
0.029187
0.027892
0.027662
0.027754
0.030524
0.028246
0.027892
0.028345
0.027870
0.029126
0.034782
0.037421
0.031049
0.030054
0.030024
0.017685
0.016259
0.018325
0.014733
0.013837
0.014256
0.014841
0.019402
0.021790
0.017220
0.017467
0.017546
0.016993
0.033347
0.018020
0.018646
0.024210
0.017417
0.020759
0.019131
0.018029
0.030095
0.020737
0.022301
0.026950
0.020926
0.021446
0.021850
0.022017
0.025066
0.025370
0.026622
0.026789
0.031904
0.023722
0.023844
0.034683
0.024174
0.024092
0.024804
0.025070
0.025686
0.028636
0.028643
0.026183
0.028177
0.025599
0.027170
0.029067
0.025892
0.027272
0.029780
0.029782
0.028285
0.022905
0.015993
0.021804
0.017414
0.021514
0.024114
0.023005
0.022209
0.019992
0.020052
0.031774
0.020602
0.021783
0.019965
0.021122
0.019809
0.019498
0.020417
0.031942
0.021710
0.024618
0.021863
0.029500
0.022821
0.021936
0.021570
0.021745
0.025157
0.023669
0.021933
0.023116
0.021923
0.023294
0.023418
0.032788
0.026433
0.027089
0.023139
0.023748
0.022952
0.025422
0.026399
0.021489
0.021713
0.021675
0.021161
0.022760
0.023384
0.020869
0.027170
0.020417
0.021621
0.019914
0.020799
0.020572
0.021914
0.022469
0.021851
0.016469
0.021105
0.021807
0.016522
0.018717
0.017401
0.021816
0.018021
0.020301
0.020236
0.020294
0.020061
0.021582
0.018668
0.020230
0.019411
0.019463
0.019168
0.021101
0.023774
0.020786
0.020436
0.019537
0.019162
0.027039
0.024900
0.027453
0.019838
0.025006
0.025263
0.025476
0.029373
0.029166
0.029171
0.033334
0.028981
0.027833
0.027664
0.028734
0.027411
0.033796
0.030672
0.035189
0.031963
0.031647
0.033629
0.032236
0.033268
0.032732
0.033696
0.031339
0.032602
0.033271
0.033271
0.032179
0.032636
0.033505
0.031548
0.033970
0.032922
0.031702
0.034787
0.036692
0.035402
0.035873
0.036031
0.034270
0.034058
0.037219
0.039212
0.035171
0.034090
0.033350
0.036475
0.034746
0.034036
0.038323
0.038680
0.033778
0.048512
0.041480
0.040779
0.034498
0.034715
0.037865
0.035197
0.038443
0.035838
0.033228
0.034254
0.034016
0.036268
0.036047
0.034189
0.034256
0.036558
0.037843
0.033823
0.036215
0.035327
0.033992
0.033605
0.035146
0.038245
0.034788
0.034110
0.033038
0.039438
0.035431
0.037899
0.035882
0.034670
0.034585
0.032903
0.036331
0.034334
0.034098
0.041067
0.034441
0.034274
0.034139
0.035103
0.034489
0.035733
0.037592
0.040651
0.037060
0.040706
0.040501
0.043064
0.037991
0.035371
0.031545
0.031228
0.032136
0.024262
0.026111
0.023869
0.022901
0.024220
0.024608
0.024112
0.023049
0.023318
0.022958
0.026183
0.025221
0.022361
0.018908
0.021108
0.020544
0.020513
0.020377
0.020940
0.019988
0.020019
0.025648
0.030704
0.026069
0.027206
0.026943
0.028338
0.025347
0.020682
0.019075
0.035689
0.026164
0.026466
0.039323
0.030318
0.028679
0.026246
0.025270
0.027824
0.044930
0.031707
0.027684
0.046206
0.026057
0.029735
0.028236
0.026867
0.026438
0.027380
0.026128
0.029272
0.030725
0.042933
0.041904
0.028538
0.026346
0.025586
0.030670
0.027529
0.015755
0.014664
0.017930
0.018202
0.019642
0.021644
0.019140
0.019746
0.019151
0.018844
0.022017
0.021440
0.017725
0.016411
0.016222
0.017097
0.016192
0.017992
0.018856
0.017421
0.018363
0.020530
0.017756
0.019702
0.017949
0.019284
0.019110
0.024253
0.032032
0.028076
0.035078
0.019435
0.019306
0.021334
0.020348
0.025163
0.024615
0.028702
0.043050
0.029851
0.044352
0.028899
0.025973
0.029340
0.026002
0.028869
0.026646
0.043346
0.028534
0.027339
0.021450
0.030977
0.029530
0.027474
0.026368
0.022889
0.013549
0.021769
0.020187
0.029500
0.031329
0.028068
0.024755
0.021202
0.029012
0.020074
0.012546
0.011009
0.014828
0.014223
0.014069
0.024329
0.025197
0.025558
0.023255
0.026730
0.028221
0.034859
0.031108
0.031073
0.038908
0.018407
0.014888
0.014860
0.014990
0.016265
0.025753
0.032837
0.030649
0.037211
0.026181
0.032879
0.028743
0.030100
0.035414
0.028831
0.034022
0.027051
0.040888
0.022907
0.027906
0.022238
0.017230
0.018056
0.021860
0.017222
0.037167
0.023222
0.024199
0.030161
0.023505
0.026801
0.016379
0.020132
0.015896
0.019485
0.019647
0.035453
0.020352
0.029424
0.019102
0.015875
0.014821
0.020918
0.021016
0.019091
0.025203
0.018935
0.020243
0.019850
0.021493
0.019690
0.020131
0.026712
0.026979
0.027144
0.042958
0.028255
0.036638
0.029236
0.028339
0.028609
0.028469
0.030047
0.029346
0.044032
0.041069
0.028875
0.027944
0.031868
0.027878
0.029102
0.018750
0.017829
0.018533
0.027781
0.025487
0.030407
0.025100
0.025753
0.024956
0.026351
0.023987
0.024595
0.023884
0.038425
0.025234
0.024369
0.024171
0.024560
0.024023
0.026178
