1
343.7388,342.7273,57.5224,100.5454
343.0280,341.0164,55.9441,98.9671
339.2108,340.6993,57.5784,100.6014
336.4593,341.9478,58.0814,101.1044
334.1606,343.6491,57.6789,100.7019
330.3904,344.8789,57.2191,100.2421
326.6341,339.6226,56.7318,99.7548
323.2965,340.2850,55.4070,98.4300
318.3531,341.3416,54.2937,97.3167
317.1906,345.1791,52.6188,95.6418
310.7315,341.7200,52.5370,95.5600
302.9004,340.8889,53.1993,96.2223
302.0450,341.5334,52.9101,95.9331
296.5871,343.5756,52.8257,95.8487
293.6953,343.1838,53.6093,96.6323
293.8771,342.3656,53.2457,96.2687
292.2614,344.2499,53.4772,96.5002
286.5076,344.4962,55.9847,99.0077
285.6895,343.1781,55.6209,98.6439
280.9961,341.4846,56.0079,99.0309
279.6341,342.6226,56.7318,99.7548
273.7770,343.2655,56.4460,99.4690
274.0657,340.5542,55.8686,98.8916
266.7735,337.7620,58.4531,101.4761
266.6887,336.6772,58.6227,101.6457
265.2531,337.2415,59.4939,102.5169
264.2078,336.1963,58.5845,101.6075
253.5032,337.4917,54.9937,98.0167
238.5904,334.0789,55.8192,98.8422
231.6049,335.0934,55.7901,98.8131
232.9989,332.9875,56.0021,99.0251
232.2115,333.2000,55.5770,98.6000
225.3201,330.3086,58.3597,101.3827
225.9855,330.9741,58.0289,101.0519
224.0159,334.5044,58.9683,101.9913
223.9077,334.3962,59.1846,102.2076
226.2933,336.2818,59.4134,102.4364
216.5923,333.0808,60.8153,103.8383
215.4548,330.4433,60.0905,103.1135
209.6992,335.6877,64.6016,107.6246
207.6993,331.6878,62.6013,105.6243
201.0764,330.5649,63.8472,106.8702
199.2466,325.2351,65.5068,108.5298
198.1140,326.6025,65.7720,108.7950
195.5825,323.0710,63.8349,106.8579
191.3264,317.8148,64.3473,107.3703
184.4468,318.4353,64.1064,107.1294
174.9544,318.9429,62.0911,105.1141
172.2645,312.2530,64.4710,107.4939
173.1175,309.6060,61.7651,104.7881
171.4733,310.4618,60.0534,103.0764
164.9707,307.9592,65.0585,108.0815
159.9609,308.9494,66.0782,109.1012
159.4538,305.4423,66.0923,109.1153
155.9468,306.9353,69.1064,112.1294
153.5715,306.0600,68.8570,111.8800
152.8215,305.3100,67.3570,110.3800
148.5817,307.0702,67.8365,110.8595
151.9491,302.9376,67.1018,110.1248
147.8316,302.3201,68.3367,111.3597
145.4534,298.4420,69.0931,112.1161
141.7034,296.6919,69.5932,112.6162
141.5760,292.0645,68.8481,111.8711
136.4112,288.8997,69.1775,112.2005
138.5965,287.5850,67.8070,110.8300
138.1238,284.1123,67.7524,110.7754
140.8755,280.8640,67.2491,110.2721
145.2310,275.2195,67.5379,110.5609
141.7304,274.7189,68.5391,111.5621
137.4532,272.4417,71.0936,114.1166
132.8392,270.3277,69.3216,112.3446
130.5810,266.0695,71.8379,114.8609
128.0725,265.5610,72.8549,115.8779
124.0102,258.9987,67.9796,111.0026
126.0819,254.5704,66.8362,109.8592
125.8382,246.3267,65.3237,108.3467
128.6378,241.6263,63.7245,106.7475
126.0331,244.0216,64.9339,107.9569
127.7039,241.6924,65.5922,108.6152
127.3227,242.8112,65.3546,108.3776
126.9468,237.9353,64.1064,107.1294
128.8333,232.3218,60.3333,103.3563
131.5840,226.0725,57.8320,100.8550
123.4492,229.4377,64.1015,107.1245
128.7263,217.7148,59.5475,102.5705
120.6115,217.6000,62.7769,105.7999
123.5131,211.5016,59.9739,102.9969
117.2412,211.2297,63.5176,106.5406
119.1692,208.1577,62.6616,105.6846
115.5843,205.5728,61.8315,104.8545
116.7330,203.2215,59.5341,102.5571
118.8412,198.8297,60.3175,103.3405
113.7324,202.7209,65.5353,108.5583
116.5763,196.0648,64.8474,107.8704
116.6022,197.0907,63.7957,106.8187
115.2338,193.2223,63.5324,106.5554
113.0766,189.5651,61.8468,104.8698
111.1157,186.6042,63.7687,106.7917
106.9541,181.9426,64.0918,107.1148
103.8354,171.8239,62.3292,105.3522
98.9491,176.9376,66.1017,109.1247
93.4609,176.4494,66.0782,109.1012
84.6710,172.1595,63.6581,106.6811
77.6416,166.6301,62.7168,105.7398
68.4468,152.4353,58.1063,101.1293
62.3230,144.8115,53.3539,96.3769
492.0488,233.5373,45.9024,88.9254
486.6748,230.1633,49.6503,92.6733
480.8882,229.3767,36.2236,79.2466
459.6489,220.6374,46.7022,89.7252
451.2414,219.2299,60.5173,103.5403
449.8695,199.3580,49.2610,92.2840
446.1460,190.1345,49.7080,92.7310
453.5475,174.5360,38.9050,81.9280
439.6926,172.6811,40.6149,83.6379
429.2412,164.7297,42.5176,85.5406
175.1430,384.1200,25.7140,111.7600
175.1430,376.1200,25.7140,111.7600
413.2510,127.2395,47.4980,90.5210
398.6592,125.1477,47.6816,90.7046
402.2920,123.2805,40.4160,83.4390
412.8247,92.3132,32.3506,75.3736
393.4780,95.4665,53.0441,96.0671
393.1472,96.6357,55.7056,98.7286
397.7158,89.7043,52.5685,95.5915
389.9507,85.4392,61.0986,104.1216
413.0715,79.5600,39.8570,82.8800
414.9511,77.9397,43.0977,86.1207
411.9570,83.9455,50.0860,93.1090
440.2499,74.2384,36.5002,79.5232
445.7275,53.7160,37.5451,80.5681
454.2724,64.7609,57.4552,100.4782
459.0340,71.0225,52.9319,95.9549
457.7441,68.7326,52.5118,95.5348
473.6184,62.6069,52.7631,95.7861
477.6502,61.1387,51.6996,94.7226
488.9174,64.4059,53.1652,96.1882
507.1067,62.5952,28.7865,71.8095
93.1430,463.1200,25.7140,111.7600
98.1430,478.1200,25.7140,111.7600
66.1430,64.1200,25.7140,111.7600
108.2174,41.2059,37.5653,80.5883
114.9257,42.4142,45.1486,88.1716
119.8862,44.3747,57.2276,100.2506
131.2980,41.2865,63.4040,106.4270
142.1789,43.6674,61.6422,104.6652
156.1389,57.1274,51.7222,94.7451
174.5318,63.5203,56.9365,99.9595
190.4548,50.4433,60.0905,103.1135
198.4785,48.9669,70.0431,113.0661
201.7098,45.6983,70.5805,113.6035
205.4511,44.9396,71.0979,114.1209
218.7979,46.7864,68.4043,111.4273
221.3979,51.3864,69.2041,112.2271
239.0784,58.0669,66.8431,109.8661
248.0479,57.5364,65.9042,108.9271
245.5903,64.5788,72.8195,115.8425
252.8691,66.3576,73.2619,116.2849
254.8857,68.8741,72.2287,115.2517
261.6730,65.6615,70.6541,113.6771
261.9757,67.4643,71.0485,114.0715
265.5191,70.5076,74.9618,117.9847
269.8944,67.8829,70.2112,113.2342
271.0840,70.0725,72.8320,115.8550
273.3068,69.7953,72.3864,115.4094
278.4467,70.9353,73.1065,116.1295
281.7196,68.7081,67.5607,110.5837
294.0166,67.0051,62.9669,105.9899
295.6132,69.6017,63.7736,106.7966
303.8966,70.8851,65.2068,108.2298
303.0361,74.0246,65.9277,108.9507
309.9351,73.4236,66.1299,109.1529
312.7596,74.2481,69.4808,112.5038
317.3846,75.3731,73.2308,116.2538
315.8504,76.8389,71.2993,114.3223
318.8343,76.3228,71.3314,114.3544
316.9937,78.4822,74.0125,117.0355
320.4675,84.4560,73.0650,116.0880
319.7554,82.7439,72.4892,115.5122
323.7401,79.7286,70.5198,113.5428
326.5358,81.5243,68.9284,111.9514
331.9376,82.9261,67.1249,110.1479
334.1061,84.5946,68.7878,111.8108
335.3722,85.3607,68.2556,111.2786
339.0715,85.0600,67.8570,110.8800
348.5126,87.5011,65.9748,108.9978
355.3777,87.8662,67.2445,110.2675
364.9408,89.4293,65.1184,108.1414
367.9163,90.4048,66.1674,109.1904
370.5235,89.0120,64.9531,107.9761
370.1613,99.6498,65.6775,108.7004
367.8284,101.3169,67.3432,110.3662
368.9979,101.9864,69.0041,112.0271
369.5863,102.5748,71.8273,114.8503
375.2147,104.2032,68.5706,111.5936
375.9533,105.4418,70.0934,113.1164
375.0069,106.9954,70.9862,114.0092
380.5059,107.4944,71.9882,115.0112
382.3739,111.8624,71.2522,114.2752
386.4344,108.9228,68.1313,111.1543
391.1654,109.6539,66.6692,109.6922
389.6430,115.1315,68.7140,111.7370
392.9790,119.9675,71.0421,114.0650
394.1443,122.6328,67.7113,110.7344
399.3250,121.3135,66.3500,109.3730
411.7880,129.2765,61.4240,104.4470
412.0919,128.5804,61.8162,104.8392
413.9827,131.9712,65.0346,108.0576
414.1005,129.5889,66.7991,109.8221
421.7110,131.6995,65.5780,108.6010
84.7506,156.7392,68.4987,111.5217
434.6990,139.6875,69.6020,112.6250
435.3226,140.8111,69.3548,112.3778
433.6968,142.6853,69.6065,112.6294
435.7188,146.7073,69.5624,112.5854
434.2030,148.1915,72.5939,115.6169
441.0715,148.5600,75.8570,118.8800
439.3225,151.8110,73.3549,116.3779
444.5372,157.5257,74.9255,117.9485
444.0818,164.0703,73.8365,116.8595
439.3525,169.3410,75.2950,118.3180
441.1589,172.6474,70.6822,113.7052
443.3878,180.3763,72.2245,115.2475
444.3260,181.8145,68.3480,111.3710
443.9935,184.9820,69.0130,112.0360
443.3777,184.8663,67.2445,110.2675
441.8398,188.3284,67.3203,110.3433
441.0727,189.5612,66.8547,109.8777
445.4943,196.4828,68.0113,111.0343
444.4876,200.4761,71.0249,114.0479
452.5050,203.9935,73.9901,117.0131
447.5213,204.0098,73.9573,116.9803
444.7517,205.2402,76.4966,119.5196
441.6047,210.5932,76.7906,119.8136
437.3511,210.8396,80.2977,123.3207
442.3149,213.8034,79.3702,122.3932
449.2124,217.2009,76.5751,119.5981
440.0181,222.5066,74.9638,117.9868
439.6693,221.1578,76.6614,119.6844
438.4798,228.4683,77.0403,120.0633
417.4112,229.3997,83.1777,126.2007
411.4112,231.3997,83.1777,126.2007
406.4939,230.4824,87.0122,130.0352
397.2620,229.7505,87.4760,130.4990
399.1549,231.1434,93.6902,136.7132
404.0747,235.5632,89.8505,132.8735
400.5850,239.0735,86.8300,129.8530
414.3180,243.8065,84.3640,127.3870
405.3359,246.8244,82.3282,125.3512
439.5403,250.5288,72.9195,115.9425
445.4156,239.4042,73.1687,116.1917
457.4790,255.4675,71.0421,114.0650
466.1244,258.6129,70.7513,113.7743
469.0652,258.0537,72.8695,115.8925
484.5391,253.5276,66.9218,109.9448
472.9068,255.8953,69.1864,112.2094
489.0935,262.5820,66.8130,109.8360
496.7045,280.6930,61.5910,104.6140
516.8332,283.8217,50.3337,93.3567
115.2744,309.7629,43.4511,86.4741
128.6341,308.6226,56.7318,99.7548
125.8788,312.8673,66.2424,109.2654
127.0559,317.5444,64.8882,107.9112
144.5391,323.5276,66.9218,109.9448
197.8325,318.8210,75.3350,118.3580
188.2873,326.7758,82.4253,125.4483
194.7402,326.2287,77.5196,120.5426
164.3275,363.8159,23.3451,66.3681
136.6255,364.1140,41.7490,84.7720
192.2056,352.6942,55.5887,98.6117
151.1840,367.6725,41.6320,84.6550
130.5120,68.0005,55.9760,98.9990
122.1270,75.6155,56.7461,99.7691
125.2405,73.7290,68.5189,111.5419
121.2911,73.7796,66.4177,109.4407
121.5397,81.5282,63.9207,106.9437
113.8788,84.8673,66.2424,109.2654
106.2609,93.7494,65.4783,108.5013
101.8382,94.3267,65.3237,108.3467
102.6456,99.6341,61.7088,104.7318
103.8538,106.3423,59.2924,102.3154
94.7073,96.1958,60.5854,103.6084
103.3426,93.8311,60.3149,103.3379
93.8621,94.8506,51.2757,94.2987
120.1430,71.1200,25.7140,111.7600
307.1430,184.1200,25.7140,111.7600
307.1430,184.1200,25.7140,111.7600
307.1430,184.1200,25.7140,111.7600
307.1430,184.1200,25.7140,111.7600
307.1430,184.1200,25.7140,111.7600
164.1430,347.1200,25.7140,111.7600
307.1430,184.1200,25.7140,111.7600
307.1430,184.1200,25.7140,111.7600
307.1430,184.1200,25.7140,111.7600
307.1430,184.1200,25.7140,111.7600
421.1430,217.1200,25.7140,111.7600
307.1430,184.1200,25.7140,111.7600
373.3882,395.8767,21.2236,64.2466
404.1430,289.1200,25.7140,111.7600
299.2790,371.7675,36.4420,79.4650
282.2018,361.6902,39.5965,82.6195
273.0837,352.5722,53.8326,96.8556
284.0771,344.5656,57.8459,100.8689
261.5285,342.0170,57.9430,100.9660
254.6968,332.6853,62.6064,105.6294
231.7917,331.2802,67.4166,110.4396
243.9468,334.9353,66.1064,109.1294
282.7598,339.2483,57.4804,100.5034
217.4468,325.9353,67.1064,110.1294
222.2298,327.2183,69.5403,112.5633
207.6882,323.1767,63.6236,106.6466
199.5321,327.5206,69.9359,112.9589
211.4195,325.9080,70.1610,113.1840
209.9125,323.9009,71.1751,114.1981
190.9435,325.4320,71.1129,114.1359
193.3671,323.3556,66.2658,109.2888
195.9790,318.9675,71.0421,114.0650
199.5546,321.5431,71.8909,114.9139
184.2415,321.7300,71.5170,114.5400
205.3504,324.3389,71.2993,114.3223
192.7100,324.6985,69.5800,112.6030
199.6216,328.1100,62.7569,105.7799
181.1170,327.1055,67.7660,110.7890
197.8872,336.3757,43.2256,86.2486
194.7808,331.7693,57.4384,100.4614
197.7680,332.2565,58.4640,101.4870
151.7210,323.2095,64.5581,107.5811
143.7850,319.7735,69.4300,112.4530
155.3801,321.3686,67.2399,110.2629
149.2217,321.7102,70.5567,113.5797
160.6660,325.1545,67.6680,110.6910
171.5904,325.5789,65.8193,108.8422
206.0064,331.9949,58.9873,102.0103
208.5536,331.0421,54.8927,97.9157
265.3465,296.3350,90.3070,133.3300
199.3354,323.3239,53.3292,96.3522
204.0091,321.9976,48.9818,92.0048
393.0837,267.5722,58.8325,101.8555
200.8556,325.8441,40.2887,83.3117
165.2886,316.7771,58.4229,101.4459
182.1550,319.6435,51.6900,94.7130
184.7716,314.2601,55.4569,98.4799
197.2223,314.7108,54.5553,97.5783
188.0928,312.0814,53.8143,96.8373
150.9849,305.4734,62.0302,105.0532
139.5665,305.5550,62.8670,105.8900
126.0943,302.5829,64.8113,107.8343
215.1388,282.6273,78.7224,121.7454
174.9220,304.4105,58.1560,101.1790
152.8287,303.8172,56.3426,99.3656
219.9165,267.4049,85.1671,128.1901
233.0671,281.0556,69.8658,112.8888
254.5885,273.5770,71.8231,114.8461
244.1028,285.5913,62.7945,105.8175
251.1488,286.1373,59.7025,102.7255
244.9444,272.9329,64.1113,107.1343
245.9367,255.9252,75.1266,118.1496
234.2911,266.7796,66.4177,109.4407
231.4059,253.3944,77.1882,120.2112
232.1371,253.1256,73.7257,116.7487
236.5825,252.5710,69.8351,112.8581
238.9072,249.3957,60.1856,103.2086
484.5423,236.5308,59.9155,102.9385
235.0226,248.0111,58.9547,101.9777
472.0346,221.0231,56.9308,99.9538
198.2569,252.2454,56.4861,99.5091
464.2757,223.2642,52.4487,95.4717
464.3442,224.8327,40.3115,83.3345
193.2115,245.7000,55.5770,98.6000
451.0786,213.5671,56.8428,99.8658
156.5003,261.9887,40.9995,84.0225
171.1605,256.6490,43.6791,86.7021
180.3036,256.7921,37.3927,80.4157
459.6512,212.1397,56.6976,99.7206
451.1144,210.1029,47.7712,90.7942
437.7414,204.7299,60.5173,103.5403
426.2173,207.7058,43.5653,86.5883
433.3354,202.3239,53.3292,96.3522
154.7265,233.7150,42.5471,85.5701
415.9061,193.8946,34.1877,77.2107
435.1832,184.1717,58.6336,101.6566
509.1697,244.6582,35.6605,78.6835
145.6498,219.1383,44.7004,87.7234
152.1133,222.1017,33.7735,76.7965
403.7843,185.7728,41.4315,84.4545
149.8244,221.3129,34.3512,77.3742
410.2621,180.7506,44.4758,87.4988
397.7965,178.2850,40.4070,83.4300
391.0465,162.0350,47.9070,90.9300
119.7806,206.2691,43.4389,86.4619
129.0239,199.5124,50.9523,93.9753
389.1060,169.5945,41.7880,84.8110
123.6618,198.6503,37.6763,80.6993
110.8974,195.8859,48.2053,91.2283
378.4988,153.4873,37.0024,80.0254
388.9444,146.9329,65.1112,108.1342
387.9306,147.9191,59.1387,102.1617
213.1430,63.1200,25.7140,111.7600
510.8269,217.3154,24.3461,67.3691
508.7543,194.7428,45.4913,88.5143
218.1430,464.1200,25.7140,111.7600
503.9470,174.9355,47.1061,90.1291
491.7220,170.7104,62.5561,105.5791
474.5629,168.5514,70.8742,113.8972
468.9717,160.9602,73.0567,116.0797
462.3045,140.2930,75.3910,118.4140
459.8360,135.8245,77.3279,120.3509
452.1680,120.1565,73.6641,116.6871
447.6401,115.6286,74.7197,117.7428
428.2173,116.2058,73.5653,116.5883
412.9685,100.4570,76.0630,119.0860
405.6032,91.0917,77.7935,120.8165
411.2879,78.7764,72.4242,115.4472
385.3686,76.8571,67.2629,110.2859
369.4468,70.4353,71.1065,114.1295
355.6603,57.1488,74.6793,117.7023
352.1028,48.5913,74.7945,117.8175
344.5974,42.0859,70.8053,113.8283
333.5091,36.9976,68.9819,112.0049
318.7196,23.7081,67.5607,110.5837
316.6293,19.1178,65.7413,108.7643
311.7094,16.1978,67.5813,110.6043
327.0343,23.5228,54.9313,97.9543
44.1430,296.1200,25.7140,111.7600
333.0023,7.9908,30.9954,74.0184
33.1430,296.1200,25.7140,111.7600
33.1430,303.1200,25.7140,111.7600
307.1430,184.1200,25.7140,111.7600
307.1430,184.1200,25.7140,111.7600
307.1430,184.1200,25.7140,111.7600
307.1430,184.1200,25.7140,111.7600
307.1430,184.1200,25.7140,111.7600
307.1430,184.1200,25.7140,111.7600
120.1430,-16.8800,25.7140,111.7600
120.1430,-1.8800,25.7140,111.7600
109.1430,5.1200,25.7140,111.7600
141.1430,56.1200,25.7140,111.7600
131.1430,-22.8800,25.7140,111.7600
96.4421,90.4306,66.1158,109.1388
89.8174,102.8059,58.3652,101.3882
73.5840,121.5725,62.8320,105.8550
92.5213,102.0098,73.9573,116.9803
103.0205,106.0090,88.9589,131.9819
106.1697,109.6582,91.6606,134.6835
107.4227,114.4112,91.1545,134.1775
123.6489,116.6374,88.7022,131.7252
155.6640,117.6525,81.6720,124.6950
171.2480,130.2365,83.5040,126.5270
173.3171,142.3056,83.3659,126.3889
172.9185,147.4070,77.1629,120.1859
192.6039,160.5923,70.7923,113.8153
204.0754,154.0639,76.8492,119.8722
208.6038,170.5923,74.7924,117.8155
221.2901,180.2785,86.4199,129.4429
234.9658,171.4543,75.0683,118.0913
225.8755,181.8640,67.2491,110.2721
223.8286,230.8171,39.3428,82.3658
215.9072,230.3957,60.1856,103.2086
213.4668,203.4553,75.0663,118.0893
213.2685,212.2570,75.4629,118.4859
216.5269,203.5154,82.9462,125.9692
228.8713,214.3598,74.2573,117.2803
227.1061,210.5946,77.7877,120.8107
218.7020,190.6904,84.5961,127.6191
234.4910,176.9795,75.0181,118.0411
248.4469,201.4354,55.1063,98.1293
196.1430,289.1200,25.7140,111.7600
175.1430,347.1200,25.7140,111.7600
227.5830,210.0715,61.8340,104.8570
262.1430,209.1200,25.7140,111.7600
232.5018,224.4903,46.9964,90.0194
235.4676,227.4561,49.0647,92.0877
239.4668,242.4553,32.0664,75.0894
262.1430,209.1200,25.7140,111.7600
197.1430,318.1200,25.7140,111.7600
346.1057,181.0941,34.7887,77.8117
213.1430,296.1200,25.7140,111.7600
330.2429,183.2313,45.5143,88.5373
77.1430,420.1200,25.7140,111.7600
76.1430,420.1200,25.7140,111.7600
240.1430,289.1200,25.7140,111.7600
224.1430,318.1200,25.7140,111.7600
307.1430,184.1200,25.7140,111.7600
99.1430,420.1200,25.7140,111.7600
307.1430,184.1200,25.7140,111.7600
245.1430,311.1200,25.7140,111.7600
341.9364,191.4249,67.1272,110.1502
367.4019,179.3904,60.1962,103.2192
374.4019,180.3904,60.1962,103.2192
369.7271,184.2156,70.5458,113.5688
376.8536,191.8421,69.2928,112.3158
380.2816,208.7701,61.4368,104.4598
379.5605,214.0490,63.8791,106.9021
377.7965,214.2850,70.4070,113.4300
372.7531,217.7416,70.4938,113.5168
371.3012,214.2897,71.3976,114.4206
390.0843,214.5728,56.8314,99.8544
386.4317,221.4202,54.1365,97.1595
401.3493,185.8378,62.3014,105.3244
423.8944,184.8829,46.2112,89.2342
413.5091,185.9976,56.9818,100.0048
409.1114,194.0999,59.7771,102.8001
414.1497,182.1382,68.7005,111.7235
417.3542,190.8427,66.2915,109.3145
437.3336,201.3221,59.3328,102.3558
441.8538,203.3423,59.2924,102.3154
442.5929,219.5814,53.8143,96.8373
436.9943,181.9828,68.0113,111.0343
437.5026,187.4911,70.9948,114.0178
443.2718,196.2603,64.4564,107.4794
436.6751,196.6636,70.6497,113.6727
434.1482,188.1367,74.7036,117.7266
438.6111,203.5996,72.7778,115.8008
425.6976,201.1861,81.6047,124.6277
422.0430,209.5315,80.9140,123.9370
420.8784,213.3669,84.2433,127.2663
431.3119,220.3004,84.3762,127.3992
434.9405,216.4290,83.1190,126.1420
438.1387,208.6272,80.7227,123.7457
443.2845,221.2730,75.4310,118.4540
442.7843,217.2728,78.4314,121.4544
443.2450,213.7335,77.5099,120.5329
441.2586,224.2471,79.4828,122.5058
441.7082,221.1966,78.5837,121.6067
442.0200,213.0085,75.9601,118.9831
444.1387,214.6272,80.7227,123.7457
450.1895,225.6779,72.6211,115.6441
454.0349,216.0234,70.9302,113.9532
452.8343,225.3228,71.3314,114.3544
458.3422,222.3307,70.3157,113.3387
465.9257,240.4142,66.1487,109.1717
461.8846,231.8732,67.2307,110.2537
460.7486,234.2371,69.5028,112.5258
465.8227,242.8112,66.3547,109.3777
466.4181,230.9066,65.1638,108.1868
461.0080,227.4965,71.9840,115.0070
457.2018,225.6903,74.5964,117.6194
456.7529,221.7414,68.4942,111.5172
462.3145,200.8030,66.3710,109.3940
463.4053,220.8938,67.1893,110.2123
456.4424,203.4309,70.1152,113.1382
457.3686,210.8571,67.2629,110.2859
463.3622,242.8507,74.2756,117.2986
469.3824,243.3710,71.2351,114.2581
466.0142,228.0027,73.9716,116.9946
464.5619,278.0504,64.8762,107.8992
471.5715,210.0600,78.8570,121.8800
471.2281,205.7166,82.5438,125.5668
475.8153,254.8038,63.3694,106.3924
471.3176,209.8061,76.3649,119.3879
478.2324,278.7209,65.5353,108.5583
482.4442,269.4327,60.1116,103.1346
88.8036,276.7921,65.3927,108.4157
89.9546,278.9431,61.0908,104.1138
95.1041,284.5926,60.7919,103.8148
105.2215,285.2100,63.5571,106.5801
101.8261,284.3146,67.3478,110.3708
109.6316,302.1201,63.7368,106.7598
138.2244,306.7130,71.5511,114.5741
124.1774,304.1660,77.6451,120.6681
123.9205,307.4090,77.1590,120.1820
115.5286,309.5171,76.9429,119.9659
124.5403,312.0288,76.9195,119.9425
136.3033,329.2918,71.3933,114.4163
115.7860,341.7745,60.4280,103.4510
127.5829,337.5714,67.8343,110.8573
131.8253,339.8138,62.3494,105.3724
163.2682,335.7567,64.4637,107.4867
212.1717,337.6602,67.6566,110.6796
189.3094,346.7979,54.3811,97.4041
178.0932,359.5817,38.8137,81.8367
181.1819,373.6704,24.6362,67.6592
185.3798,363.8683,34.2404,77.2634
213.9257,364.4142,21.1486,64.1716
131.1430,231.1200,25.7140,111.7600
142.1430,231.1200,25.7140,111.7600
142.1430,245.1200,25.7140,111.7600
142.1430,216.1200,25.7140,111.7600
164.1430,231.1200,25.7140,111.7600
164.1430,260.1200,25.7140,111.7600
307.1430,184.1200,25.7140,111.7600
153.1430,231.1200,25.7140,111.7600
164.1430,231.1200,25.7140,111.7600
164.1430,231.1200,25.7140,111.7600
264.4478,132.4363,25.1044,68.1274
307.1430,184.1200,25.7140,111.7600
164.1430,173.1200,25.7140,111.7600
221.8238,123.3123,40.3525,83.3755
180.1430,158.1200,25.7140,111.7600
164.1430,158.1200,25.7140,111.7600
137.1430,159.1200,25.7140,111.7600
142.1430,158.1200,25.7140,111.7600
307.1430,184.1200,25.7140,111.7600
307.1430,184.1200,25.7140,111.7600
307.1430,184.1200,25.7140,111.7600
328.1430,464.1200,25.7140,111.7600
499.8660,305.3545,35.2679,78.2909
484.7008,300.6893,45.5984,88.6214
486.5789,304.0674,46.8423,89.8653
373.0791,382.5676,45.8418,88.8648
371.0238,382.0123,46.9525,89.9755
392.3654,336.8539,78.2692,121.2922
354.7402,355.2287,57.5196,100.5426
370.8814,339.3699,72.2371,115.2601
365.1741,337.6626,73.6517,116.6747
377.3032,333.7917,74.3936,117.4166
339.1083,344.0968,63.7834,106.8064
346.8204,336.8090,72.3591,115.3821
326.0819,340.5704,66.8362,109.8592
318.6991,333.6876,66.6018,109.6248
313.3227,333.8112,65.3546,108.3776
310.2338,336.2223,63.5324,106.5554
307.7331,336.7216,64.5339,107.5569
299.9493,335.9379,62.1013,105.1243
280.7632,330.7517,65.4735,108.4965
278.9690,318.9575,69.0620,112.0850
276.0984,315.5869,70.8031,113.8261
278.3102,312.2986,73.3797,116.4027
275.4267,317.9152,72.1465,115.1695
274.9100,314.8985,74.1799,117.2029
261.9645,303.4530,76.0709,119.0939
261.5213,309.0098,73.9573,116.9803
265.1146,314.1031,70.7707,113.7937
268.0588,314.5473,71.8824,114.9054
247.4428,313.4313,76.1144,119.1374
256.9100,312.8985,74.1799,117.2029
258.4066,308.3951,75.1868,118.2098
259.2709,310.2594,73.4582,116.4812
250.6078,312.0963,74.7844,117.8074
260.3256,310.8141,74.3489,117.3719
256.6967,309.6852,74.6065,117.6295
255.9488,308.9373,74.1024,117.1254
257.9764,306.9649,76.0472,119.0702
255.6485,304.6370,77.7030,120.7260
254.3005,303.7890,81.3990,124.4220
262.3998,303.3883,82.2003,125.2234
265.1602,300.1487,84.6797,127.7027
243.7675,295.7560,83.4651,126.4881
260.2450,285.2335,90.5101,133.5331
253.9723,291.4608,86.0554,129.0784
264.3295,295.8180,83.3410,126.3640
265.5247,295.5132,84.9507,127.9737
267.2932,298.7817,81.4135,124.4365
256.2189,275.2074,80.5622,123.5852
208.5284,265.5168,67.9433,110.9663
212.4490,273.4375,69.1020,112.1250
202.3465,265.8350,75.3070,118.3300
210.0869,275.5754,77.8262,120.8492
202.1061,288.5946,77.7877,120.8107
191.9156,282.9041,81.1688,124.1918
195.3293,267.8177,85.3415,128.3645
180.0787,257.5672,90.8426,133.8656
160.8789,238.8674,92.2421,135.2651
151.0974,250.5859,99.8053,142.8283
156.8877,252.3762,107.2246,150.2476
157.4480,252.4364,110.1041,153.1271
158.1221,251.6107,112.7557,155.7787
158.0774,249.5659,108.8453,151.8683
134.6148,243.6033,90.7704,133.7934
135.1154,228.6039,96.7692,139.7922
120.0841,237.0726,101.8317,144.8547
132.8699,225.8584,112.2602,155.2832
130.1840,250.6725,106.6320,149.6550
125.3533,251.8418,101.2934,144.3164
132.7626,253.2511,91.4747,134.4977
135.0351,251.0236,91.9297,134.9528
126.0620,249.0505,91.8760,134.8990
122.8253,244.8138,94.3493,137.3723
126.8052,247.7937,93.3896,136.4126
114.5593,244.0478,94.8814,137.9044
109.6310,250.1195,95.7379,138.7609
117.3131,238.8016,102.3738,145.3968
117.7512,232.7397,104.4976,147.5206
110.7858,229.2743,107.4284,150.4514
102.4916,230.9801,106.0168,149.0398
93.2200,227.2085,98.5600,141.5830
101.9489,168.4374,72.1023,115.1253
107.9927,174.9812,70.0147,113.0377
111.3260,161.8145,68.3480,111.3710
90.3155,225.3040,85.3691,128.3921
101.2802,196.7687,76.4396,119.4626
99.6574,171.1459,71.6851,114.7081
113.6758,159.1644,72.6483,115.6713
131.2287,302.2172,71.5426,114.5656
128.5727,299.0612,65.8546,108.8776
123.9795,293.9680,70.0409,113.0639
117.5821,295.0706,65.8358,108.8588
135.0058,296.4943,69.9884,113.0114
121.8215,289.3100,71.3570,114.3800
109.2674,277.2559,76.4652,119.4882
103.3083,265.2968,74.3834,117.4064
108.3778,269.8662,67.2445,110.2675
123.2287,271.2172,71.5426,114.5656
131.0715,267.5600,73.8570,116.8800
132.9601,263.9486,69.0798,112.1028
125.3225,255.8110,75.3550,118.3780
130.2081,252.1966,78.5837,121.6067
133.4858,245.4743,80.0284,123.0514
132.8626,245.8511,81.2748,124.2978
110.4988,232.4873,80.0024,123.0254
97.8882,217.8767,81.2237,124.2467
95.0554,211.5439,78.8892,121.9122
92.4903,225.9788,66.0195,109.0425
93.0264,242.5149,66.9472,109.9702
89.6898,237.6783,66.6204,109.6434
305.1430,63.1200,25.7140,111.7600
99.1430,522.1200,25.7140,111.7600
561.4785,81.4670,25.0431,68.0661
104.1430,500.1200,25.7140,111.7600
514.7264,69.7150,42.5471,85.5701
55.3550,298.3435,48.2900,91.3130
493.8369,44.8254,49.3262,92.3492
487.8866,33.8751,50.2268,93.2498
55.1430,435.1200,25.7140,111.7600
307.1430,184.1200,25.7140,111.7600
307.1430,184.1200,25.7140,111.7600
307.1430,184.1200,25.7140,111.7600
307.1430,184.1200,25.7140,111.7600
307.1430,184.1200,25.7140,111.7600
307.1430,184.1200,25.7140,111.7600
307.1430,184.1200,25.7140,111.7600
307.1430,184.1200,25.7140,111.7600
307.1430,184.1200,25.7140,111.7600
307.1430,184.1200,25.7140,111.7600
307.1430,184.1200,25.7140,111.7600
307.1430,184.1200,25.7140,111.7600
307.1430,184.1200,25.7140,111.7600
307.1430,184.1200,25.7140,111.7600
307.1430,184.1200,25.7140,111.7600
307.1430,184.1200,25.7140,111.7600
307.1430,184.1200,25.7140,111.7600
307.1430,184.1200,25.7140,111.7600
307.1430,184.1200,25.7140,111.7600
307.1430,184.1200,25.7140,111.7600
307.1430,184.1200,25.7140,111.7600
307.1430,184.1200,25.7140,111.7600
307.1430,184.1200,25.7140,111.7600
307.1430,184.1200,25.7140,111.7600
307.1430,184.1200,25.7140,111.7600
307.1430,184.1200,25.7140,111.7600
77.1430,56.1200,25.7140,111.7600
98.1430,64.1200,25.7140,111.7600
128.0715,22.5600,29.8570,72.8800
153.7341,27.2226,26.5318,69.5548
154.4150,23.4035,44.1699,87.1929
169.8277,15.3162,53.3447,96.3677
187.6278,17.1163,52.7443,95.7673
203.1324,29.1209,49.7352,92.7582
207.7466,22.7351,65.5068,108.5298
214.3395,27.8280,68.3210,111.3440
218.8215,31.3100,73.3570,116.3800
234.0759,37.5644,69.8482,112.8712
246.9533,40.9418,70.0934,113.1164
250.2093,46.1978,72.5814,115.6044
255.5807,48.0692,73.8386,116.8616
262.0757,51.5642,71.8485,114.8715
267.0715,51.5600,73.8570,116.8800
271.5757,52.0642,72.8487,115.8717
277.3888,53.8773,72.2224,115.2454
282.5203,56.5088,73.9594,116.9824
283.7722,58.7607,72.4557,115.4787
289.9904,58.9789,73.0193,116.0423
293.5980,62.0865,71.8040,114.8270
304.0715,62.5600,69.8570,112.8800
310.0815,62.5700,68.8369,111.8599
317.4534,62.4419,69.0931,112.1161
319.4599,59.4484,70.0802,113.1032
323.7032,57.6917,71.5937,114.6167
332.3257,57.8142,72.3486,115.3716
329.2030,59.1915,72.5939,115.6169
328.4682,59.4567,71.0635,114.0865
331.9686,61.9571,70.0628,113.0858
335.0891,63.5775,69.8219,112.8449
335.8259,63.3144,69.3482,112.3711
340.3311,58.8196,71.3378,114.3608
350.3258,65.8143,70.3483,113.3713
350.4468,68.4353,71.1065,114.1295
354.3315,67.8200,69.3371,112.3601
357.7188,66.7073,69.5624,112.5854
364.2439,67.2324,68.5122,111.5352
368.8691,67.8576,69.2618,112.2848
374.1560,67.6445,72.6880,115.7110
380.0228,71.0113,71.9544,114.9774
379.6758,73.1643,72.6483,115.6713
383.9067,78.3952,72.1866,115.2096
391.9597,84.9481,71.0807,114.1037
392.3215,78.8100,78.3570,121.3800
389.4526,81.4411,77.0948,120.1178
392.3302,78.8187,77.3396,120.3626
392.6201,83.1087,75.7597,118.7827
403.6067,90.0952,76.7867,119.8096
407.2943,103.2828,70.4113,113.4343
439.1270,114.6155,56.7461,99.7691
393.1072,27.0957,61.7855,104.8085
396.0768,32.0653,59.8464,102.8694
419.0723,70.5608,88.8554,131.8784
459.4971,84.4856,65.0058,108.0288
429.6028,80.0913,84.7945,127.8175
430.1061,89.5946,77.7877,120.8107
426.4651,92.4536,81.0699,124.0929
436.9521,87.9406,82.0957,125.1187
434.2787,86.2671,81.4427,124.4657
448.1215,84.1100,87.7569,130.7799
445.8632,97.3517,86.2736,129.2966
442.7469,93.7354,82.5061,125.5291
450.5724,84.0609,81.8552,124.8782
453.8776,84.8661,85.2448,128.2678
453.1263,101.1148,85.7473,128.7703
463.1341,94.1226,84.7319,127.7549
455.2786,95.7671,94.4428,137.4659
450.9494,142.4379,83.1012,126.1242
448.5059,110.9944,91.9882,135.0112
462.4254,136.9139,83.1492,126.1722
460.4115,158.9000,82.1769,125.1999
447.4710,113.4595,95.0580,138.0810
459.7205,208.7090,65.5590,108.5820
460.3892,162.8777,68.2217,111.2447
464.8215,106.3100,69.3570,112.3800
474.9820,123.9705,66.0359,109.0589
463.4979,133.4864,69.0041,112.0271
451.3431,125.3316,79.3138,122.3368
453.6341,138.1226,76.7319,119.7549
478.6110,135.5995,69.7780,112.8010
474.5091,169.4976,66.9819,110.0049
469.2356,174.7241,67.5287,110.5518
479.0815,179.5701,68.8369,111.8599
476.5667,142.0552,77.8666,120.8896
467.6478,130.6363,94.7044,137.7274
455.7971,154.7856,102.4059,145.4289
446.6442,194.6327,98.7115,141.7345
461.6691,110.6576,71.6618,114.6848
460.5681,96.0566,67.8638,110.8868
473.4676,81.4561,49.0647,92.0877
227.7173,43.7058,49.5653,92.5883
441.2173,143.2058,49.5653,92.5883
259.7924,70.7809,49.4152,92.4382
280.0185,86.5070,32.9630,75.9860
292.8777,75.3662,57.2445,100.2675
309.2899,76.2784,50.4203,93.4433
459.9665,157.9550,51.0669,94.0899
330.6420,79.1305,44.7161,87.7391
98.1430,303.1200,25.7140,111.7600
475.1028,259.0913,52.7945,95.8175
439.9390,217.4275,94.1220,137.1450
479.7036,320.6920,50.5929,93.6159
427.5130,212.5015,91.9740,134.9970
430.2410,197.2295,97.5181,140.5411
437.1761,200.6646,88.6478,131.6708
471.3846,199.8731,76.2309,119.2539
455.0959,186.5844,76.8082,119.8312
446.2787,206.7672,81.4427,124.4657
451.9013,193.3898,76.1973,119.2204
466.9090,198.8975,69.1820,112.2049
470.3513,213.8398,65.2974,108.3204
485.3777,222.8663,67.2445,110.2675
498.5423,232.5308,59.9155,102.9385
504.4063,239.3948,59.1873,102.2103
295.1430,521.1200,25.7140,111.7600
295.1430,507.1200,25.7140,111.7600
307.1430,184.1200,25.7140,111.7600
78.2414,329.2299,21.5173,64.5403
71.6460,311.6345,49.7080,92.7310
77.2522,316.2407,44.4956,87.5186
99.3347,313.8232,55.3305,98.3535
108.3096,345.7981,44.3808,87.4038
109.7855,348.7740,42.4289,85.4519
113.7460,348.2345,48.5081,91.5311
254.0389,322.5274,35.9221,78.9451
245.1140,310.6025,65.7720,108.7950
270.6341,329.6226,56.7318,99.7548
423.5965,69.0850,42.8070,85.8300
410.3031,59.7916,60.3938,103.4168
408.7073,67.1958,60.5854,103.6084
404.1389,75.1274,51.7222,94.7451
396.3320,78.8205,60.3359,103.3589
386.5739,75.5624,65.8523,108.8753
381.1211,79.1096,70.7578,113.7808
384.3679,103.8564,57.2642,100.2872
377.0978,100.5863,69.8043,112.8273
375.4468,109.9353,65.1064,108.1294
368.0978,105.5863,69.8043,112.8273
367.8136,114.3021,68.3728,111.3958
348.2310,122.7196,67.5379,110.5609
333.2884,118.7769,71.4232,114.4462
322.2376,118.7261,72.5248,115.5478
318.7835,120.2720,70.4330,113.4560
299.9317,114.4202,75.1366,118.1596
299.4376,120.9261,74.1249,117.1479
289.3536,117.3421,69.2928,112.3158
276.3021,114.7906,64.3958,107.4188
265.0619,102.0504,64.8762,107.8992
250.1061,92.5946,68.7878,111.8108
235.2310,87.7196,67.5379,110.5609
220.9090,75.8975,69.1820,112.2049
218.8538,77.3423,59.2924,102.3154
214.3738,78.3623,52.2524,95.2754
461.7737,332.7622,53.4526,96.4756
487.3465,340.8350,35.3069,78.3299
393.1430,318.1200,25.7140,111.7600
398.1216,346.6100,57.7569,100.7799
357.9624,344.4509,57.0752,100.0982
339.7125,331.7010,60.5749,103.5979
339.4553,342.4438,57.0893,100.1123
350.2365,342.7250,58.5270,101.5500
342.7675,346.7561,53.4649,96.4879
337.6341,336.1226,63.7318,106.7548
332.0652,335.5537,62.8695,105.8925
331.2094,335.1979,62.5812,105.6042
331.5345,332.0230,66.9310,109.9540
324.2723,337.2608,62.4554,105.4784
320.4351,332.4236,66.1299,109.1529
328.4684,333.4568,65.0633,108.0863
315.3811,329.3697,66.2377,109.2607
330.3228,337.3113,60.3544,103.3774
295.5993,336.5878,57.8014,100.8244
293.9883,334.4768,58.0234,101.0464
296.2664,336.2549,59.4671,102.4901
295.8847,333.8732,61.2305,104.2535
301.2733,333.7618,63.4534,106.4764
301.3191,334.8076,64.3619,107.3849
288.6992,333.6877,64.6016,107.6246
275.0526,328.0411,65.8947,108.9177
274.6052,328.5937,64.7896,107.8126
287.1691,325.1576,71.6618,114.6848
273.2466,331.7351,65.5068,108.5298
283.7848,326.7733,72.4305,115.4535
273.1568,325.6453,70.6865,113.7095
283.7608,330.7493,67.4784,110.5014
277.8181,328.8066,68.3638,111.3868
228.0365,326.0250,62.9270,105.9500
230.9865,329.9750,60.0269,103.0499
226.4059,329.8943,60.1883,103.2113
226.5590,324.5475,62.8820,105.9050
221.4827,322.4712,65.0346,108.0576
222.2466,322.2351,65.5068,108.5298
225.0787,325.0672,64.8426,107.8656
220.3275,326.3159,65.3451,108.3681
212.5114,320.4999,66.9772,110.0002
204.9540,323.9425,65.0920,108.1150
204.6991,320.6876,67.6019,110.6249
469.8452,297.8336,68.3097,111.3327
466.2075,275.6960,76.5849,119.6079
471.4304,291.9189,70.1392,113.1622
226.1139,311.1024,71.7722,114.7952
471.3962,269.3847,77.2076,120.2306
470.1678,263.6563,77.6644,120.6874
486.7722,258.7607,72.4557,115.4787
474.3940,251.3824,79.2121,122.2351
477.0358,249.0243,75.9284,118.9514
474.0120,251.5005,76.9760,119.9990
467.2939,251.7825,76.4121,119.4351
458.9142,244.4027,78.1716,121.1946
461.3789,241.3674,79.2422,122.2652
459.7466,246.7351,80.5068,123.5298
462.5445,247.0330,79.9111,122.9341
464.1678,248.1563,77.6644,120.6874
454.5807,260.0692,73.8386,116.8616
460.9142,229.4027,78.1716,121.1946
457.6132,232.1017,78.7736,121.7966
473.8029,226.2914,73.3942,116.4172
466.1906,224.6791,73.6188,116.6418
465.3946,218.8831,75.2108,118.2338
160.7098,277.1983,70.5805,113.6035
455.3068,217.7953,72.3864,115.4094
425.4112,211.3997,83.1777,126.2007
437.3511,211.8396,80.2977,123.3207
442.0656,209.0541,76.8687,119.8917
438.7727,210.2612,79.4547,122.4777
433.1260,207.6145,82.7480,125.7710
436.1051,203.5936,79.7898,122.8128
424.9415,202.9300,85.1170,128.1400
434.2660,198.7545,80.4680,123.4910
448.5745,192.0630,75.8510,118.8740
435.0545,187.0430,78.8911,121.9141
428.0626,185.0511,82.8749,125.8979
422.5536,181.5421,82.8927,125.9157
422.9403,180.4288,81.1194,124.1424
422.5667,182.0552,77.8666,120.8896
426.6549,180.6434,75.6901,118.7131
405.4090,173.8975,84.1820,127.2050
404.5038,169.9923,83.9924,127.0154
415.1171,169.6056,82.7659,125.7889
428.4467,170.9352,79.1065,122.1295
412.5471,168.0356,81.9059,124.9289
395.4720,164.4605,87.0561,130.0791
406.7680,143.2565,86.4641,129.4871
408.4564,140.9449,84.0873,127.1103
406.8934,141.8819,83.2132,126.2362
412.7864,133.7749,82.4271,125.4501
400.4484,133.4369,86.1032,129.1262
403.8430,127.8316,85.3139,128.3369
430.2271,132.2156,74.5457,117.5687
407.8934,124.8819,83.2132,126.2362
424.9013,126.3898,76.1973,119.2204
431.1226,126.6111,72.7548,115.7778
405.9681,114.9566,83.0638,126.0868
409.6368,112.6253,81.7264,124.7494
391.1666,108.1551,87.6668,130.6898
388.3392,111.8277,90.3215,133.3445
402.7308,101.7193,82.5384,125.5614
406.2204,98.7089,81.5593,124.5823
402.4779,103.4664,73.0442,116.0672
357.5568,93.0453,80.8864,123.9094
410.5760,89.0645,68.8481,111.8711
385.0726,81.5611,70.8548,113.8778
332.1840,67.6725,86.6320,129.6550
319.5652,56.0537,92.8695,135.8925
368.6405,55.1290,70.7189,113.7419
361.1654,49.6539,66.6692,109.6922
281.0559,46.5444,80.8882,123.9112
279.9600,41.9484,79.0801,122.1031
263.6331,45.6216,77.7338,120.7568
322.5730,38.0615,55.8541,98.8771
328.8280,33.3165,51.3440,94.3670
324.8358,24.3242,52.3285,95.3515
312.6378,18.1263,46.7244,89.7474
309.5632,16.5517,42.8737,85.8967
315.0916,7.5801,40.8168,83.8398
313.9983,6.4868,30.0034,73.0264
33.1430,158.1200,25.7140,111.7600
33.1430,158.1200,25.7140,111.7600
22.1430,151.1200,25.7140,111.7600
307.1430,184.1200,25.7140,111.7600
307.1430,184.1200,25.7140,111.7600
307.1430,184.1200,25.7140,111.7600
307.1430,184.1200,25.7140,111.7600
307.1430,184.1200,25.7140,111.7600
307.1430,184.1200,25.7140,111.7600
307.1430,184.1200,25.7140,111.7600
307.1430,184.1200,25.7140,111.7600
307.1430,184.1200,25.7140,111.7600
307.1430,184.1200,25.7140,111.7600
307.1430,184.1200,25.7140,111.7600
307.1430,184.1200,25.7140,111.7600
307.1430,184.1200,25.7140,111.7600
307.1430,184.1200,25.7140,111.7600
307.1430,184.1200,25.7140,111.7600
307.1430,184.1200,25.7140,111.7600
307.1430,184.1200,25.7140,111.7600
307.1430,184.1200,25.7140,111.7600
307.1430,184.1200,25.7140,111.7600
307.1430,184.1200,25.7140,111.7600
307.1430,184.1200,25.7140,111.7600
307.1430,184.1200,25.7140,111.7600
307.1430,184.1200,25.7140,111.7600
307.1430,184.1200,25.7140,111.7600
221.9903,2.9788,36.0195,79.0425
33.1430,173.1200,25.7140,111.7600
44.1430,173.1200,25.7140,111.7600
307.1430,184.1200,25.7140,111.7600
44.1430,231.1200,25.7140,111.7600
55.1430,274.1200,25.7140,111.7600
66.1430,260.1200,25.7140,111.7600
294.0526,35.0411,45.8949,88.9179
285.2158,33.2043,52.5685,95.5915
306.3174,31.3059,58.3652,101.3882
293.5386,40.5271,50.9227,93.9457
315.2927,51.2812,45.4146,88.4376
330.3646,47.8531,43.2708,86.2938
303.8215,42.3100,41.3570,84.3800
318.1192,55.6077,33.7615,76.7845
329.9167,45.4052,50.1665,93.1895
342.6767,51.6652,43.6466,86.6696
337.5202,59.5087,29.9596,72.9826
345.5321,49.0206,50.9359,93.9589
343.8369,47.8254,49.3262,92.3492
350.4182,49.4068,52.1635,95.1865
87.1430,325.1200,25.7140,111.7600
87.1430,325.1200,25.7140,111.7600
82.1430,355.1200,25.7140,111.7600
87.1430,297.1200,25.7140,111.7600
88.1430,318.1200,25.7140,111.7600
77.1430,304.1200,25.7140,111.7600
360.4208,56.9093,34.1584,77.1814
362.6783,68.6668,32.6434,75.6664
405.0907,60.5792,51.8185,94.8415
365.1697,58.6582,35.6605,78.6835
361.9948,52.9833,39.0104,82.0334
385.9257,42.9142,60.1486,103.1716
385.6216,35.6100,67.7569,110.7799
363.3326,38.8211,63.3347,106.3577
354.9200,41.4085,64.1600,107.1830
363.6048,44.0933,59.7905,102.8135
365.5662,46.5547,59.8676,102.8906
372.8632,48.8517,62.2736,105.2966
374.5907,47.0792,64.8185,107.8415
379.0125,48.5010,67.9751,110.9981
378.4841,46.9726,68.0317,111.0547
377.0392,48.5277,68.9217,111.9447
378.6206,51.6091,68.7587,111.7817
388.5715,56.0600,66.8570,109.8800
400.1589,52.6474,70.6822,113.7052
410.5629,54.5514,70.8742,113.8972
397.8215,55.3100,67.3570,110.3800
392.8226,58.8111,67.3547,110.3777
398.7205,61.7090,65.5590,108.5820
403.6968,60.6853,66.6064,109.6294
401.6021,69.0907,63.7957,106.8187
416.8329,70.3214,62.3343,105.3573
422.9468,65.9353,65.1064,108.1294
428.7043,72.6929,62.5913,105.6143
438.2673,73.2558,62.4655,105.4885
439.1992,80.1877,64.6016,107.6246
437.3322,79.8207,65.3356,108.3586
444.0715,82.5600,67.8570,110.8800
439.7040,85.6926,64.5919,107.6149
434.3502,89.8387,67.2996,110.3226
434.8978,96.3863,65.2044,108.2274
438.7094,90.1978,67.5813,110.6043
439.1443,94.6328,67.7113,110.7344
437.7911,94.2796,68.4178,111.4408
441.3777,100.8662,67.2445,110.2675
442.7791,109.7676,67.4418,110.4648
442.7596,107.7481,68.4807,111.5037
444.4698,114.4583,67.0603,110.0833
446.6968,118.6853,67.6064,110.6294
445.0897,124.5782,67.8206,110.8436
445.8261,126.3146,67.3478,110.3708
449.8227,125.3112,66.3547,109.3777
449.4468,129.4353,65.1064,108.1294
449.0727,131.5612,64.8546,107.8776
450.5715,137.0600,64.8570,107.8800
449.4468,143.4353,65.1064,108.1294
449.4468,146.4353,64.1064,107.1294
452.1968,145.1853,63.6064,106.6294
451.9492,147.9377,64.1015,107.1245
454.7220,156.7104,62.5561,105.5791
457.6550,157.1435,60.6900,103.7130
457.3847,159.8732,61.2305,104.2535
453.4617,160.4502,63.0765,106.0995
455.4617,164.4502,63.0765,106.0995
455.8329,171.3214,62.3343,105.3573
453.8228,172.3113,62.3545,105.3775
451.0715,174.5600,65.8570,108.8800
452.4492,176.4377,65.1016,108.1246
77.7642,123.2527,67.4716,110.4946
456.9491,180.9376,66.1017,109.1247
463.8507,183.3392,66.2986,109.3216
464.8950,184.3835,67.2100,110.2330
462.7806,186.7691,66.4387,109.4617
463.4181,190.9066,65.1638,108.1868
460.0568,196.0453,63.8864,106.9094
452.9609,200.9494,66.0782,109.1012
454.9971,205.9856,65.0058,108.0288
454.7324,209.7209,65.5353,108.5583
455.0904,213.5789,65.8193,108.8422
459.9707,218.9592,65.0585,108.0815
458.8680,220.3564,61.2641,104.2871
464.4541,223.4426,64.0918,107.1148
463.5915,235.0800,62.8170,105.8400
101.5091,165.9976,63.9818,107.0048
99.4238,169.9123,67.1525,110.1755
113.1038,179.0923,70.7923,113.8153
117.0592,182.5477,68.8815,111.9045
125.3691,186.3576,69.2618,112.2848
114.6605,208.1490,69.6791,112.7021
132.4489,204.4374,72.1023,115.1253
145.0963,215.5848,70.8074,113.8304
147.3349,224.8234,73.3301,116.3531
183.2596,226.2481,74.4809,117.5039
171.2535,245.2420,74.4930,117.5160
169.6725,253.1610,74.6551,117.6781
177.2147,263.7032,75.5706,118.5936
189.5180,266.5065,75.9641,118.9871
190.7344,274.2229,77.5312,120.5542
189.7367,295.7252,78.5266,121.5496
207.5286,301.5171,76.9429,119.9659
210.0121,305.5006,74.9758,117.9988
213.2586,309.7471,75.4829,118.5059
209.6300,312.6185,74.7400,117.7630
206.4785,322.9669,70.0431,113.0661
206.6497,332.6382,68.7005,111.7235
370.2917,68.2803,65.4165,108.4395
210.4468,344.4353,65.1064,108.1294
209.4541,340.4426,64.0918,107.1148
241.5577,335.0462,71.8845,114.9075
256.8632,340.8517,71.2736,114.2966
365.0626,115.0511,54.8749,97.8979
338.0215,99.5100,67.9569,110.9799
336.7609,113.7494,63.4781,106.5011
333.3018,118.2903,60.3965,103.4195
333.5061,127.4946,54.9877,98.0107
314.7522,120.2407,62.4957,105.5187
321.0180,130.0065,61.9640,104.9870
320.0865,142.0750,37.8270,80.8500
292.6601,129.6486,53.6798,96.7028
278.9963,120.4848,57.0073,100.0303
287.7725,129.2610,52.4550,95.4780
279.9151,129.4035,48.1699,91.1929
267.9756,124.4641,52.0488,95.0718
268.4290,128.9175,44.1420,87.1650
236.4196,111.4081,40.1608,83.1838
220.1898,106.6783,38.6203,81.6433
216.1551,106.6436,39.6898,82.7128
215.0281,97.0166,35.9438,78.9668
209.3378,80.8263,47.3244,90.3474
222.1074,88.5959,19.7852,62.8082
377.7920,385.7805,40.4160,83.4390
363.9509,387.9394,45.0983,88.1213
358.1398,382.6283,45.7204,88.7434
345.7261,362.7146,55.5477,98.5707
338.0771,366.5656,57.8459,100.8689
333.8421,356.3306,61.3157,104.3387
328.7225,355.7110,61.5550,104.5780
331.9820,340.9705,66.0359,109.0589
329.5715,337.5600,67.8570,110.8800
315.1814,332.6699,69.6373,112.6603
316.2298,333.7183,69.5403,112.5633
312.8910,327.8795,71.2179,114.2409
300.3182,326.3067,69.3636,112.3866
296.8313,320.3198,70.3374,113.3604
303.4376,319.9261,74.1249,117.1479
289.6234,315.1119,71.7531,114.7761
289.3378,314.8263,74.3245,117.3475
280.9531,317.9416,72.0938,115.1168
280.4679,321.4564,72.0643,115.0873
271.0757,318.5642,71.8485,114.8715
271.6967,314.6853,73.6065,116.6295
268.9890,313.9774,75.0221,118.0451
270.7393,315.7278,74.5214,117.5444
270.5372,315.5258,74.9255,117.9485
277.3128,314.3013,77.3744,120.3974
261.4982,318.4867,76.0037,119.0267
257.7697,313.2582,74.4606,117.4836
271.6242,299.1127,88.7517,131.7747
263.6524,288.6409,94.6953,137.7183
265.8519,286.3404,99.2963,142.3193
253.1138,330.6023,77.7723,120.7953
242.0905,302.0790,91.8190,134.8420
220.0812,330.5697,70.8376,113.8606
220.2098,329.1983,70.5805,113.6035
222.8856,321.3741,75.2289,118.2519
214.0975,321.5861,72.8049,115.8279
207.4779,319.4664,73.0442,116.0672
207.2709,317.2594,73.4582,116.4812
195.1097,317.5982,71.7807,114.8037
188.8309,314.3195,72.3381,115.3611
181.0574,317.0459,74.8852,117.9082
185.6549,312.6434,75.6901,118.7131
169.9937,310.4822,74.0125,117.0355
167.0588,311.5473,71.8824,114.9054
165.5592,308.5477,73.8816,116.9046
158.4257,301.4142,78.1487,121.1717
158.6939,300.1824,79.6122,122.6351
150.4276,301.4161,78.1448,121.1678
156.2853,305.7738,78.4295,121.4525
145.0775,306.0659,75.8451,118.8681
141.0539,307.0424,76.8921,119.9151
140.9845,302.9730,79.0310,122.0540
148.5612,303.0497,79.8775,122.9005
143.7098,298.6983,79.5803,122.6033
143.6599,300.6483,80.6803,123.7033
139.4738,299.4623,82.0524,125.0754
133.8410,296.8294,80.3181,123.3411
123.0540,296.5425,80.8919,123.9149
122.6599,293.6483,80.6803,123.7033
120.5127,287.0012,80.9745,123.9975
118.2548,280.2433,79.4903,122.5133
119.6894,281.1779,80.6213,123.6443
111.1259,274.1144,81.7482,124.7712
110.6286,269.1171,81.7428,124.7658
105.9666,269.4550,79.0669,122.0899
104.4112,273.3997,83.1777,126.2007
88.0842,273.5727,76.8316,119.8546
88.9218,271.4103,78.1563,121.1793
118.2445,293.7330,83.5111,126.5341
123.0269,299.0154,82.9462,125.9692
111.4521,283.4406,82.0957,125.1187
110.3437,286.8322,83.3127,126.3357
135.1052,305.0937,64.7896,107.8126
107.1994,269.6879,61.6012,104.6242
115.9491,278.9376,67.1018,110.1248
114.2393,286.2278,74.5214,117.5444
149.0215,310.5100,67.9569,110.9799
119.6787,264.1672,57.6426,100.6656
114.4167,264.9052,71.1665,114.1895
122.2880,272.2765,74.4240,117.4470
112.4449,263.4334,81.1102,124.1332
126.3543,261.8429,62.2913,105.3143
124.6157,248.1042,46.7687,89.7916
114.0847,243.0732,50.8307,93.8537
119.2699,250.2584,50.4602,93.4832
112.5619,241.0504,64.8762,107.8992
135.4827,262.4712,72.0347,115.0577
129.8600,246.3485,71.2800,114.3030
130.9911,238.9796,72.0178,115.0408
127.2298,238.2183,69.5403,112.5633
122.5980,233.0865,71.8040,114.8270
117.0102,225.9987,67.9796,111.0026
117.8810,225.3695,64.2379,107.2609
108.6875,222.1760,66.6250,109.6480
102.5431,216.0316,67.9138,110.9368
105.6944,211.6829,65.6111,108.6341
104.0764,200.5649,63.8472,106.8702
99.0766,198.5651,61.8468,104.8698
96.7913,193.2798,60.4175,103.4405
97.2531,187.2415,59.4939,102.5169
95.6608,174.1493,59.6785,102.7015
90.8094,175.7979,59.3812,102.4042
87.7140,172.2025,56.5720,99.5950
71.1424,170.6309,50.7153,93.7383
79.9004,166.8889,53.1993,96.2223
69.3583,161.3468,55.2834,98.3064
64.3863,152.3748,56.2275,99.2505
75.9176,162.4061,23.1648,66.1878
65.1501,158.6386,24.6997,67.7227
491.3112,129.2998,43.3775,86.4005
458.0619,99.0504,64.8762,107.8992
465.3262,88.8147,66.3477,109.3707
446.5912,94.5797,69.8175,112.8405
442.7574,78.2459,69.4852,112.5082
480.0993,47.5878,39.8014,82.8244
470.0161,65.0046,30.9678,73.9908
66.1430,442.1200,25.7140,111.7600
164.1430,158.1200,25.7140,111.7600
170.1430,115.1200,25.7140,111.7600
153.1430,114.1200,25.7140,111.7600
137.1430,100.1200,25.7140,111.7600
307.1430,184.1200,25.7140,111.7600
307.1430,184.1200,25.7140,111.7600
98.1430,391.1200,25.7140,111.7600
307.1430,184.1200,25.7140,111.7600
88.1430,405.1200,25.7140,111.7600
307.1430,184.1200,25.7140,111.7600
307.1430,184.1200,25.7140,111.7600
87.1430,347.1200,25.7140,111.7600
307.1430,184.1200,25.7140,111.7600
307.1430,184.1200,25.7140,111.7600
307.1430,184.1200,25.7140,111.7600
185.1430,478.1200,25.7140,111.7600
307.1430,184.1200,25.7140,111.7600
453.5271,66.5156,57.9458,100.9688
482.2388,66.2273,57.5224,100.5454
476.8440,63.3325,57.3120,100.3350
467.5923,38.0808,60.8153,103.8383
98.1430,405.1200,25.7140,111.7600
87.1430,384.1200,25.7140,111.7600
307.1430,184.1200,25.7140,111.7600
307.1430,184.1200,25.7140,111.7600
120.1430,449.1200,25.7140,111.7600
142.1430,463.1200,25.7140,111.7600
109.1430,464.1200,25.7140,111.7600
446.2049,81.6934,29.5902,72.6132
77.1430,405.1200,25.7140,111.7600
76.1430,405.1200,25.7140,111.7600
87.1430,347.1200,25.7140,111.7600
416.9001,59.8886,42.1998,85.2228
424.9632,55.4517,66.0735,109.0965
416.4773,55.4658,66.0453,109.0683
391.6544,71.1430,49.6911,92.7141
250.2402,41.2287,47.5197,90.5427
259.4614,29.4499,39.0772,82.1002
266.9538,38.9423,32.0924,75.1154
271.1969,29.1854,50.6062,93.6292
276.2101,36.6986,41.5798,84.6028
315.2022,50.6907,37.5956,80.6186
294.8097,43.7982,39.3806,82.4036
285.0488,47.5373,45.9024,88.9254
279.3435,47.8320,58.3130,101.3360
287.4655,41.4540,53.0689,96.0919
295.5216,41.5101,47.9569,90.9799
295.0730,47.5615,54.8540,97.8770
299.6670,53.1555,54.6661,97.6891
244.3846,55.8731,76.2309,119.2539
243.7647,45.7532,73.4705,116.4935
251.7093,40.1978,72.5814,115.6044
242.0750,43.5635,66.8501,109.8731
240.4506,45.9391,62.0988,105.1217
320.3520,41.8405,31.2961,74.3191
310.8311,55.8196,32.3378,75.3608
306.0475,46.0360,38.9050,81.9280
312.2477,51.2362,37.5045,80.5275
242.5728,50.0613,59.8543,102.8773
214.1881,50.6766,55.6238,98.6468
237.9494,42.9379,61.1012,104.1242
286.6872,51.6757,51.6255,94.6485
316.6586,45.1471,58.6828,101.7058
325.0593,52.5478,53.8814,96.9044
98.1430,129.1200,25.7140,111.7600
99.1430,376.1200,25.7140,111.7600
115.1430,507.1200,25.7140,111.7600
510.1266,96.1151,37.7468,80.7698
505.2117,211.2002,38.5766,81.5996
492.4921,218.9806,57.0158,100.0388
487.3502,198.8387,67.2996,110.3226
483.7660,205.2545,71.4680,114.4910
474.0957,191.0842,74.8086,117.8316
450.9988,155.4873,92.0024,135.0254
