0.533568
0.041402
0.043583
0.036172
0.035676
0.039274
0.030402
0.030543
0.027589
0.034072
0.035335
0.028378
0.028411
0.027621
0.042162
0.036369
0.027636
0.033794
0.030586
0.029035
0.032274
0.028433
0.030881
0.028502
0.037210
0.039565
0.034907
0.035148
0.035320
0.030936
0.027301
0.026923
0.033633
0.028380
0.029818
0.028899
0.029469
0.027579
0.026696
0.032102
0.029030
0.027628
0.026718
0.021052
0.025625
0.028485
0.026467
0.023055
0.022676
0.033443
0.024617
0.022891
0.022747
0.023780
0.023343
0.023552
0.025642
0.023309
0.029956
0.026781
0.024141
0.033403
0.025644
0.024854
0.024133
0.033284
0.024676
0.025075
0.026220
0.026610
0.028632
0.026419
0.027313
0.027423
0.026300
0.028405
0.027973
0.027855
0.028567
0.028554
0.027460
0.032446
0.030703
0.031558
0.028271
0.030496
0.037254
0.030694
0.031307
0.033600
0.031053
0.031259
0.036546
0.031102
0.021807
0.017703
0.013396
0.017988
0.017122
0.022070
0.019821
0.022902
0.021934
0.026459
0.021637
0.022040
0.022868
0.032179
0.022442
0.025589
0.027882
0.026022
0.023875
0.026612
0.033764
0.024024
0.027235
0.032664
0.037099
0.026003
0.024831
0.037603
0.025986
0.025644
0.024770
0.045820
0.031387
0.030983
0.030724
0.020012
0.019353
0.020147
0.026817
0.022291
0.019667
0.019629
0.021384
0.021223
0.020664
0.029795
0.037984
0.041677
0.030730
0.029793
0.030743
0.024913
0.027446
0.041864
0.041563
0.027897
0.024155
0.033665
0.039452
0.043522
0.043464
0.038943
0.028549
0.027937
0.038863
0.018374
0.016761
0.031788
0.021680
0.026888
0.016878
0.018601
0.019222
0.018269
0.017283
0.016817
0.016749
0.017427
0.019722
0.017839
0.019227
0.044690
0.033464
0.028616
0.026479
0.046348
0.023444
0.020943
0.021475
0.022740
0.025317
0.027786
0.027197
0.024911
0.030313
0.023386
0.022018
0.028998
0.029579
0.022080
0.021969
0.023008
0.025002
0.017221
0.017696
0.032130
0.026215
0.019631
0.018949
0.018865
0.019257
0.038393
0.021505
0.020200
0.021566
0.040624
0.024547
0.019855
0.043013
0.020319
0.020738
0.019814
0.022471
0.020493
0.029566
0.022997
0.053051
0.018031
0.021912
0.028876
0.031444
0.022630
0.023968
0.021996
0.029592
0.037331
0.022828
0.033413
0.024121
0.021934
0.026197
0.023424
0.024726
0.021801
0.023025
0.024481
0.023633
0.028049
0.047522
0.025924
0.023502
0.023422
0.024894
0.024767
0.023748
0.024009
0.026051
0.026392
0.028785
0.024974
0.025181
0.026446
0.025962
0.023731
0.024811
0.029788
0.030988
0.023005
0.041487
0.023110
0.025800
0.023373
0.024359
0.043831
0.038297
0.027275
0.026974
0.023707
0.037861
0.053353
0.042274
0.041954
0.035286
0.035717
0.025741
0.025571
0.027126
0.023942
0.027919
0.025175
0.024261
0.025112
0.031492
0.023771
0.029629
0.025070
0.026414
0.026247
0.025271
0.027819
0.031475
0.030713
0.032074
0.030045
0.028884
0.028978
0.037616
0.026331
0.026387
0.030540
0.027082
0.029458
0.026505
0.026352
0.035623
0.028640
0.032381
0.025041
0.041497
0.041850
0.027982
0.035672
0.041597
0.028432
0.027658
0.027595
0.039439
0.032828
0.031609
0.045479
0.030184
0.032618
0.030324
0.031453
0.029942
0.045341
0.055223
0.031511
0.031912
0.044665
0.067715
0.054556
0.045509
0.054901
0.045312
0.046661
0.046505
0.031085
0.038054
0.031070
0.038944
0.046131
0.044785
0.031538
0.032980
0.032747
0.039552
0.040615
0.032434
0.037604
0.048237
0.047428
0.050020
0.046491
0.048505
0.040295
0.032690
0.034608
0.032073
0.039997
0.032762
0.050860
0.048441
0.034801
0.056051
0.066703
0.031185
0.046268
0.047665
0.046280
0.037241
0.031668
0.049029
0.047574
0.045746
0.032517
0.048433
0.033950
0.047544
0.048040
0.049705
0.046706
0.033264
0.034100
0.032169
0.033603
0.031699
0.035300
0.032266
0.031876
0.032797
0.046880
0.033881
0.032551
0.032217
0.034318
0.033003
0.032346
0.047520
0.032884
0.032066
0.031796
0.037177
0.032009
0.048368
0.031808
0.049317
0.048907
0.052108
0.047880
0.033271
0.047926
0.033244
0.034818
0.047572
0.049464
0.052392
0.046067
0.050810
0.046629
0.046370
0.048223
0.051583
0.048094
0.046224
0.048251
0.046812
0.039929
0.038003
0.047480
0.046202
0.049901
0.047598
0.050724
0.046919
0.060710
0.047393
0.052134
0.046466
0.046579
0.049628
0.046916
0.047216
0.049530
0.046363
0.047871
0.046004
0.051127
0.046409
0.049071
0.048802
0.050251
0.046526
0.050531
0.047600
0.047028
0.047793
0.047225
0.050509
0.051179
0.050052
0.051631
0.054788
0.058503
0.056770
0.048638
0.049020
0.047874
0.052625
0.052142
0.046409
0.047521
0.047608
0.048573
0.047479
0.046788
0.046837
0.043815
0.052381
0.050152
0.055558
0.048118
0.050901
0.057027
0.051239
0.046995
0.046009
0.049172
0.047801
0.050443
0.047147
0.046201
0.048198
0.046125
0.050578
0.049883
0.046084
0.046970
0.049561
0.046654
0.051009
0.046107
0.046904
0.048527
0.046243
0.066370
0.047588
0.051547
0.047446
0.049909
0.047332
0.047031
0.041232
0.045197
0.046912
0.046772
0.046346
0.050328
0.047122
0.047010
0.045995
0.046540
0.055341
0.061622
0.047672
0.045920
0.058685
0.053445
0.047550
0.048493
0.046112
0.049551
0.046779
0.051798
0.046248
0.047213
0.047346
0.046886
0.048861
0.037581
0.047153
0.048910
0.047790
0.052750
0.048543
0.048770
0.046624
0.048325
0.045907
0.048632
0.047194
0.055608
0.045861
0.053252
0.047601
0.049338
0.046185
0.047313
0.046782
0.051149
0.046532
0.045852
0.051206
0.046073
0.050793
0.046668
0.046522
0.046721
0.050223
0.047998
0.046894
0.047564
0.046097
0.047936
0.047770
0.049037
0.060642
0.047689
0.045991
0.033369
0.037957
0.043563
0.031566
0.033150
0.039793
0.032445
0.031546
0.046691
0.034086
0.034124
0.031668
0.036874
0.046036
0.054218
0.054908
0.068065
0.047704
0.046942
0.032648
0.032341
0.020988
0.034553
0.027097
0.024191
0.026750
0.026807
0.028233
0.028886
0.045835
0.029199
0.044541
0.029751
0.043885
0.049753
0.042586
0.038891
0.028080
0.039660
0.042059
0.041634
0.058082
0.046662
0.050147
0.046786
0.054247
0.046115
0.045479
0.048859
0.046971
0.050597
0.045708
0.046825
0.047785
0.050549
0.034355
0.031603
0.032648
0.029534
0.048987
0.059089
0.029642
0.030335
0.031821
0.033573
0.035188
0.032765
0.032036
0.047387
0.032042
0.032017
0.031866
0.034613
0.031692
0.031656
0.034869
0.033356
0.031549
0.038906
0.049013
0.047059
0.036581
0.031092
0.031746
0.046444
0.031829
0.031646
0.035502
0.031893
0.031894
0.037591
0.031679
0.031625
0.031502
0.031699
0.030069
0.023129
0.040882
0.032289
0.046312
0.031830
0.031657
0.034401
0.039692
0.032202
0.043439
0.034066
0.032017
0.031828
0.036012
0.035508
0.035505
0.032001
0.031753
0.044123
0.032328
0.032574
0.031709
0.033932
0.038830
0.031791
0.031611
0.033890
0.032743
0.056452
0.046165
0.033754
0.048591
0.033557
0.033566
0.032431
0.032413
0.034716
0.032194
0.032691
0.032101
0.033755
0.031841
0.033511
0.032364
0.031778
0.036375
0.035078
0.033368
0.032024
0.032256
0.035572
0.033357
0.041894
0.035735
0.031537
0.034470
0.027738
0.025358
0.035414
0.031981
0.031765
0.031676
0.030760
0.030199
0.030656
0.035878
0.031827
0.031481
0.034098
0.033306
0.026694
0.032750
0.035735
0.031898
0.036972
0.041182
0.049384
0.037408
0.032677
0.032781
0.032309
0.032732
0.047878
0.033806
0.050215
0.046976
0.049479
0.046438
0.047259
0.047496
0.052864
0.054349
0.032944
0.046951
0.052987
0.046980
0.052425
0.047548
0.047116
0.048860
0.048956
0.031798
0.054804
0.032331
0.052670
0.047053
0.051410
0.047820
0.048015
0.046452
0.049662
0.046122
0.051296
0.046491
0.049155
0.046512
0.052387
0.059473
0.051363
0.048253
0.046877
0.049855
0.050938
0.048030
0.046646
0.048250
0.047744
0.049643
0.058000
0.048082
0.058051
0.048376
0.047608
0.049419
0.050824
0.054613
0.050554
0.055967
0.051867
0.047656
0.055589
0.049804
0.058069
0.049302
0.047535
0.046375
0.046017
0.056164
0.047084
0.046865
0.047373
0.047936
0.046996
0.051916
0.047530
0.047924
0.047126
0.046128
0.046972
0.046922
0.046120
0.049327
0.050407
0.046699
0.047200
0.047123
0.046014
0.049483
0.045464
0.046502
0.051113
0.047176
0.046756
0.046130
0.048952
0.048228
0.046272
0.047942
0.048938
0.045773
0.048917
0.046914
0.047029
0.046779
0.046713
0.045923
0.052633
0.045987
0.049872
0.046608
0.048002
0.046809
0.046156
0.039945
0.049195
0.044895
0.054517
0.046197
0.048332
0.041821
0.039153
0.038621
0.039791
0.042323
0.042744
0.042681
0.044891
0.055222
0.045508
0.047258
0.043121
0.039217
0.039127
0.040226
0.036725
0.049252
0.061828
0.047259
0.044740
0.064328
0.045897
0.042726
0.039061
0.040962
0.038794
0.041811
0.038758
0.039993
0.039542
0.038754
0.038838
0.045147
0.040819
0.039024
0.043425
0.042317
0.038749
0.038711
0.039627
0.040957
0.042457
0.041800
0.050021
0.041890
0.043661
0.043715
0.042495
0.042131
0.046514
0.043622
0.043144
0.042714
0.043655
0.042222
0.044815
0.043482
0.042113
0.055124
0.046568
0.046086
0.046041
0.049635
0.050305
0.049943
0.047807
0.046282
0.050574
0.046817
0.046067
0.046319
0.049677
0.046962
0.046134
0.050604
0.043327
0.047172
0.046827
0.028888
0.025351
0.050494
0.046420
0.047213
0.046502
0.064102
0.049443
0.052119
0.049967
0.048985
0.049585
0.046546
0.049781
0.050555
0.048973
0.046926
0.048176
0.047430
0.047846
0.047447
0.044384
0.043782
0.049854
0.046135
0.048772
0.047442
0.046171
0.050896
0.047027
0.049735
0.049151
0.048520
0.046407
0.049075
0.046537
0.051955
0.049825
0.049571
0.031858
0.033669
0.032535
0.031975
0.033520
0.033757
0.049126
0.037311
0.034170
0.031800
0.036276
0.032402
0.033486
0.036587
0.031731
0.039235
0.041520
0.044611
0.035294
0.032370
0.032329
0.039964
0.028624
0.029839
0.030638
0.030529
0.031801
0.032655
0.036150
0.047501
0.031721
0.036411
0.037692
0.031651
0.032981
0.032729
0.031939
0.031927
0.031707
0.038145
0.031820
0.032197
0.038254
0.031860
0.037039
0.031764
0.034595
0.036226
0.031655
0.044993
0.037994
0.033077
0.032103
0.035403
0.035481
0.029766
0.035127
0.036503
0.032613
0.034523
0.032064
0.047408
0.031888
0.051306
0.047613
0.054936
0.035137
0.050262
0.037745
0.032142
0.032013
0.031940
0.043403
0.049436
0.055665
0.045394
0.037380
0.047204
0.031739
0.034304
0.037870
0.041400
0.031734
0.038226
0.032281
0.031701
0.036201
0.033059
0.034207
0.032905
0.031865
0.031418
0.036593
0.033323
0.032288
0.038456
0.032058
0.031649
0.032662
0.040810
0.043362
0.039953
0.032024
0.034315
0.033637
0.035476
0.035594
0.039363
0.037105
0.034348
0.033207
0.031698
0.033657
0.036322
0.033452
0.032486
0.036494
0.038451
0.031842
0.033389
0.032187
0.033596
0.033342
0.031777
0.034473
0.032438
0.034642
0.032196
0.031794
0.031518
0.033436
0.036105
0.032106
0.032164
0.045794
0.033851
0.040604
0.046316
0.049716
0.040531
0.031986
0.048138
0.035231
0.033539
0.032587
0.031795
0.034348
0.034763
0.048354
0.063905
0.047225
0.049781
0.046306
0.051438
0.050203
0.054182
0.046018
0.050233
0.048154
0.048548
0.046326
0.050344
0.046819
0.046757
0.047748
0.033696
0.033825
0.031771
0.036732
0.046017
0.045951
0.051900
0.046801
0.050248
0.050614
0.051588
0.051577
0.047647
0.050607
0.046147
0.048417
0.053897
0.047166
0.055354
0.031599
0.046881
0.048726
0.045732
0.052984
0.045933
0.048427
0.051970
0.047824
0.055162
0.053916
0.045880
0.049976
0.046359
0.047498
0.047409
0.048718
0.053964
0.047845
0.049068
0.056941
0.047781
0.046147
0.048814
0.046134
0.053540
0.046229
0.046351
0.050617
0.045888
0.047928
0.049027
0.051058
0.045626
0.047672
0.046349
0.048980
0.045933
0.047817
0.047628
0.046586
0.050189
0.048784
0.058720
0.042627
0.034941
0.032596
0.032222
0.032558
0.035464
0.035281
0.039264
0.032034
0.039848
0.032281
0.031466
0.030154
0.034532
0.032324
0.039482
0.034567
0.034058
0.033384
0.031641
0.036846
0.027320
0.031703
0.034615
0.032803
0.041315
0.032997
0.031688
0.049419
0.032944
0.031687
0.034065
0.033144
0.033381
0.032446
0.031690
0.047609
0.051293
0.039041
0.037267
0.032178
0.031849
0.039023
0.032485
0.032895
0.031668
0.036464
0.032405
0.031810
0.035486
0.031747
0.033113
0.032604
0.037348
0.033166
0.034681
0.038433
0.041169
0.031877
0.032592
0.037679
0.032014
0.032558
0.034261
0.038562
0.033359
0.039589
0.033231
0.034399
0.050899
0.031747
0.033129
0.035923
0.037853
0.031711
0.032029
0.033008
0.031515
0.031897
0.033317
0.031889
0.024311
0.029506
0.029487
0.030442
0.038052
0.030207
0.031926
0.030653
0.029454
0.034438
0.029886
0.036372
0.032421
0.029926
0.029869
0.034475
0.030092
0.029558
0.029397
0.031602
0.030806
0.031829
0.030863
0.034459
0.037572
0.028927
0.026870
0.033069
0.026243
0.034822
0.024576
0.029239
0.035711
0.030200
0.029352
0.035590
0.038818
0.029625
0.029475
0.029531
0.035242
0.031495
0.041619
0.037766
0.031897
0.035394
0.032232
0.031836
0.032501
0.034154
0.032351
0.036879
0.032649
0.031654
0.035386
0.032336
0.032024
0.033469
0.032118
0.031687
0.034768
0.033077
0.031699
0.037940
0.031600
0.035105
0.031621
0.032075
0.033616
0.033254
0.033695
0.033977
0.033365
0.034610
0.031889
0.031977
0.042970
0.035160
0.035987
0.032274
0.032606
0.026476
0.038354
0.032204
0.033622
0.035550
0.033343
0.032850
0.031722
0.031951
0.039649
0.038098
0.039149
0.042214
0.033406
0.033653
0.031845
0.033637
0.039685
0.033066
0.043697
0.031775
0.035788
0.032419
0.046405
0.056885
0.032355
0.054841
0.045930
0.047676
0.046948
0.046337
0.052648
0.046504
0.046740
0.047243
0.039660
0.047837
0.046411
0.048273
0.045983
0.048730
0.047064
0.060155
0.056168
0.047513
0.049067
0.046793
0.048883
0.047128
0.048702
0.043730
0.038238
0.039630
0.042877
0.043859
0.043288
0.042961
0.045100
0.043579
0.043403
0.044659
0.042636
0.045543
0.044576
0.042984
0.044446
0.043976
0.042645
0.043705
0.045564
0.044178
0.042583
0.043127
0.045044
0.043963
0.043864
0.044992
0.042669
0.048016
0.046741
0.053918
0.047696
0.052626
0.047641
0.050138
0.047038
0.047270
0.052063
0.046525
0.046575
0.046159
0.049386
0.046744
0.046993
0.048081
0.047026
0.047643
0.052352
0.046108
0.048458
0.046933
0.048281
0.046177
0.061829
0.046275
0.047111
0.047690
0.048725
0.046056
0.052763
0.046497
0.049790
0.048939
0.048664
0.047002
0.047940
0.047136
0.048250
0.054012
0.046715
0.049448
0.046553
0.046989
0.047946
0.047769
0.046670
0.047190
0.063029
0.047810
0.047118
0.047587
0.050789
0.047659
0.047327
0.046917
0.050585
0.046116
0.052465
0.046349
0.048132
0.046976
0.037297
0.044288
0.036885
0.057764
0.039877
0.073756
0.069297
0.042987
0.040441
0.045295
0.044852
0.038722
0.042481
0.044870
0.047231
0.038517
0.038799
0.039323
0.040705
0.036805
0.044006
0.041853
0.036329
0.037604
0.035770
0.036075
0.037541
0.038095
0.037033
0.039734
0.036647
0.035724
0.040255
0.037266
0.035679
0.042639
0.041814
0.044963
0.039182
0.038861
0.038385
0.037825
0.040552
0.038924
0.038070
0.038452
0.041580
0.040422
0.039155
0.038367
0.038058
0.050199
0.037825
0.045104
0.039314
0.039626
0.045685
0.037370
0.040619
0.038260
0.039142
0.038991
0.038329
0.038045
0.038948
0.031618
0.034097
0.033268
0.036681
0.034297
0.036576
0.033897
0.037653
0.034358
0.048943
0.034183
0.035742
0.034770
0.036620
0.034075
0.037190
0.034103
0.045486
0.033966
0.039949
0.034476
0.033892
0.035401
0.038103
0.037729
0.046389
0.038515
0.039754
0.055130
0.054562
0.042233
0.038847
0.041909
0.050657
0.038539
0.039164
0.044747
0.053627
0.047561
0.044460
0.038627
0.044572
0.039808
0.038616
0.041169
0.050627
0.062805
0.041618
0.040822
0.042327
0.052643
0.044951
0.057186
0.061001
0.050678
0.043950
0.049979
0.047518
0.036774
0.052956
0.038493
0.039939
0.040355
0.038080
0.041011
0.043247
0.038673
0.039137
0.041937
0.039722
0.039165
0.044002
0.041216
0.041759
0.041453
0.061890
0.053824
0.046432
0.042112
0.038708
0.044427
0.039252
0.047721
0.043411
0.036458
0.033276
0.036505
0.035850
0.044539
0.033017
0.035681
0.032954
0.041973
0.033006
0.046357
0.052282
0.043508
0.041137
0.037970
0.039718
0.041822
0.049432
0.042783
0.040721
0.042530
0.040792
0.040008
0.055368
0.041913
0.039787
0.042946
0.042570
0.037272
0.034866
0.032897
0.032150
0.046066
0.044044
0.039286
0.034672
0.034696
0.034207
0.033749
0.045184
0.031461
0.030691
0.037859
0.030111
0.031112
0.033560
0.031909
0.033199
0.035013
0.031272
0.036034
0.035126
0.042470
0.034957
0.035138
0.036319
0.034549
0.041186
0.046704
0.033971
0.036012
0.035767
0.034488
0.036306
0.036013
0.034538
0.037184
0.035010
0.042577
0.041858
0.049205
0.042652
0.045107
0.045492
0.042829
0.043658
0.042337
0.046432
0.044275
0.044078
0.046616
0.043632
0.033899
0.040384
0.052526
0.032916
0.032056
0.034047
0.034883
0.036338
0.043894
0.045254
0.036599
0.034904
0.034899
0.041100
0.035434
0.033923
0.049120
0.034325
0.034125
0.039309
0.038886
0.034364
0.044075
0.034702
0.034128
0.036189
0.039157
0.036170
0.040120
0.036112
0.036023
0.041712
0.038299
0.048606
0.040372
0.041495
0.036931
0.036886
0.053250
0.055392
0.040246
0.039583
0.036680
0.049773
0.047488
0.039469
0.036294
0.037192
0.037534
0.036723
0.036980
0.045733
0.037031
0.035845
0.037524
0.042330
0.036988
0.039274
0.037040
0.035478
0.037032
0.036385
0.033492
0.035203
0.034882
0.037277
0.051996
0.032669
0.032329
0.035816
0.036207
0.041470
0.038181
0.037878
0.033732
0.036340
0.039834
0.037356
0.034433
0.038388
0.034583
0.042573
0.035178
0.034551
0.034352
0.037967
0.040824
0.041264
0.041384
0.040208
0.043820
0.042486
0.042038
0.043181
0.042068
0.062189
0.045904
0.048562
0.044416
0.056128
0.046392
0.048717
0.046836
0.045982
0.050883
0.046577
0.048495
0.047111
0.046095
0.048992
0.048614
0.045855
0.050018
0.046328
0.046193
0.046550
0.046034
0.046726
0.045940
0.045995
0.046536
0.046859
0.048800
0.046104
0.045990
0.046640
0.048978
0.046375
0.047891
0.046507
0.046690
0.070067
0.049654
0.046784
0.045358
0.045585
0.045738
0.058850
0.043412
0.040766
0.043822
0.041562
0.048437
0.042408
0.054886
0.061352
0.041761
0.044993
0.044332
0.043862
0.049464
0.046139
0.047082
0.044630
0.043755
0.049643
0.044605
0.041090
0.045958
0.047090
0.047298
0.043729
0.063635
0.052443
0.047738
0.041287
0.040375
0.044155
0.040359
0.039111
0.039376
0.044394
0.040506
0.039944
0.044432
0.041088
0.041626
0.048498
0.044470
0.045860
0.046962
0.045817
0.045005
0.043907
0.046389
0.044838
0.044049
0.044849
0.043865
0.043634
0.043628
0.050745
0.044316
0.045776
0.046720
0.044766
0.048300
0.043971
0.044318
0.046847
0.044893
0.050524
0.044890
0.046923
0.051632
0.044338
0.057469
0.043829
0.046164
0.045051
0.047130
0.046085
0.046544
0.044357
0.044039
0.052543
0.045044
0.046981
0.050173
0.044956
0.049181
0.044686
0.043841
0.048824
0.038428
0.045650
0.045350
0.062134
0.049139
0.047165
0.046222
0.047297
0.047551
0.048054
0.047941
0.055640
0.042171
0.044832
0.046325
0.043843
0.046179
0.044120
0.047328
0.044156
0.045177
0.044317
0.043876
0.045420
0.044918
0.044830
0.044789
0.045201
0.044103
0.046289
0.044674
0.044554
0.048622
0.041558
0.047131
0.046083
0.047398
0.046412
0.056553
0.051943
0.047867
0.046839
0.046866
0.047249
0.047167
0.052872
0.050718
0.052862
0.055968
0.059219
0.046354
0.050678
0.048277
0.048412
0.056687
0.045919
0.050027
0.049128
0.054608
0.042876
0.044926
0.047251
0.050318
0.067666
0.056014
0.049590
0.049966
0.047557
0.046729
0.054320
0.053711
0.049306
0.046573
0.045889
0.060646
0.047141
0.046643
0.046436
0.049322
0.052835
0.051423
0.046202
0.046583
0.054267
0.046150
0.047768
0.048147
0.047641
0.047938
0.047648
0.048413
0.047262
0.046783
0.045977
0.047532
0.046375
0.048431
0.046278
0.046648
0.049677
0.045996
0.048786
0.046013
0.050237
0.046487
0.046730
0.046110
0.048424
0.049228
0.045705
0.052321
0.040711
0.043337
0.050545
0.048426
0.046136
0.046360
0.047120
0.033850
0.041070
0.039133
0.044075
0.040559
0.046557
0.043575
0.043672
0.047094
0.044664
0.040108
0.044092
0.046973
0.052109
0.056643
0.057171
0.052450
0.060659
0.047278
0.049514
0.045939
0.045894
0.046138
0.037826
0.033874
0.028277
0.029321
0.028843
0.032886
0.043082
0.032062
0.039599
0.029844
0.017764
0.020433
0.026636
0.027251
0.019950
0.019252
0.022069
0.018066
0.024938
0.027175
0.021202
0.029375
0.028041
0.027973
0.023439
0.027314
0.027870
0.036675
0.031527
0.030353
0.031257
0.028273
0.034089
0.031161
0.035878
0.033805
0.036241
0.037615
0.035065
0.037768
0.040288
0.038161
0.036860
0.041361
0.038835
0.043133
0.039126
0.042515
0.041014
0.042701
0.039565
0.040155
0.042382
0.039564
0.046804
0.043517
0.046150
0.041656
0.048476
0.045548
0.042317
0.045546
0.041264
0.049483
0.042172
0.042684
0.033001
0.038593
0.037331
0.042627
0.036483
0.036911
0.036665
0.035994
0.038108
0.038698
0.037990
0.043582
0.030518
0.033361
0.037720
0.031483
0.031594
0.041533
0.042705
0.045544
0.040996
0.044378
0.044312
0.041837
0.031345
0.032323
0.028236
0.030663
0.025192
0.031613
0.031960
0.034314
0.033317
0.035221
0.032125
0.033096
0.035180
0.032213
0.032408
0.032573
0.037019
0.035342
0.034277
0.032941
0.031690
0.032407
0.046253
0.033787
0.034894
0.036369
0.037564
0.032640
0.031559
0.033170
0.040776
0.032300
0.034648
0.031886
0.031863
0.042986
0.032756
0.031921
0.039235
0.033496
0.031914
0.038883
0.036953
0.042484
0.046492
0.046066
0.038123
0.038927
0.036770
0.040956
0.039671
0.045527
0.037550
0.032530
0.043015
0.038407
0.034886
0.035517
0.033260
0.031924
0.034357
0.032402
0.032146
0.037927
0.033550
0.033410
0.035712
0.034400
0.036186
0.033969
0.033371
0.044145
0.033689
0.033669
0.034666
0.036185
0.033502
0.036350
0.033306
0.034625
0.035076
0.036485
0.037963
0.026054
0.036313
0.038942
0.044697
0.037387
0.037005
0.038657
0.034139
0.035560
0.033747
0.035955
0.034400
0.023359
0.025492
0.026170
0.033185
0.033538
0.026498
0.028393
0.025035
0.025711
0.025686
0.036399
0.041259
0.039095
0.037670
0.040148
0.029651
0.026794
0.041857
0.044836
0.045813
0.040294
0.050754
0.029178
0.040121
0.040235
0.049858
0.028802
0.048381
0.044959
0.042488
0.031023
0.029724
0.028994
0.048705
0.034981
0.031547
0.036631
0.031691
0.031709
0.032480
0.032997
0.032434
0.035899
0.031527
0.042158
0.034481
0.036610
0.033406
0.034370
0.035890
0.033829
0.031538
0.031565
0.034729
0.033056
0.033186
0.034558
0.034885
0.031971
0.032796
0.039834
0.037344
0.026892
0.026455
0.026192
0.030891
0.027669
0.039300
0.031819
0.051573
0.049545
0.040941
0.039358
0.049024
0.028123
0.027297
0.027940
0.028796
0.032271
0.028917
0.029243
0.030570
0.027853
0.030136
0.031105
0.028168
0.033244
0.029626
0.030814
0.029104
0.024407
0.036551
0.037416
0.027424
0.031235
0.040862
0.036640
0.027719
0.032549
0.028046
0.027384
0.027122
0.030095
0.029607
0.027555
0.028130
0.040364
0.042228
0.040130
0.040236
0.027969
0.028866
0.027275
0.028684
0.028143
0.028764
0.042155
0.042727
0.047114
0.042859
0.042723
0.043253
0.038552
0.045956
0.044574
0.043552
0.046980
0.044273
0.046199
0.049601
0.035045
0.031301
0.031733
0.035994
0.032655
0.028168
0.051073
0.046777
0.031378
0.035496
0.048811
0.035789
0.034979
0.033303
0.040861
0.045596
0.042363
0.034547
0.033621
0.031855
0.032096
0.033706
0.035847
0.031632
0.034403
0.033581
0.031646
0.031324
0.034532
0.032817
0.034672
0.032843
0.032190
0.032945
0.031576
0.034043
0.037482
0.033534
0.033487
0.035379
0.032964
0.049390
0.032737
0.027492
0.035887
0.036454
0.029408
0.031430
0.031315
0.032641
0.032662
0.031430
0.031862
0.032325
0.032064
0.033563
0.034752
0.031518
0.031316
0.045147
0.036397
0.034252
0.033619
0.032640
0.034106
0.035060
0.033778
0.033499
0.035113
0.035432
0.031897
0.032564
0.033086
0.034829
0.048264
0.046521
0.030144
0.035213
0.040967
0.051823
0.040067
0.047828
0.035627
0.034730
0.036484
0.056733
0.035488
0.030421
0.030145
0.032667
0.032875
0.036732
0.038776
0.050951
0.047734
0.034862
0.036127
0.035995
0.037215
0.041121
0.036274
0.035067
0.036452
0.034457
0.035257
0.034406
0.036496
0.036367
0.034532
0.037074
0.036771
0.034163
0.034845
0.039267
0.045587
0.041450
0.052585
0.038144
0.035780
0.041220
0.024562
0.029042
0.053741
0.033540
0.024755
0.026598
0.026220
0.024810
0.024872
0.052123
0.038167
0.038039
0.035823
0.053205
0.038970
0.028863
0.018534
0.017486
0.018072
0.017843
0.021249
0.025009
0.020137
0.028599
0.027773
0.029289
0.044841
0.028674
0.047563
0.028365
0.027966
0.027378
0.031975
0.030568
0.028033
0.041442
0.031067
0.032906
0.028363
0.027324
0.029306
0.029022
0.027820
0.033501
0.041618
0.023503
0.027722
0.025473
0.025738
0.030846
0.032157
0.053377
0.035614
0.030327
0.028279
0.036028
0.029880
0.030579
0.027296
0.046689
0.028597
0.027268
0.044509
0.034300
0.030008
0.024825
0.024374
0.024877
0.027033
0.029762
0.024457
0.024374
0.040385
0.028917
0.032731
0.040600
0.032686
0.031726
0.033552
0.033172
0.037162
0.047565
0.052810
0.032839
0.035273
0.039742
0.035400
0.034211
0.042619
0.038509
0.036977
0.043151
0.035823
0.039751
0.047591
0.026196
0.025622
0.032529
0.042966
0.034274
0.045549
0.030043
0.028743
0.032444
0.020771
0.020876
0.021730
0.020375
0.021266
0.024799
0.021837
0.021231
0.021178
0.021161
0.039943
0.029080
0.019746
0.027452
0.029042
0.027967
0.028016
0.038791
0.028083
0.030213
0.040250
0.035886
0.036633
0.032033
0.033661
0.036381
0.040413
0.037893
0.036430
0.041370
0.046861
0.041695
0.042703
0.042525
0.027670
0.028809
0.031816
0.033791
0.047546
0.028349
0.036871
0.046756
0.045346
0.042293
0.049546
0.032574
0.029732
0.045288
0.049605
0.029535
0.029851
0.040962
0.054421
0.037799
0.051029
0.028347
0.023140
0.023473
0.023210
0.016748
0.038711
0.036843
0.045739
0.035574
0.042171
0.045012
0.023631
0.024109
0.024634
0.043111
0.048342
0.047801
0.048805
0.044583
0.039460
0.045302
0.026039
0.032117
0.048877
0.044973
0.031847
0.030706
