0.545604
0.045582
0.051287
0.053086
0.057109
0.059305
0.044812
0.055093
0.047496
0.042167
0.062017
0.061972
0.040624
0.050945
0.043054
0.045915
0.054128
0.043787
0.046873
0.044439
0.046389
0.052888
0.046264
0.045389
0.045789
0.046772
0.043987
0.046666
0.049079
0.045116
0.046595
0.046927
0.045787
0.053829
0.045707
0.047753
0.046100
0.046304
0.046902
0.050584
0.053921
0.049200
0.038511
0.032358
0.035061
0.032423
0.036342
0.039269
0.031734
0.036063
0.033399
0.031688
0.035742
0.032628
0.037767
0.071997
0.039433
0.031604
0.051436
0.046865
0.044238
0.031623
0.050375
0.046781
0.031494
0.032013
0.033395
0.047828
0.045741
0.031724
0.032484
0.031564
0.032130
0.031633
0.032049
0.032508
0.046705
0.047262
0.056348
0.055384
0.046026
0.046135
0.043101
0.065987
0.023546
0.043110
0.029394
0.029909
0.044878
0.042050
0.052130
0.049100
0.034091
0.048076
0.053208
0.048717
0.048294
0.036911
0.048380
0.045581
0.054213
0.046938
0.046978
0.047083
0.046203
0.049201
0.046105
0.046563
0.046748
0.046989
0.051114
0.047210
0.046333
0.045984
0.046528
0.046224
0.049989
0.046296
0.047448
0.046544
0.048947
0.047743
0.046276
0.048273
0.040585
0.047729
0.043144
0.043509
0.050254
0.043302
0.046718
0.043738
0.042674
0.052742
0.042822
0.046891
0.043401
0.044003
0.044938
0.066507
0.045977
0.052730
0.046456
0.046256
0.047314
0.046073
0.053252
0.047234
0.054341
0.066108
0.058126
0.046104
0.046328
0.047315
0.046763
0.049169
0.046124
0.047557
0.046463
0.048546
0.046499
0.049415
0.047377
0.046363
0.047439
0.046119
0.045886
0.046679
0.048171
0.052024
0.050915
0.045970
0.051320
0.046071
0.048345
0.046487
0.039854
0.045679
0.045981
0.045800
0.042583
0.042472
0.045643
0.042714
0.042828
0.045187
0.045829
0.050068
0.046024
0.049022
0.048402
0.048790
0.047707
0.049545
0.047109
0.046265
0.048650
0.046463
0.046133
0.048852
0.046150
0.046055
0.051591
0.046243
0.046638
0.053105
0.047854
0.046481
0.046122
0.060432
0.046383
0.047601
0.045998
0.049558
0.046160
0.047464
0.046227
0.047782
0.046268
0.045966
0.047960
0.046501
0.054237
0.047090
0.046682
0.047434
0.046420
0.045955
0.047515
0.048221
0.046316
0.046824
0.039110
0.037007
0.042824
0.042553
0.039361
0.042082
0.043545
0.044041
0.042805
0.043363
0.043987
0.042827
0.043073
0.042511
0.042548
0.048015
0.043200
0.044059
0.044925
0.045217
0.043363
0.042865
0.042890
0.044091
0.044001
0.042672
0.043899
0.044038
0.044244
0.061243
0.043401
0.047961
0.043235
0.042691
0.042597
0.051352
0.042927
0.051509
0.045123
0.044379
0.044906
0.042715
0.051907
0.046658
0.045934
0.050212
0.046257
0.045736
0.058555
0.047520
0.047476
0.047137
0.046455
0.051204
0.049320
0.047630
0.046465
0.048697
0.047626
0.048622
0.046188
0.047884
0.045970
0.048675
0.048018
0.044823
0.049206
0.046110
0.047270
0.046784
0.049881
0.047628
0.047068
0.046109
0.047296
0.046426
0.048729
0.048341
0.048273
0.051699
0.050915
0.052140
0.049698
0.045635
0.050117
0.046800
0.051709
0.046075
0.051638
0.046999
0.045949
0.048453
0.047635
0.050288
0.048687
0.046867
0.051522
0.049267
0.047009
0.046895
0.056376
0.046075
0.046806
0.046181
0.050633
0.048499
0.046741
0.046478
0.046482
0.045949
0.047845
0.033272
0.043839
0.047110
0.050023
0.046479
0.051232
0.048913
0.050318
0.046948
0.047848
0.045779
0.063149
0.046872
0.048808
0.046697
0.051809
0.048397
0.046076
0.051607
0.049247
0.049838
0.046717
0.046996
0.034317
0.032164
0.036736
0.033268
0.031746
0.043566
0.032605
0.033185
0.032219
0.047649
0.043819
0.035558
0.036238
0.052387
0.046370
0.048219
0.046345
0.050726
0.046081
0.046414
0.048528
0.045039
0.048285
0.059448
0.045735
0.047095
0.048111
0.046454
0.047403
0.047520
0.045730
0.048209
0.048452
0.046524
0.049828
0.045943
0.050411
0.047510
0.047452
0.048272
0.048989
0.050643
0.046576
0.045951
0.046013
0.048408
0.049447
0.046868
0.046881
0.045630
0.047616
0.048029
0.046220
0.048197
0.050637
0.047113
0.046309
0.055626
0.049266
0.048391
0.047937
0.048978
0.047830
0.047659
0.046621
0.046346
0.050050
0.064813
0.047533
0.051440
0.046880
0.046266
0.048841
0.046262
0.049206
0.048030
0.049979
0.047346
0.047860
0.048854
0.048008
0.047289
0.048235
0.046370
0.048931
0.052252
0.067770
0.047590
0.047199
0.046879
0.050381
0.048726
0.048476
0.046425
0.046130
0.050933
0.046061
0.048627
0.046232
0.046443
0.045951
0.042738
0.047886
0.047962
0.047868
0.047423
0.045570
0.047934
0.065140
0.070105
0.047206
0.063418
0.057146
0.062004
0.053412
0.049542
0.047318
0.049341
0.049573
0.046512
0.062140
0.049479
0.046695
0.046840
0.064355
0.067543
0.046960
0.062879
0.046851
0.047286
0.047321
0.046168
0.077540
0.049906
0.051249
0.052606
0.064982
0.053259
0.041924
0.061360
0.053704
0.049713
0.054172
0.045514
0.042634
0.054887
0.043831
0.056358
0.046343
0.051524
0.042826
0.042750
0.085083
0.061829
0.060798
0.052848
0.045918
0.047282
0.047883
0.082335
0.049394
0.046049
0.046922
0.038349
0.065145
0.060642
0.050684
0.048838
0.065641
0.074784
0.050641
0.046080
0.048991
0.062448
0.064749
0.049365
0.048289
0.046328
0.047065
0.049496
0.046574
0.048363
0.032610
0.052415
0.032938
0.036123
0.032099
0.032415
0.034740
0.053658
0.047118
0.054749
0.072398
0.045099
0.031468
0.032348
0.032033
0.045658
0.032811
0.032807
0.046576
0.046738
0.032814
0.047277
0.039901
0.044000
0.042576
0.049892
0.054633
0.032854
0.044814
0.032146
0.051231
0.045918
0.051354
0.047049
0.045964
0.054771
0.045905
0.050417
0.046397
0.031656
0.052233
0.031791
0.033744
0.032360
0.031587
0.034743
0.036441
0.034818
0.032852
0.047362
0.036358
0.047668
0.048034
0.046851
0.046587
0.048196
0.032493
0.048480
0.047307
0.050740
0.047276
0.049829
0.047549
0.046511
0.051811
0.032057
0.045800
0.051215
0.041918
0.049210
0.042639
0.051592
0.047843
0.046259
0.046490
0.062808
0.054724
0.060464
0.060812
0.046769
0.047059
0.059637
0.049857
0.047485
0.066693
0.046701
0.036081
0.037512
0.018017
0.033326
0.019004
0.017820
0.017050
0.016911
0.033010
0.048609
0.039251
0.045116
0.035684
0.036423
0.038490
0.039686
0.031953
0.025298
0.041208
0.025713
0.025352
0.054580
0.034598
0.032879
0.026124
0.025403
0.029327
0.036572
0.026560
0.026516
0.029550
0.028569
0.028783
0.028273
0.052098
0.038726
0.025151
0.050742
0.018099
0.019494
0.038241
0.021315
0.020888
0.043628
0.021909
0.021163
0.020772
0.037651
0.016433
0.023312
0.015753
0.050562
0.021076
0.025420
0.026779
0.027380
0.031994
0.041635
0.021958
0.027468
0.017928
0.020864
0.034643
0.021539
0.018101
0.018777
0.017961
0.018215
0.021661
0.034966
0.019592
0.037232
0.020615
0.030677
0.021194
0.020927
0.021223
0.021800
0.023214
0.032214
0.017551
0.024567
0.021946
0.019804
0.020984
0.018135
0.017482
0.019786
0.017695
0.018191
0.020436
0.033968
0.030813
0.044236
0.030128
0.027293
0.027052
0.033980
0.033143
0.029184
0.028780
0.031588
0.025577
0.028588
0.029448
0.043187
0.030721
0.027466
0.029238
0.028004
0.027731
0.028442
0.045721
0.043821
0.025419
0.025319
0.029260
0.028329
0.027928
0.040755
0.028563
0.028625
0.027495
0.032178
0.031371
0.027567
0.026699
0.038449
0.027953
0.027249
0.034833
0.030339
0.029505
0.032480
0.030524
0.028695
0.028747
0.031147
0.027221
0.027822
0.029725
0.029430
0.028641
0.041921
0.032928
0.032996
0.033943
0.024201
0.017673
0.017634
0.017850
0.037822
0.017947
0.030197
0.041522
0.041999
0.022652
0.028859
0.033512
0.027621
0.016218
0.044337
0.030118
0.024503
0.024798
0.027194
0.024038
0.029041
0.029296
0.031722
0.028594
0.028967
0.035726
0.030734
0.028189
0.032950
0.030291
0.030641
0.042569
0.028996
0.030015
0.041271
0.030593
0.029806
0.037342
0.032732
0.047664
0.033808
0.036258
0.040952
0.042130
0.044254
0.031983
0.056743
0.022936
0.035635
0.045083
0.047395
0.059227
0.040794
0.037303
0.027430
0.038183
0.054115
0.040605
0.020288
0.026528
0.040162
0.041528
0.056638
0.050587
0.052974
0.053946
0.040747
0.052690
0.054458
0.058337
0.057414
0.044150
0.045988
0.041050
0.041248
0.042694
0.057724
0.060958
0.019610
0.019185
0.042567
0.036288
0.037042
0.033388
0.049030
0.029475
0.029759
0.044041
0.045712
0.060928
0.051584
0.034102
0.033172
0.029480
0.032375
0.033138
0.040061
0.038046
0.045740
0.044088
0.031889
0.032180
0.048362
0.042968
0.040747
0.028470
0.024163
0.042952
0.040374
0.026710
0.025432
0.024143
0.024293
0.032148
0.039879
0.026754
0.027180
0.019733
0.020899
0.020353
0.022170
0.022764
0.026008
0.026880
0.026718
0.041976
0.047877
0.043602
0.041923
0.045911
0.025876
0.027779
0.026288
0.025526
0.044810
0.045938
0.041009
0.047310
0.049000
0.044608
0.026162
0.028270
0.025630
0.028360
0.043627
0.036356
0.035382
0.031999
0.032654
0.037154
0.031293
0.031008
0.034434
0.030523
0.031383
0.029658
0.039209
0.046082
0.043912
0.032399
0.031634
0.031360
0.035959
0.032017
0.024770
0.024065
0.031587
0.033033
0.037312
0.031915
0.033653
0.041542
0.035745
0.038649
0.036300
0.037154
0.040343
0.037396
0.041169
0.040686
0.046363
0.030646
0.030583
0.022424
0.021428
0.021227
0.022468
0.031365
0.023919
0.021836
0.032532
0.035388
0.055202
0.033731
0.030493
0.035360
0.046984
0.042833
0.040986
0.036774
0.029003
0.026979
0.025810
0.028245
0.026521
0.027165
0.027324
0.034667
0.050431
0.044664
0.019307
0.030641
0.032991
0.025240
0.038090
0.022253
0.030338
0.030319
0.031775
0.021528
0.030586
0.031220
0.030319
0.036761
0.031121
0.030200
0.032889
0.038795
0.031074
0.026860
0.029455
0.037411
0.025969
0.027320
0.037503
0.041577
0.031224
0.027753
0.019253
0.023013
0.025072
0.020457
0.033585
0.022096
0.020952
0.021957
0.023417
0.021098
0.022432
0.020920
0.022194
0.022566
0.021058
0.021505
0.020962
0.021895
0.024610
0.021224
0.021266
0.024146
0.022241
0.021211
0.021051
0.021526
0.031942
0.028507
0.018223
0.029406
0.029075
0.030880
0.030362
0.034069
0.034465
0.029596
0.020737
0.030097
0.034761
0.031117
0.032775
0.031091
0.029171
0.030277
0.032880
0.034671
0.032084
0.034618
0.037989
0.033923
0.034030
0.035534
0.035045
0.033878
0.034796
0.030266
0.036349
0.034401
0.034324
0.024306
0.038105
0.036294
0.036099
0.040120
0.039747
0.037555
0.037517
0.037459
0.038629
0.038904
0.039243
0.049437
0.041080
0.038476
0.046236
0.037550
0.069713
0.055073
0.048957
0.050574
0.040309
0.063647
0.046706
0.040727
0.045810
0.049714
0.037828
0.040159
0.038463
0.038053
0.040392
0.038392
0.049887
0.038702
0.035584
0.035936
0.046308
0.037213
0.036520
0.035372
0.035229
0.035028
0.039771
0.035700
0.032915
0.029176
0.035139
0.034137
0.043301
0.033593
0.037417
0.037573
0.042619
0.043677
0.040797
0.048614
0.044312
0.041522
0.039731
0.043058
0.048487
0.060157
0.040679
0.039157
0.040089
0.041091
0.043039
0.041971
0.042565
0.041247
0.039836
0.042771
0.058345
0.048873
0.047418
0.045994
0.045028
0.040019
0.041704
0.048519
0.039564
0.045838
0.029805
0.028974
0.036894
0.042865
0.042220
0.043983
0.050668
0.047898
0.028857
0.044785
0.029150
0.041738
0.030204
0.041606
0.046029
0.040765
0.039687
0.043784
0.039807
0.038329
0.040583
0.042011
0.042041
0.041320
0.038881
0.042955
0.043410
0.040951
0.046364
0.047185
0.047085
0.030218
0.044007
0.032110
0.030653
0.034530
0.034799
0.038549
0.058058
0.030369
0.031656
0.033455
0.034802
0.037406
0.030466
0.030782
0.030158
0.033277
0.030192
0.030339
0.032489
0.032022
0.034065
0.032480
0.045499
0.034032
0.030400
0.030504
0.032215
0.032800
0.031720
0.032829
0.031580
0.035170
0.032387
0.031568
0.032123
0.034720
0.041122
0.043995
0.032608
0.031498
0.036060
0.032717
0.042841
0.049034
0.038968
0.031831
0.033304
0.031832
0.032976
0.033185
0.034214
0.042060
0.051914
0.049576
0.071882
0.046946
0.046111
0.047570
0.049566
0.065408
0.031592
0.043713
0.034653
0.049488
0.049481
0.047185
0.047599
0.048505
0.043962
0.048007
0.045825
0.046318
0.046157
0.045644
0.045574
0.048162
0.046976
0.050473
0.045700
0.046156
0.048608
0.045690
0.045685
0.052786
0.045724
0.046980
0.048681
0.046878
0.047402
0.047297
0.045576
0.047512
0.046167
0.030104
0.034843
0.035555
0.036931
0.048563
0.040498
0.038398
0.038652
0.042422
0.030356
0.041474
0.055095
0.048230
0.045330
0.044577
0.053116
0.046238
0.048645
0.047946
0.045944
0.051082
0.045302
0.044423
0.046694
0.059107
0.044825
0.046319
0.044791
0.049231
0.044785
0.033830
0.020147
0.020747
0.023126
0.034338
0.039905
0.044800
0.059438
0.042668
0.045423
0.048082
0.047273
0.041059
0.042281
0.027335
0.026561
0.025446
0.029741
0.028183
0.029236
0.027660
0.027608
0.041570
0.038114
0.037375
0.058525
0.038241
0.042134
0.037792
0.045654
0.039841
0.040228
0.043423
0.041872
0.042044
0.043993
0.040389
0.042495
0.042857
0.044986
0.043797
0.023662
0.046065
0.044941
0.042001
0.028005
0.028528
0.044209
0.035555
0.033873
0.054378
0.041927
0.036357
0.026228
0.028041
0.029946
0.028203
0.028841
0.022912
0.018692
0.018000
0.041796
0.051506
0.035414
0.027581
0.043190
0.049000
0.025096
0.035773
0.039398
0.046010
0.042071
0.037357
0.021923
0.022301
0.025314
0.019451
0.030455
0.031415
0.027832
0.030297
0.020175
0.019943
0.019372
0.020241
0.019251
0.018562
0.023958
0.015435
0.016183
0.016391
0.017261
0.018216
0.018081
0.017466
0.027805
0.034883
0.025182
0.026683
0.027440
0.036852
0.036033
0.026293
0.025452
0.026733
0.027083
0.047775
0.027049
0.027717
0.025574
0.025788
0.054219
0.040893
0.036019
0.039475
0.036433
0.041316
0.038908
0.051355
0.045764
0.052904
0.050589
0.042563
0.040391
0.037619
0.037471
0.041413
0.042832
0.039308
0.044936
0.044450
0.049096
0.039387
0.039486
0.040999
0.030698
0.034531
0.042821
0.030097
0.028820
0.038174
0.037638
0.042008
0.041102
0.041981
0.040169
0.039909
0.039303
0.050503
0.064591
0.051521
0.045544
0.057314
0.047167
0.041488
0.039169
0.040067
0.043856
0.060560
0.063595
0.053203
0.042855
0.034514
0.051409
0.058656
0.047607
0.034174
0.032969
0.035466
0.033400
0.042731
0.048385
0.049130
0.047223
0.028965
0.031379
0.032138
0.035832
0.036638
0.031067
0.033859
0.036499
0.035950
0.034117
0.033539
0.033996
0.043746
0.046078
0.033868
0.033814
0.037447
0.034119
0.031867
0.030720
0.030799
0.031457
0.036178
0.021094
0.031772
0.025999
0.021572
0.017342
0.025411
0.027154
0.038269
0.028150
0.025918
0.023944
0.029601
0.028607
0.028117
0.028853
0.036331
0.028678
0.029935
0.028125
0.034100
0.031126
0.028061
0.032964
0.031863
0.028699
0.027807
0.030742
0.031680
0.027973
0.030975
0.028681
0.034249
0.027989
0.037654
0.032721
0.028579
0.029357
0.033644
0.029816
0.028628
0.028077
0.030116
0.031579
0.030227
0.034659
0.030218
0.031090
0.034117
0.032185
0.039110
0.031549
0.036053
0.034204
0.031388
0.030011
0.026505
0.027603
0.027463
0.027910
0.029652
0.029589
0.026730
0.027529
0.028282
0.031375
0.028936
0.026685
0.029003
0.030220
0.029783
0.031553
0.028438
0.046393
0.030113
0.028216
0.028366
0.033556
0.034975
0.034709
0.035730
0.038374
0.035256
0.035133
0.040810
0.041168
0.057729
0.048431
0.039800
0.037113
0.037911
0.038775
0.032468
0.044402
0.041439
0.038900
0.045808
0.039713
0.048023
0.039364
0.044864
0.039924
0.041744
0.044579
0.043213
0.046492
0.039195
0.036661
0.040367
0.036088
0.039845
0.035420
0.038658
0.028896
0.032815
0.025638
0.033345
0.023669
0.027044
0.029349
0.023596
0.027595
0.024925
0.027829
0.024819
0.024465
0.034108
0.036306
0.027135
0.025487
0.024770
0.030757
0.023841
0.031243
0.029821
0.026115
0.025043
0.026771
0.027121
0.025785
0.034950
0.029464
0.030945
0.030273
0.042057
0.029117
0.030303
0.043740
0.042736
0.064147
0.056415
0.045120
0.041302
0.052169
0.047029
0.044600
0.062374
0.056035
0.050746
0.044467
0.045163
0.047294
0.047430
0.051902
0.058420
0.060412
0.051505
0.047652
0.058457
0.059582
0.048551
0.034859
0.032507
0.043849
0.040824
0.042339
0.044224
0.044026
0.041716
0.042352
0.049322
0.042391
0.043617
0.042422
0.047598
0.041851
0.042541
0.041045
0.044292
0.035068
0.030527
0.029059
0.030619
0.030236
0.029032
0.043696
0.030603
0.034840
0.039786
0.028146
0.030508
0.034845
0.030377
0.032901
0.033373
0.026237
0.026069
0.025279
0.025700
0.026419
0.028785
0.026572
0.026460
0.022214
0.026479
0.028394
0.040753
0.042158
0.046089
0.031935
0.019643
0.028688
0.039276
0.047905
0.041098
0.039637
0.043561
0.029459
0.051216
0.043185
0.041004
0.042000
0.041133
0.038314
0.042433
0.041133
0.042319
0.042526
0.045786
0.043057
0.041545
0.042175
0.043028
0.043507
0.045510
0.043061
0.045921
0.041261
0.043274
0.039489
0.041703
0.048371
0.032676
0.050935
0.049210
0.054278
0.044439
0.048448
0.045870
0.032872
0.030372
0.037248
0.033724
0.030355
0.032853
0.030802
0.031415
0.042139
0.025195
0.029585
0.033115
0.032549
0.031086
0.034366
0.031295
0.031336
0.033115
0.046504
0.045242
0.044446
0.035022
0.030262
0.044529
0.045888
0.031222
0.048855
0.031885
0.043818
0.047336
0.045278
0.044036
0.044320
0.050785
0.050561
0.045577
0.046062
0.046808
0.044763
0.047260
0.046596
0.050328
0.047236
0.048269
0.045947
0.049033
0.046022
0.047340
0.049938
0.049420
0.046564
0.047871
0.048201
0.059449
0.047127
0.031754
0.048976
0.047585
0.051081
0.048816
0.046181
0.046081
0.048852
0.048744
0.047921
0.047286
0.031764
0.047279
0.045150
0.045745
0.046411
0.047101
0.047352
0.031893
0.042598
0.033941
0.036794
0.032383
0.032620
0.037515
0.060701
0.046507
0.031655
0.033899
0.032723
0.046026
0.047838
0.046011
0.046956
0.052677
0.046956
0.046969
0.050739
0.047592
0.048182
0.047590
0.047394
0.055719
0.047258
0.034606
0.033558
0.046369
0.049556
0.046349
0.046475
0.046604
0.045886
0.050918
0.046977
0.048883
0.046132
0.031670
0.033970
0.032287
0.032415
0.034388
0.032373
0.046138
0.031580
0.044228
0.031657
0.031760
0.035484
0.035133
0.046022
0.036471
0.035704
0.048077
0.050833
0.031670
0.050521
0.040057
0.041393
0.033107
0.036461
0.033869
0.046249
0.033751
0.031713
0.036310
0.046655
0.033142
0.048512
0.046291
0.045867
0.055367
0.052428
0.046127
0.042546
0.033251
0.048728
0.060867
0.045665
0.047600
0.047036
0.046535
0.045910
0.044711
0.042919
0.046416
0.041033
0.052549
0.046423
0.056567
0.045962
0.051294
0.048119
0.045887
0.052274
0.043700
0.047144
0.056404
0.050710
0.047462
0.048382
0.042470
0.044755
0.045025
0.042871
0.046150
0.047243
0.047686
0.044915
0.045213
0.042750
0.032651
0.039690
0.034810
0.044117
0.031896
0.038865
0.034828
0.032678
0.035948
0.037187
0.035887
0.036285
0.035549
0.033526
0.034524
0.040143
0.034959
0.039351
0.040286
0.040138
0.025787
0.028635
0.022678
0.043925
0.039757
0.037135
0.040360
0.045161
0.049350
0.042830
0.045869
0.042989
0.049346
0.046019
0.045965
0.049256
0.025139
0.029046
0.029380
0.028995
0.034683
0.038212
0.036174
0.030682
0.036218
0.039565
0.037512
0.037195
0.039498
0.044330
0.040653
0.042998
0.055160
0.054335
0.046211
0.041141
0.066872
0.043989
0.047607
0.045518
0.047445
0.049615
0.047530
0.053641
0.029337
0.040502
0.042910
0.054281
0.044522
0.050081
0.045997
0.048334
0.048940
0.048054
0.045709
0.051572
0.056133
0.036048
0.037464
0.038329
0.051301
0.037836
0.040188
0.039422
0.038839
0.042903
0.043767
0.043038
0.043600
0.044749
0.044422
0.044780
0.045195
0.063872
0.044229
0.047063
0.046087
0.043687
0.045247
0.046747
0.043999
0.047175
0.044943
0.044777
0.046664
0.043703
0.045563
0.043022
0.045682
