1
806.2500,88.0000,27.5000,66.0000
102.5000,767.0000,31.0000,108.0000
102.5000,767.0000,31.0000,108.0000
808.3403,78.5903,40.3193,78.8193
806.3580,86.1080,29.2840,67.7840
809.0844,78.3344,42.8313,81.3313
807.5317,75.7817,48.9365,87.4365
805.4075,80.6575,35.1850,73.6850
815.1163,71.3663,56.7674,95.2674
834.2020,65.4520,67.5961,106.0961
811.8203,70.0702,56.3595,94.8595
805.7500,80.0000,30.5000,69.0000
803.3197,79.5697,33.3606,71.8606
102.5000,767.0000,31.0000,108.0000
102.5000,767.0000,31.0000,108.0000
94.5000,767.0000,31.0000,108.0000
102.5000,767.0000,31.0000,108.0000
102.5000,768.0000,31.0000,108.0000
86.5000,781.0000,31.0000,108.0000
86.5000,781.0000,31.0000,108.0000
86.5000,782.0000,31.0000,108.0000
102.5000,767.0000,31.0000,108.0000
86.5000,768.0000,31.0000,108.0000
86.5000,767.0000,31.0000,108.0000
86.5000,781.0000,31.0000,108.0000
86.5000,781.0000,31.0000,108.0000
86.5000,781.0000,31.0000,108.0000
86.5000,782.0000,31.0000,108.0000
86.5000,782.0000,31.0000,108.0000
102.5000,767.0000,31.0000,108.0000
86.5000,782.0000,31.0000,108.0000
86.5000,782.0000,31.0000,108.0000
102.5000,767.0000,31.0000,108.0000
102.5000,768.0000,31.0000,108.0000
118.5000,840.0000,31.0000,108.0000
118.5000,782.0000,31.0000,108.0000
118.5000,840.0000,31.0000,108.0000
119.5000,840.0000,31.0000,108.0000
118.5000,782.0000,31.0000,108.0000
118.5000,782.0000,31.0000,108.0000
118.5000,782.0000,31.0000,108.0000
624.5000,306.0000,31.0000,108.0000
624.5000,306.0000,31.0000,108.0000
624.5000,306.0000,31.0000,108.0000
624.5000,306.0000,31.0000,108.0000
624.5000,306.0000,31.0000,108.0000
624.5000,306.0000,31.0000,108.0000
624.5000,306.0000,31.0000,108.0000
624.5000,306.0000,31.0000,108.0000
624.5000,306.0000,31.0000,108.0000
624.5000,306.0000,31.0000,108.0000
624.5000,306.0000,31.0000,108.0000
624.5000,306.0000,31.0000,108.0000
624.5000,306.0000,31.0000,108.0000
70.5000,753.0000,31.0000,108.0000
624.5000,306.0000,31.0000,108.0000
624.5000,306.0000,31.0000,108.0000
70.5000,753.0000,31.0000,108.0000
175.5000,869.0000,31.0000,108.0000
624.5000,306.0000,31.0000,108.0000
624.5000,306.0000,31.0000,108.0000
184.5000,898.0000,31.0000,108.0000
184.5000,898.0000,31.0000,108.0000
624.5000,306.0000,31.0000,108.0000
624.5000,306.0000,31.0000,108.0000
624.5000,306.0000,31.0000,108.0000
184.5000,956.0000,31.0000,108.0000
184.5000,927.0000,31.0000,108.0000
624.5000,306.0000,31.0000,108.0000
624.5000,306.0000,31.0000,108.0000
624.5000,306.0000,31.0000,108.0000
624.5000,306.0000,31.0000,108.0000
624.5000,306.0000,31.0000,108.0000
624.5000,306.0000,31.0000,108.0000
624.5000,306.0000,31.0000,108.0000
86.5000,636.0000,31.0000,108.0000
86.5000,636.0000,31.0000,108.0000
86.5000,636.0000,31.0000,108.0000
86.5000,636.0000,31.0000,108.0000
216.5000,956.0000,31.0000,108.0000
102.5000,636.0000,31.0000,108.0000
102.5000,636.0000,31.0000,108.0000
102.5000,636.0000,31.0000,108.0000
624.5000,306.0000,31.0000,108.0000
241.5000,956.0000,31.0000,108.0000
624.5000,306.0000,31.0000,108.0000
624.5000,306.0000,31.0000,108.0000
624.5000,306.0000,31.0000,108.0000
249.5000,956.0000,31.0000,108.0000
249.5000,956.0000,31.0000,108.0000
249.5000,985.0000,31.0000,108.0000
624.5000,306.0000,31.0000,108.0000
250.5000,956.0000,31.0000,108.0000
250.5000,956.0000,31.0000,108.0000
274.5000,957.0000,31.0000,108.0000
282.5000,956.0000,31.0000,108.0000
624.5000,306.0000,31.0000,108.0000
299.5000,985.0000,31.0000,108.0000
299.5000,985.0000,31.0000,108.0000
306.5000,985.0000,31.0000,108.0000
307.5000,985.0000,31.0000,108.0000
315.5000,985.0000,31.0000,108.0000
315.5000,985.0000,31.0000,108.0000
315.5000,985.0000,31.0000,108.0000
339.5000,985.0000,31.0000,108.0000
347.5000,985.0000,31.0000,108.0000
1014.4271,330.1771,36.1458,74.6458
1005.6566,331.4066,45.6869,84.1869
1008.7539,337.0039,47.4922,85.9922
1014.3357,339.0857,53.3286,91.8286
1013.5139,337.7639,55.9722,94.4722
1008.7439,341.4939,56.5122,95.0122
1015.5200,347.7699,49.9601,88.4601
1020.1581,350.9081,53.6838,92.1838
1035.7716,366.0216,44.4569,82.9569
397.5000,1000.0000,31.0000,108.0000
413.5000,1015.0000,31.0000,108.0000
1048.7566,393.0066,53.4868,91.9868
1047.5862,398.8362,53.8275,92.3275
1047.5012,399.2512,66.9976,105.4976
1059.3754,404.6253,62.2493,100.7493
1062.1876,407.4376,59.6248,98.1248
1073.7439,415.4939,56.5122,95.0122
1073.2402,419.9903,60.5194,99.0194
1081.8561,430.1060,54.2879,92.7879
1087.8866,441.1366,49.2268,87.7268
1085.9252,454.1751,53.1497,91.6497
1079.6298,458.3798,57.7404,96.2404
1082.9834,461.2334,57.0331,95.5331
1079.8440,463.0939,63.3121,101.8121
1083.8335,472.0835,60.3330,98.8330
1094.3245,477.5745,52.3511,90.8511
1095.6158,488.3658,47.7684,86.2684
1099.2947,499.5447,43.4106,81.9106
667.1876,78.9376,48.6248,87.1248
1105.8959,531.6459,31.2083,69.7083
1105.6632,537.9133,25.6735,64.1735
560.5000,1059.0000,31.0000,108.0000
568.5000,1073.0000,31.0000,108.0000
673.6649,82.9149,34.6703,73.1703
670.2679,79.0179,43.4643,81.9643
665.6286,71.3786,54.7428,93.2428
672.1876,76.9376,51.6248,90.1248
670.2738,75.0238,57.4524,95.9524
676.1473,77.8974,49.7053,88.2053
671.8896,79.6396,42.2208,80.7208
674.9362,84.1862,36.1277,74.6277
676.3909,92.6409,32.2183,70.7183
674.5000,96.2500,24.0000,62.5000
674.6265,95.8765,25.7470,64.2469
657.1182,86.8682,40.7636,79.2636
677.5084,98.2583,22.9833,61.4833
111.5000,636.0000,31.0000,108.0000
118.5000,636.0000,31.0000,108.0000
118.5000,637.0000,31.0000,108.0000
118.5000,636.0000,31.0000,108.0000
119.5000,636.0000,31.0000,108.0000
119.5000,636.0000,31.0000,108.0000
118.5000,462.0000,31.0000,108.0000
118.5000,491.0000,31.0000,108.0000
135.5000,637.0000,31.0000,108.0000
135.5000,636.0000,31.0000,108.0000
119.5000,636.0000,31.0000,108.0000
118.5000,636.0000,31.0000,108.0000
118.5000,636.0000,31.0000,108.0000
118.5000,636.0000,31.0000,108.0000
118.5000,636.0000,31.0000,108.0000
118.5000,636.0000,31.0000,108.0000
118.5000,636.0000,31.0000,108.0000
118.5000,607.0000,31.0000,108.0000
102.5000,579.0000,31.0000,108.0000
102.5000,593.0000,31.0000,108.0000
102.5000,578.0000,31.0000,108.0000
102.5000,520.0000,31.0000,108.0000
102.5000,535.0000,31.0000,108.0000
86.5000,549.0000,31.0000,108.0000
86.5000,578.0000,31.0000,108.0000
86.5000,578.0000,31.0000,108.0000
86.5000,578.0000,31.0000,108.0000
102.5000,520.0000,31.0000,108.0000
86.5000,491.0000,31.0000,108.0000
86.5000,549.0000,31.0000,108.0000
86.5000,520.0000,31.0000,108.0000
86.5000,520.0000,31.0000,108.0000
86.5000,520.0000,31.0000,108.0000
86.5000,520.0000,31.0000,108.0000
542.1876,60.4376,41.6247,80.1247
540.3057,49.0556,51.3887,89.8887
548.8869,52.1369,48.2261,86.7261
542.0020,57.7519,47.9962,86.4962
540.8796,58.1296,46.2409,84.7409
555.6830,62.9330,28.6339,67.1339
85.5000,520.0000,31.0000,108.0000
551.3839,58.1339,38.2321,76.7321
557.4634,69.7134,24.0732,62.5732
545.6970,60.4470,35.6060,74.1060
533.9529,57.7029,46.0941,84.5941
526.8126,49.0626,49.3748,87.8748
530.2314,49.9814,52.5371,91.0371
554.0060,62.7560,25.9881,64.4881
553.3860,60.6360,28.2279,66.7279
85.5000,520.0000,31.0000,108.0000
85.5000,520.0000,31.0000,108.0000
70.5000,520.0000,31.0000,108.0000
78.5000,506.0000,31.0000,108.0000
86.5000,520.0000,31.0000,108.0000
86.5000,520.0000,31.0000,108.0000
548.1356,64.3856,28.7288,67.2288
531.3483,59.5982,38.3035,76.8035
537.7943,61.5442,32.4115,70.9115
86.5000,520.0000,31.0000,108.0000
86.5000,520.0000,31.0000,108.0000
86.5000,520.0000,31.0000,108.0000
77.5000,505.0000,31.0000,108.0000
85.5000,520.0000,31.0000,108.0000
85.5000,520.0000,31.0000,108.0000
85.5000,520.0000,31.0000,108.0000
85.5000,520.0000,31.0000,108.0000
86.5000,520.0000,31.0000,108.0000
85.5000,578.0000,31.0000,108.0000
85.5000,607.0000,31.0000,108.0000
645.5513,49.8013,45.8974,84.3974
85.5000,636.0000,31.0000,108.0000
85.5000,636.0000,31.0000,108.0000
86.5000,607.0000,31.0000,108.0000
86.5000,665.0000,31.0000,108.0000
86.5000,752.0000,31.0000,108.0000
86.5000,752.0000,31.0000,108.0000
86.5000,753.0000,31.0000,108.0000
751.0467,64.2967,48.9066,87.4066
86.5000,752.0000,31.0000,108.0000
86.5000,724.0000,31.0000,108.0000
102.5000,768.0000,31.0000,108.0000
796.4252,84.6752,38.1495,76.6495
102.5000,811.0000,31.0000,108.0000
102.5000,768.0000,31.0000,108.0000
851.6375,81.3875,26.7250,65.2250
835.4927,71.7427,41.0147,79.5147
822.5338,70.2838,46.9325,85.4325
86.5000,811.0000,31.0000,108.0000
858.4386,65.1886,48.1228,86.6228
86.5000,840.0000,31.0000,108.0000
835.1118,68.3618,42.7764,81.2764
86.5000,811.0000,31.0000,108.0000
102.5000,767.0000,31.0000,108.0000
102.5000,709.0000,31.0000,108.0000
770.3726,73.6226,61.2548,99.7548
772.2784,69.0284,70.4432,108.9432
771.5417,77.2917,64.9166,103.4166
776.4794,82.2294,64.0412,102.5412
790.5856,80.8355,65.8289,104.3289
779.3126,79.0626,64.3748,102.8748
784.8335,86.0835,57.3330,95.8330
793.0397,82.2897,57.9205,96.4205
789.9252,86.1751,53.1497,91.6497
752.9160,82.6659,63.1681,101.6681
758.9401,89.6901,53.1198,91.6198
767.6722,90.4222,35.6556,74.1556
789.9861,82.2361,38.0278,76.5278
777.3495,85.5995,44.3010,82.8010
761.5669,76.3169,65.8662,104.3662
753.1025,77.3525,64.7950,103.2950
756.8705,74.1205,67.2591,105.7591
763.5524,76.3024,67.8951,106.3951
738.9089,73.1589,71.1821,109.6821
735.1477,77.3977,65.7046,104.2046
740.9761,77.2261,60.0477,98.5477
733.9089,71.1589,71.1821,109.6821
750.2938,80.5438,55.4124,93.9124
741.2935,77.0435,61.4130,99.9130
742.3367,71.5867,67.3266,105.8266
734.3301,70.0801,65.3397,103.8397
732.1593,71.4093,59.6814,98.1814
721.7438,71.4938,65.5125,104.0125
729.2079,76.9579,58.5842,97.0842
698.2334,79.9834,64.5331,103.0331
706.5751,79.8251,62.8498,101.3498
685.4551,80.2052,74.0897,112.5897
695.2473,88.4973,61.5054,100.0054
694.6612,91.9112,67.6776,106.1776
705.3657,92.6156,67.2687,105.7687
657.8145,95.0645,79.3710,117.8710
575.9462,93.1962,91.1075,129.6075
579.6310,101.3810,80.7380,119.2380
640.8008,102.5508,63.3983,101.8983
665.5649,105.3149,55.8702,94.3702
640.1876,104.4376,59.6248,98.1248
617.7554,101.0054,61.4891,99.9891
615.1629,90.4129,68.6742,107.1742
634.9804,110.2304,57.0391,95.5391
640.5129,112.7629,58.9741,97.4741
638.8235,106.0735,44.3531,82.8531
630.2195,101.4695,60.5611,99.0611
622.8348,120.0848,49.3305,87.8305
629.6481,117.8980,48.7039,87.2039
167.5000,360.0000,31.0000,108.0000
389.4048,143.1548,41.1905,79.6905
618.9247,137.6747,37.1506,75.6506
388.2794,155.5295,32.4411,70.9411
455.3364,139.0864,78.3271,116.8271
474.7969,142.5469,75.4062,113.9062
619.5032,169.7532,34.9936,73.4936
184.5000,636.0000,31.0000,108.0000
499.8663,165.1163,71.2674,109.7674
628.5387,171.2887,42.9226,81.4226
593.2952,164.5453,62.4095,100.9095
484.3716,165.6216,84.2568,122.7568
593.6454,195.8954,40.7091,79.2091
217.5000,578.0000,31.0000,108.0000
517.2814,215.0314,23.4373,61.9373
470.9387,182.6887,95.1225,133.6225
493.5837,198.8338,81.8325,120.3325
250.5000,418.0000,31.0000,108.0000
266.5000,360.0000,31.0000,108.0000
266.5000,636.0000,31.0000,108.0000
274.5000,448.0000,31.0000,108.0000
523.1042,267.3542,26.7916,65.2916
644.6695,256.9195,32.6610,71.1610
299.5000,593.0000,31.0000,108.0000
606.9841,277.7341,47.0317,85.5317
564.4566,286.2066,50.0868,88.5868
527.0406,289.7906,53.9187,92.4187
331.5000,476.0000,31.0000,108.0000
332.5000,593.0000,31.0000,108.0000
661.5491,330.7991,26.9018,65.4018
363.5000,476.0000,31.0000,108.0000
562.6014,335.3513,59.7973,98.2973
641.3881,350.6381,45.2237,83.7237
585.5454,334.2954,82.9092,121.4092
660.0342,377.7841,31.9317,70.4317
697.2540,386.5040,46.4919,84.9919
734.8959,386.6458,34.2083,72.7083
786.9362,402.1862,36.1277,74.6277
438.5000,738.0000,31.0000,108.0000
430.5000,752.0000,31.0000,108.0000
445.5000,753.0000,31.0000,108.0000
446.5000,753.0000,31.0000,108.0000
779.5847,434.8346,36.8307,75.3307
462.5000,753.0000,31.0000,108.0000
486.5000,767.0000,31.0000,108.0000
806.7189,470.4688,25.5623,64.0623
791.8757,462.1258,36.2485,74.7485
494.5000,753.0000,31.0000,108.0000
802.0000,502.7500,27.0000,65.5000
503.5000,753.0000,31.0000,108.0000
512.5000,753.0000,31.0000,108.0000
511.5000,782.0000,31.0000,108.0000
511.5000,869.0000,31.0000,108.0000
511.5000,869.0000,31.0000,108.0000
511.5000,869.0000,31.0000,108.0000
528.5000,870.0000,31.0000,108.0000
544.5000,898.0000,31.0000,108.0000
536.5000,971.0000,31.0000,108.0000
1013.5023,506.2523,42.9955,81.4955
1024.8077,504.0578,54.3844,92.8844
1062.5699,517.8199,53.8601,92.3601
1060.6931,532.4431,49.6138,88.1138
1055.5186,527.2686,55.9629,94.4629
1094.3395,538.5895,50.3210,88.8210
1099.1171,529.8670,52.7659,91.2659
1106.4962,528.2462,65.0076,103.5076
568.5000,1102.0000,31.0000,108.0000
569.5000,1102.0000,31.0000,108.0000
576.5000,1116.0000,31.0000,108.0000
577.5000,1102.0000,31.0000,108.0000
624.5000,306.0000,31.0000,108.0000
624.5000,306.0000,31.0000,108.0000
624.5000,306.0000,31.0000,108.0000
624.5000,306.0000,31.0000,108.0000
624.5000,306.0000,31.0000,108.0000
624.5000,306.0000,31.0000,108.0000
624.5000,306.0000,31.0000,108.0000
624.5000,306.0000,31.0000,108.0000
624.5000,306.0000,31.0000,108.0000
624.5000,306.0000,31.0000,108.0000
624.5000,306.0000,31.0000,108.0000
624.5000,306.0000,31.0000,108.0000
624.5000,306.0000,31.0000,108.0000
511.5000,1131.0000,31.0000,108.0000
511.5000,1117.0000,31.0000,108.0000
495.5000,1102.0000,31.0000,108.0000
1121.2917,449.5417,42.4165,80.9165
470.5000,1101.0000,31.0000,108.0000
1079.9006,422.1506,50.1987,88.6987
1040.4520,420.2020,35.0959,73.5959
1027.4542,391.2042,70.0917,108.5917
1018.2266,382.4766,63.5469,102.0469
1021.6946,379.9446,33.6108,72.1108
381.5000,985.0000,31.0000,108.0000
380.5000,884.0000,31.0000,108.0000
372.5000,869.0000,31.0000,108.0000
372.5000,869.0000,31.0000,108.0000
372.5000,854.0000,31.0000,108.0000
364.5000,753.0000,31.0000,108.0000
356.5000,767.0000,31.0000,108.0000
348.5000,753.0000,31.0000,108.0000
347.5000,753.0000,31.0000,108.0000
332.5000,753.0000,31.0000,108.0000
315.5000,752.0000,31.0000,108.0000
339.5000,564.0000,31.0000,108.0000
331.5000,636.0000,31.0000,108.0000
331.5000,636.0000,31.0000,108.0000
315.5000,607.0000,31.0000,108.0000
315.5000,549.0000,31.0000,108.0000
315.5000,636.0000,31.0000,108.0000
314.5000,520.0000,31.0000,108.0000
536.8024,282.5524,58.3952,96.8952
315.5000,607.0000,31.0000,108.0000
307.5000,520.0000,31.0000,108.0000
315.5000,607.0000,31.0000,108.0000
315.5000,432.0000,31.0000,108.0000
315.5000,433.0000,31.0000,108.0000
504.5657,290.3157,45.8686,84.3686
314.5000,462.0000,31.0000,108.0000
315.5000,636.0000,31.0000,108.0000
315.5000,636.0000,31.0000,108.0000
315.5000,432.0000,31.0000,108.0000
307.5000,636.0000,31.0000,108.0000
643.0031,298.7531,35.9939,74.4939
315.5000,360.0000,31.0000,108.0000
315.5000,607.0000,31.0000,108.0000
448.7050,286.9550,65.5899,104.0899
458.9369,300.6869,58.1263,96.6263
501.3163,299.5663,49.3674,87.8674
452.9399,301.6899,56.1202,94.6202
331.5000,520.0000,31.0000,108.0000
332.5000,520.0000,31.0000,108.0000
332.5000,520.0000,31.0000,108.0000
339.5000,520.0000,31.0000,108.0000
331.5000,636.0000,31.0000,108.0000
331.5000,636.0000,31.0000,108.0000
331.5000,578.0000,31.0000,108.0000
340.5000,520.0000,31.0000,108.0000
347.5000,520.0000,31.0000,108.0000
331.5000,520.0000,31.0000,108.0000
331.5000,520.0000,31.0000,108.0000
332.5000,520.0000,31.0000,108.0000
332.5000,520.0000,31.0000,108.0000
347.5000,520.0000,31.0000,108.0000
347.5000,520.0000,31.0000,108.0000
555.7545,327.5045,29.4911,67.9911
348.5000,520.0000,31.0000,108.0000
548.4459,318.6959,42.1083,80.6083
552.9362,330.1862,36.1277,74.6277
547.1370,334.8869,37.7261,76.2261
537.2629,328.5129,44.4741,82.9741
536.5732,328.3232,47.8535,86.3535
537.8788,329.6288,52.2423,90.7423
535.7244,330.9744,54.5512,93.0512
548.1671,341.4171,33.6659,72.1659
537.2770,326.5270,52.4459,90.9459
546.7982,329.0482,41.4037,79.9037
537.1270,319.8770,54.7460,93.2460
540.6375,320.3875,46.7250,85.2250
536.9437,314.6938,51.1125,89.6125
558.8932,334.1432,23.2136,61.7136
348.5000,520.0000,31.0000,108.0000
554.9886,320.7386,54.0227,92.5227
565.8257,323.5758,39.3485,77.8485
585.0829,324.3329,47.8342,86.3342
578.2116,320.9616,41.5768,80.0768
599.3796,320.1297,32.2407,70.7407
340.5000,578.0000,31.0000,108.0000
592.2786,307.5286,50.4428,88.9428
594.2361,302.9861,51.5278,90.0278
592.6974,302.9474,53.6051,92.1051
594.5530,302.3031,44.8939,83.3939
631.1215,306.8715,28.7571,67.2571
331.5000,593.0000,31.0000,108.0000
331.5000,607.0000,31.0000,108.0000
315.5000,535.0000,31.0000,108.0000
315.5000,549.0000,31.0000,108.0000
315.5000,549.0000,31.0000,108.0000
307.5000,520.0000,31.0000,108.0000
306.5000,520.0000,31.0000,108.0000
299.5000,520.0000,31.0000,108.0000
564.8760,278.1261,30.2479,68.7479
556.3209,262.5709,38.3583,76.8583
282.5000,520.0000,31.0000,108.0000
543.7768,255.0268,43.4464,81.9464
537.4316,245.1816,52.1367,90.6367
528.6282,239.3783,58.7435,97.2435
540.5377,240.2877,51.9246,90.4246
539.4449,224.1949,54.1102,92.6102
554.2537,240.0037,32.4926,70.9926
544.3503,229.1003,45.2993,83.7993
540.2283,237.4783,38.5434,77.0434
547.4570,237.2070,30.0860,68.5860
531.4096,239.1596,32.1808,70.6808
545.8591,237.1091,30.2817,68.7817
250.5000,520.0000,31.0000,108.0000
266.5000,520.0000,31.0000,108.0000
250.5000,520.0000,31.0000,108.0000
249.5000,520.0000,31.0000,108.0000
233.5000,520.0000,31.0000,108.0000
217.5000,520.0000,31.0000,108.0000
217.5000,520.0000,31.0000,108.0000
208.5000,520.0000,31.0000,108.0000
201.5000,520.0000,31.0000,108.0000
201.5000,520.0000,31.0000,108.0000
184.5000,520.0000,31.0000,108.0000
184.5000,520.0000,31.0000,108.0000
184.5000,549.0000,31.0000,108.0000
184.5000,549.0000,31.0000,108.0000
184.5000,549.0000,31.0000,108.0000
184.5000,607.0000,31.0000,108.0000
175.5000,636.0000,31.0000,108.0000
184.5000,636.0000,31.0000,108.0000
176.5000,636.0000,31.0000,108.0000
168.5000,636.0000,31.0000,108.0000
167.5000,636.0000,31.0000,108.0000
168.5000,636.0000,31.0000,108.0000
167.5000,636.0000,31.0000,108.0000
168.5000,636.0000,31.0000,108.0000
168.5000,651.0000,31.0000,108.0000
184.5000,637.0000,31.0000,108.0000
167.5000,709.0000,31.0000,108.0000
151.5000,752.0000,31.0000,108.0000
151.5000,752.0000,31.0000,108.0000
135.5000,752.0000,31.0000,108.0000
119.5000,752.0000,31.0000,108.0000
119.5000,753.0000,31.0000,108.0000
118.5000,695.0000,31.0000,108.0000
119.5000,724.0000,31.0000,108.0000
763.5828,100.8327,38.8345,77.3345
763.9418,96.1918,38.1164,76.6164
118.5000,753.0000,31.0000,108.0000
765.3425,94.5926,34.3149,72.8149
761.9418,91.1918,38.1164,76.6164
118.5000,724.0000,31.0000,108.0000
118.5000,753.0000,31.0000,108.0000
119.5000,753.0000,31.0000,108.0000
118.5000,695.0000,31.0000,108.0000
118.5000,695.0000,31.0000,108.0000
102.5000,709.0000,31.0000,108.0000
110.5000,694.0000,31.0000,108.0000
103.5000,695.0000,31.0000,108.0000
102.5000,709.0000,31.0000,108.0000
102.5000,695.0000,31.0000,108.0000
102.5000,695.0000,31.0000,108.0000
102.5000,695.0000,31.0000,108.0000
102.5000,651.0000,31.0000,108.0000
102.5000,651.0000,31.0000,108.0000
118.5000,665.0000,31.0000,108.0000
103.5000,637.0000,31.0000,108.0000
118.5000,637.0000,31.0000,108.0000
102.5000,637.0000,31.0000,108.0000
624.5000,306.0000,31.0000,108.0000
624.5000,306.0000,31.0000,108.0000
624.5000,306.0000,31.0000,108.0000
624.5000,306.0000,31.0000,108.0000
624.5000,306.0000,31.0000,108.0000
624.5000,306.0000,31.0000,108.0000
624.5000,306.0000,31.0000,108.0000
103.5000,636.0000,31.0000,108.0000
86.5000,636.0000,31.0000,108.0000
86.5000,636.0000,31.0000,108.0000
86.5000,636.0000,31.0000,108.0000
624.5000,306.0000,31.0000,108.0000
624.5000,306.0000,31.0000,108.0000
624.5000,306.0000,31.0000,108.0000
624.5000,306.0000,31.0000,108.0000
102.5000,636.0000,31.0000,108.0000
624.5000,306.0000,31.0000,108.0000
624.5000,306.0000,31.0000,108.0000
86.5000,636.0000,31.0000,108.0000
86.5000,636.0000,31.0000,108.0000
624.5000,306.0000,31.0000,108.0000
102.5000,636.0000,31.0000,108.0000
624.5000,306.0000,31.0000,108.0000
624.5000,306.0000,31.0000,108.0000
624.5000,306.0000,31.0000,108.0000
118.5000,665.0000,31.0000,108.0000
118.5000,651.0000,31.0000,108.0000
624.5000,306.0000,31.0000,108.0000
102.5000,709.0000,31.0000,108.0000
624.5000,306.0000,31.0000,108.0000
102.5000,753.0000,31.0000,108.0000
118.5000,753.0000,31.0000,108.0000
118.5000,753.0000,31.0000,108.0000
118.5000,753.0000,31.0000,108.0000
119.5000,753.0000,31.0000,108.0000
135.5000,767.0000,31.0000,108.0000
135.5000,753.0000,31.0000,108.0000
135.5000,767.0000,31.0000,108.0000
151.5000,782.0000,31.0000,108.0000
624.5000,306.0000,31.0000,108.0000
151.5000,869.0000,31.0000,108.0000
624.5000,306.0000,31.0000,108.0000
624.5000,306.0000,31.0000,108.0000
624.5000,306.0000,31.0000,108.0000
624.5000,306.0000,31.0000,108.0000
624.5000,306.0000,31.0000,108.0000
624.5000,306.0000,31.0000,108.0000
624.5000,306.0000,31.0000,108.0000
624.5000,306.0000,31.0000,108.0000
167.5000,767.0000,31.0000,108.0000
624.5000,306.0000,31.0000,108.0000
167.5000,767.0000,31.0000,108.0000
168.5000,753.0000,31.0000,108.0000
168.5000,753.0000,31.0000,108.0000
168.5000,753.0000,31.0000,108.0000
168.5000,753.0000,31.0000,108.0000
624.5000,306.0000,31.0000,108.0000
184.5000,753.0000,31.0000,108.0000
184.5000,753.0000,31.0000,108.0000
184.5000,753.0000,31.0000,108.0000
183.5000,753.0000,31.0000,108.0000
176.5000,738.0000,31.0000,108.0000
168.5000,709.0000,31.0000,108.0000
184.5000,723.0000,31.0000,108.0000
184.5000,753.0000,31.0000,108.0000
624.5000,306.0000,31.0000,108.0000
184.5000,753.0000,31.0000,108.0000
184.5000,753.0000,31.0000,108.0000
184.5000,753.0000,31.0000,108.0000
176.5000,739.0000,31.0000,108.0000
184.5000,753.0000,31.0000,108.0000
184.5000,753.0000,31.0000,108.0000
184.5000,753.0000,31.0000,108.0000
184.5000,753.0000,31.0000,108.0000
176.5000,738.0000,31.0000,108.0000
183.5000,753.0000,31.0000,108.0000
175.5000,752.0000,31.0000,108.0000
184.5000,753.0000,31.0000,108.0000
184.5000,753.0000,31.0000,108.0000
184.5000,724.0000,31.0000,108.0000
184.5000,724.0000,31.0000,108.0000
184.5000,753.0000,31.0000,108.0000
184.5000,724.0000,31.0000,108.0000
184.5000,695.0000,31.0000,108.0000
184.5000,665.0000,31.0000,108.0000
184.5000,665.0000,31.0000,108.0000
184.5000,651.0000,31.0000,108.0000
200.5000,650.0000,31.0000,108.0000
200.5000,651.0000,31.0000,108.0000
216.5000,753.0000,31.0000,108.0000
216.5000,665.0000,31.0000,108.0000
624.5000,306.0000,31.0000,108.0000
184.5000,636.0000,31.0000,108.0000
184.5000,695.0000,31.0000,108.0000
184.5000,637.0000,31.0000,108.0000
184.5000,636.0000,31.0000,108.0000
624.5000,306.0000,31.0000,108.0000
216.5000,665.0000,31.0000,108.0000
233.5000,753.0000,31.0000,108.0000
233.5000,753.0000,31.0000,108.0000
233.5000,636.0000,31.0000,108.0000
241.5000,636.0000,31.0000,108.0000
624.5000,306.0000,31.0000,108.0000
624.5000,306.0000,31.0000,108.0000
624.5000,306.0000,31.0000,108.0000
624.5000,306.0000,31.0000,108.0000
624.5000,306.0000,31.0000,108.0000
266.5000,637.0000,31.0000,108.0000
624.5000,306.0000,31.0000,108.0000
624.5000,306.0000,31.0000,108.0000
624.5000,306.0000,31.0000,108.0000
624.5000,306.0000,31.0000,108.0000
624.5000,306.0000,31.0000,108.0000
624.5000,306.0000,31.0000,108.0000
624.5000,306.0000,31.0000,108.0000
624.5000,306.0000,31.0000,108.0000
624.5000,306.0000,31.0000,108.0000
624.5000,306.0000,31.0000,108.0000
624.5000,306.0000,31.0000,108.0000
624.5000,306.0000,31.0000,108.0000
315.5000,927.0000,31.0000,108.0000
624.5000,306.0000,31.0000,108.0000
624.5000,306.0000,31.0000,108.0000
624.5000,306.0000,31.0000,108.0000
624.5000,306.0000,31.0000,108.0000
624.5000,306.0000,31.0000,108.0000
624.5000,306.0000,31.0000,108.0000
624.5000,306.0000,31.0000,108.0000
624.5000,306.0000,31.0000,108.0000
624.5000,306.0000,31.0000,108.0000
624.5000,306.0000,31.0000,108.0000
624.5000,306.0000,31.0000,108.0000
624.5000,306.0000,31.0000,108.0000
479.5000,869.0000,31.0000,108.0000
624.5000,306.0000,31.0000,108.0000
511.5000,869.0000,31.0000,108.0000
624.5000,306.0000,31.0000,108.0000
544.5000,985.0000,31.0000,108.0000
624.5000,306.0000,31.0000,108.0000
568.5000,985.0000,31.0000,108.0000
576.5000,986.0000,31.0000,108.0000
609.5000,1014.0000,31.0000,108.0000
610.5000,986.0000,31.0000,108.0000
634.5000,1014.0000,31.0000,108.0000
624.5000,306.0000,31.0000,108.0000
624.5000,306.0000,31.0000,108.0000
624.5000,306.0000,31.0000,108.0000
624.5000,306.0000,31.0000,108.0000
624.5000,306.0000,31.0000,108.0000
624.5000,306.0000,31.0000,108.0000
624.5000,306.0000,31.0000,108.0000
624.5000,306.0000,31.0000,108.0000
624.5000,306.0000,31.0000,108.0000
624.5000,306.0000,31.0000,108.0000
624.5000,306.0000,31.0000,108.0000
624.5000,306.0000,31.0000,108.0000
624.5000,306.0000,31.0000,108.0000
624.5000,306.0000,31.0000,108.0000
624.5000,306.0000,31.0000,108.0000
624.5000,306.0000,31.0000,108.0000
624.5000,306.0000,31.0000,108.0000
624.5000,306.0000,31.0000,108.0000
624.5000,306.0000,31.0000,108.0000
624.5000,306.0000,31.0000,108.0000
624.5000,306.0000,31.0000,108.0000
624.5000,306.0000,31.0000,108.0000
624.5000,306.0000,31.0000,108.0000
624.5000,306.0000,31.0000,108.0000
624.5000,306.0000,31.0000,108.0000
624.5000,306.0000,31.0000,108.0000
624.5000,306.0000,31.0000,108.0000
624.5000,306.0000,31.0000,108.0000
624.5000,306.0000,31.0000,108.0000
624.5000,306.0000,31.0000,108.0000
624.5000,306.0000,31.0000,108.0000
624.5000,306.0000,31.0000,108.0000
624.5000,306.0000,31.0000,108.0000
624.5000,306.0000,31.0000,108.0000
624.5000,306.0000,31.0000,108.0000
634.5000,753.0000,31.0000,108.0000
634.5000,753.0000,31.0000,108.0000
609.5000,753.0000,31.0000,108.0000
609.5000,753.0000,31.0000,108.0000
577.5000,753.0000,31.0000,108.0000
713.1878,553.9378,28.6244,67.1244
709.8270,544.5770,37.3461,75.8461
699.6346,531.3846,49.7308,88.2308
552.5000,651.0000,31.0000,108.0000
528.5000,694.0000,31.0000,108.0000
675.9322,481.6822,44.1356,82.6356
638.3417,472.5917,56.3167,94.8167
632.1712,471.9212,53.6576,92.1576
645.7714,468.5215,50.4571,88.9571
618.4633,456.7133,58.0735,96.5735
623.2747,455.0246,48.4507,86.9507
454.5000,593.0000,31.0000,108.0000
588.2738,416.5238,57.4524,95.9524
591.7335,411.4835,49.5331,88.0331
591.1036,405.8536,49.7929,88.2929
597.1102,397.8602,60.7797,99.2797
585.2393,393.9893,56.5213,95.0213
572.8872,401.1372,37.2256,75.7256
413.5000,520.0000,31.0000,108.0000
397.5000,520.0000,31.0000,108.0000
381.5000,520.0000,31.0000,108.0000
380.5000,520.0000,31.0000,108.0000
380.5000,520.0000,31.0000,108.0000
556.7174,346.4674,38.5651,77.0651
532.0250,348.7750,37.9499,76.4499
364.5000,491.0000,31.0000,108.0000
364.5000,520.0000,31.0000,108.0000
364.5000,462.0000,31.0000,108.0000
348.5000,491.0000,31.0000,108.0000
348.5000,491.0000,31.0000,108.0000
347.5000,462.0000,31.0000,108.0000
331.5000,418.0000,31.0000,108.0000
315.5000,404.0000,31.0000,108.0000
315.5000,432.0000,31.0000,108.0000
315.5000,491.0000,31.0000,108.0000
315.5000,520.0000,31.0000,108.0000
559.3770,293.6270,23.2460,61.7460
306.5000,520.0000,31.0000,108.0000
307.5000,520.0000,31.0000,108.0000
551.6257,279.8757,37.7486,76.2486
559.2084,281.4584,30.5831,69.0831
306.5000,520.0000,31.0000,108.0000
553.9750,283.2250,28.0499,66.5499
306.5000,520.0000,31.0000,108.0000
299.5000,520.0000,31.0000,108.0000
306.5000,520.0000,31.0000,108.0000
299.5000,520.0000,31.0000,108.0000
299.5000,520.0000,31.0000,108.0000
299.5000,520.0000,31.0000,108.0000
299.5000,535.0000,31.0000,108.0000
298.5000,535.0000,31.0000,108.0000
299.5000,535.0000,31.0000,108.0000
306.5000,520.0000,31.0000,108.0000
299.5000,535.0000,31.0000,108.0000
299.5000,535.0000,31.0000,108.0000
306.5000,520.0000,31.0000,108.0000
306.5000,520.0000,31.0000,108.0000
307.5000,520.0000,31.0000,108.0000
306.5000,520.0000,31.0000,108.0000
307.5000,520.0000,31.0000,108.0000
307.5000,520.0000,31.0000,108.0000
624.5000,306.0000,31.0000,108.0000
624.5000,306.0000,31.0000,108.0000
315.5000,607.0000,31.0000,108.0000
314.5000,520.0000,31.0000,108.0000
307.5000,520.0000,31.0000,108.0000
315.5000,520.0000,31.0000,108.0000
315.5000,520.0000,31.0000,108.0000
314.5000,520.0000,31.0000,108.0000
555.7188,289.9688,31.5624,70.0624
307.5000,520.0000,31.0000,108.0000
315.5000,520.0000,31.0000,108.0000
315.5000,520.0000,31.0000,108.0000
315.5000,520.0000,31.0000,108.0000
315.5000,520.0000,31.0000,108.0000
315.5000,520.0000,31.0000,108.0000
315.5000,520.0000,31.0000,108.0000
315.5000,520.0000,31.0000,108.0000
315.5000,520.0000,31.0000,108.0000
315.5000,520.0000,31.0000,108.0000
315.5000,520.0000,31.0000,108.0000
315.5000,520.0000,31.0000,108.0000
315.5000,491.0000,31.0000,108.0000
315.5000,520.0000,31.0000,108.0000
315.5000,520.0000,31.0000,108.0000
315.5000,520.0000,31.0000,108.0000
315.5000,520.0000,31.0000,108.0000
315.5000,520.0000,31.0000,108.0000
315.5000,520.0000,31.0000,108.0000
315.5000,491.0000,31.0000,108.0000
315.5000,491.0000,31.0000,108.0000
315.5000,491.0000,31.0000,108.0000
315.5000,491.0000,31.0000,108.0000
315.5000,520.0000,31.0000,108.0000
331.5000,520.0000,31.0000,108.0000
315.5000,491.0000,31.0000,108.0000
624.5000,306.0000,31.0000,108.0000
624.5000,306.0000,31.0000,108.0000
331.5000,462.0000,31.0000,108.0000
347.5000,491.0000,31.0000,108.0000
347.5000,462.0000,31.0000,108.0000
348.5000,433.0000,31.0000,108.0000
348.5000,520.0000,31.0000,108.0000
624.5000,306.0000,31.0000,108.0000
364.5000,520.0000,31.0000,108.0000
364.5000,520.0000,31.0000,108.0000
624.5000,306.0000,31.0000,108.0000
624.5000,306.0000,31.0000,108.0000
624.5000,306.0000,31.0000,108.0000
380.5000,520.0000,31.0000,108.0000
381.5000,520.0000,31.0000,108.0000
529.3510,366.1010,38.2980,76.7980
397.5000,520.0000,31.0000,108.0000
413.5000,520.0000,31.0000,108.0000
413.5000,520.0000,31.0000,108.0000
430.5000,520.0000,31.0000,108.0000
437.5000,520.0000,31.0000,108.0000
445.5000,520.0000,31.0000,108.0000
463.5000,520.0000,31.0000,108.0000
495.5000,520.0000,31.0000,108.0000
478.5000,520.0000,31.0000,108.0000
478.5000,520.0000,31.0000,108.0000
495.5000,520.0000,31.0000,108.0000
495.5000,520.0000,31.0000,108.0000
495.5000,520.0000,31.0000,108.0000
495.5000,520.0000,31.0000,108.0000
495.5000,520.0000,31.0000,108.0000
503.5000,520.0000,31.0000,108.0000
503.5000,520.0000,31.0000,108.0000
503.5000,520.0000,31.0000,108.0000
511.5000,520.0000,31.0000,108.0000
528.5000,520.0000,31.0000,108.0000
511.5000,520.0000,31.0000,108.0000
512.5000,520.0000,31.0000,108.0000
511.5000,520.0000,31.0000,108.0000
528.5000,520.0000,31.0000,108.0000
544.5000,520.0000,31.0000,108.0000
543.5000,520.0000,31.0000,108.0000
544.5000,520.0000,31.0000,108.0000
544.5000,520.0000,31.0000,108.0000
536.5000,520.0000,31.0000,108.0000
528.5000,520.0000,31.0000,108.0000
528.5000,520.0000,31.0000,108.0000
562.4557,512.7057,31.0885,69.5885
536.5000,520.0000,31.0000,108.0000
544.5000,549.0000,31.0000,108.0000
624.5000,306.0000,31.0000,108.0000
544.5000,578.0000,31.0000,108.0000
544.5000,549.0000,31.0000,108.0000
527.5000,535.0000,31.0000,108.0000
511.5000,578.0000,31.0000,108.0000
519.5000,535.0000,31.0000,108.0000
511.5000,578.0000,31.0000,108.0000
511.5000,579.0000,31.0000,108.0000
603.0696,482.3197,37.8607,76.3607
511.5000,578.0000,31.0000,108.0000
511.5000,578.0000,31.0000,108.0000
511.5000,607.0000,31.0000,108.0000
503.5000,578.0000,31.0000,108.0000
495.5000,593.0000,31.0000,108.0000
495.5000,636.0000,31.0000,108.0000
637.2327,461.4826,51.5347,90.0347
479.5000,636.0000,31.0000,108.0000
634.4028,437.1528,54.1943,92.6943
651.8869,443.1369,48.2261,86.7261
657.9847,432.7346,44.0307,82.5307
682.8209,435.5710,23.3581,61.8581
689.5698,425.8198,28.8604,67.3604
445.5000,637.0000,31.0000,108.0000
681.1790,415.9289,29.6421,68.1421
681.6310,403.3810,38.7379,77.2379
693.2292,390.9792,39.5416,78.0416
698.8335,373.5835,54.3330,92.8330
690.0054,369.2554,26.9891,65.4891
688.9282,348.6781,45.1437,83.6437
697.2361,343.9861,51.5278,90.0278
677.5650,338.3150,54.8700,93.3700
364.5000,651.0000,31.0000,108.0000
348.5000,665.0000,31.0000,108.0000
678.3756,315.6256,41.2488,79.7488
670.8713,306.1213,45.2574,83.7574
674.4048,298.1548,41.1905,79.6905
651.0014,278.7514,59.9972,98.4972
663.6966,288.9466,36.6069,75.1069
299.5000,593.0000,31.0000,108.0000
575.2778,276.0278,33.4444,71.9444
282.5000,520.0000,31.0000,108.0000
274.5000,520.0000,31.0000,108.0000
266.5000,578.0000,31.0000,108.0000
249.5000,520.0000,31.0000,108.0000
249.5000,520.0000,31.0000,108.0000
249.5000,520.0000,31.0000,108.0000
448.3167,220.0667,46.3666,84.8666
242.5000,404.0000,31.0000,108.0000
241.5000,404.0000,31.0000,108.0000
233.5000,404.0000,31.0000,108.0000
233.5000,404.0000,31.0000,108.0000
217.5000,403.0000,31.0000,108.0000
217.5000,403.0000,31.0000,108.0000
624.5000,306.0000,31.0000,108.0000
217.5000,287.0000,31.0000,108.0000
201.5000,288.0000,31.0000,108.0000
201.5000,287.0000,31.0000,108.0000
184.5000,287.0000,31.0000,108.0000
184.5000,288.0000,31.0000,108.0000
184.5000,287.0000,31.0000,108.0000
184.5000,287.0000,31.0000,108.0000
184.5000,287.0000,31.0000,108.0000
184.5000,258.0000,31.0000,108.0000
184.5000,287.0000,31.0000,108.0000
184.5000,287.0000,31.0000,108.0000
176.5000,287.0000,31.0000,108.0000
176.5000,287.0000,31.0000,108.0000
624.5000,306.0000,31.0000,108.0000
624.5000,306.0000,31.0000,108.0000
176.5000,287.0000,31.0000,108.0000
184.5000,258.0000,31.0000,108.0000
184.5000,200.0000,31.0000,108.0000
176.5000,215.0000,31.0000,108.0000
176.5000,287.0000,31.0000,108.0000
176.5000,287.0000,31.0000,108.0000
175.5000,287.0000,31.0000,108.0000
168.5000,288.0000,31.0000,108.0000
168.5000,288.0000,31.0000,108.0000
176.5000,287.0000,31.0000,108.0000
167.5000,287.0000,31.0000,108.0000
168.5000,287.0000,31.0000,108.0000
168.5000,244.0000,31.0000,108.0000
168.5000,287.0000,31.0000,108.0000
168.5000,288.0000,31.0000,108.0000
184.5000,287.0000,31.0000,108.0000
176.5000,287.0000,31.0000,108.0000
624.5000,306.0000,31.0000,108.0000
624.5000,306.0000,31.0000,108.0000
624.5000,306.0000,31.0000,108.0000
624.5000,306.0000,31.0000,108.0000
168.5000,404.0000,31.0000,108.0000
624.5000,306.0000,31.0000,108.0000
624.5000,306.0000,31.0000,108.0000
168.5000,404.0000,31.0000,108.0000
175.5000,404.0000,31.0000,108.0000
176.5000,404.0000,31.0000,108.0000
176.5000,404.0000,31.0000,108.0000
176.5000,404.0000,31.0000,108.0000
176.5000,404.0000,31.0000,108.0000
184.5000,404.0000,31.0000,108.0000
184.5000,404.0000,31.0000,108.0000
184.5000,404.0000,31.0000,108.0000
184.5000,404.0000,31.0000,108.0000
184.5000,404.0000,31.0000,108.0000
201.5000,404.0000,31.0000,108.0000
201.5000,404.0000,31.0000,108.0000
217.5000,403.0000,31.0000,108.0000
217.5000,403.0000,31.0000,108.0000
217.5000,404.0000,31.0000,108.0000
233.5000,404.0000,31.0000,108.0000
234.5000,404.0000,31.0000,108.0000
233.5000,404.0000,31.0000,108.0000
249.5000,404.0000,31.0000,108.0000
624.5000,306.0000,31.0000,108.0000
249.5000,404.0000,31.0000,108.0000
249.5000,404.0000,31.0000,108.0000
624.5000,306.0000,31.0000,108.0000
624.5000,306.0000,31.0000,108.0000
624.5000,306.0000,31.0000,108.0000
266.5000,302.0000,31.0000,108.0000
266.5000,360.0000,31.0000,108.0000
266.5000,403.0000,31.0000,108.0000
624.5000,306.0000,31.0000,108.0000
282.5000,404.0000,31.0000,108.0000
282.5000,404.0000,31.0000,108.0000
282.5000,403.0000,31.0000,108.0000
282.5000,404.0000,31.0000,108.0000
282.5000,404.0000,31.0000,108.0000
282.5000,404.0000,31.0000,108.0000
298.5000,403.0000,31.0000,108.0000
299.5000,404.0000,31.0000,108.0000
624.5000,306.0000,31.0000,108.0000
624.5000,306.0000,31.0000,108.0000
624.5000,306.0000,31.0000,108.0000
315.5000,316.0000,31.0000,108.0000
314.5000,404.0000,31.0000,108.0000
307.5000,389.0000,31.0000,108.0000
299.5000,360.0000,31.0000,108.0000
299.5000,404.0000,31.0000,108.0000
307.5000,403.0000,31.0000,108.0000
315.5000,374.0000,31.0000,108.0000
624.5000,306.0000,31.0000,108.0000
624.5000,306.0000,31.0000,108.0000
624.5000,306.0000,31.0000,108.0000
624.5000,306.0000,31.0000,108.0000
624.5000,306.0000,31.0000,108.0000
624.5000,306.0000,31.0000,108.0000
624.5000,306.0000,31.0000,108.0000
624.5000,306.0000,31.0000,108.0000
624.5000,306.0000,31.0000,108.0000
624.5000,306.0000,31.0000,108.0000
624.5000,306.0000,31.0000,108.0000
624.5000,306.0000,31.0000,108.0000
624.5000,306.0000,31.0000,108.0000
624.5000,306.0000,31.0000,108.0000
624.5000,306.0000,31.0000,108.0000
624.5000,306.0000,31.0000,108.0000
624.5000,306.0000,31.0000,108.0000
624.5000,306.0000,31.0000,108.0000
624.5000,306.0000,31.0000,108.0000
624.5000,306.0000,31.0000,108.0000
624.5000,306.0000,31.0000,108.0000
624.5000,306.0000,31.0000,108.0000
624.5000,306.0000,31.0000,108.0000
624.5000,306.0000,31.0000,108.0000
624.5000,306.0000,31.0000,108.0000
624.5000,306.0000,31.0000,108.0000
462.5000,462.0000,31.0000,108.0000
624.5000,306.0000,31.0000,108.0000
624.5000,306.0000,31.0000,108.0000
479.5000,491.0000,31.0000,108.0000
479.5000,491.0000,31.0000,108.0000
495.5000,433.0000,31.0000,108.0000
495.5000,462.0000,31.0000,108.0000
503.5000,433.0000,31.0000,108.0000
511.5000,418.0000,31.0000,108.0000
511.5000,433.0000,31.0000,108.0000
624.5000,306.0000,31.0000,108.0000
544.5000,491.0000,31.0000,108.0000
511.5000,462.0000,31.0000,108.0000
511.5000,462.0000,31.0000,108.0000
512.5000,433.0000,31.0000,108.0000
536.5000,491.0000,31.0000,108.0000
544.5000,491.0000,31.0000,108.0000
544.5000,636.0000,31.0000,108.0000
544.5000,491.0000,31.0000,108.0000
544.5000,462.0000,31.0000,108.0000
560.5000,520.0000,31.0000,108.0000
560.5000,520.0000,31.0000,108.0000
560.5000,636.0000,31.0000,108.0000
568.5000,636.0000,31.0000,108.0000
560.5000,636.0000,31.0000,108.0000
544.5000,636.0000,31.0000,108.0000
544.5000,636.0000,31.0000,108.0000
544.5000,636.0000,31.0000,108.0000
561.5000,636.0000,31.0000,108.0000
544.5000,636.0000,31.0000,108.0000
544.5000,636.0000,31.0000,108.0000
544.5000,636.0000,31.0000,108.0000
544.5000,636.0000,31.0000,108.0000
624.5000,306.0000,31.0000,108.0000
543.5000,636.0000,31.0000,108.0000
543.5000,636.0000,31.0000,108.0000
528.5000,636.0000,31.0000,108.0000
511.5000,637.0000,31.0000,108.0000
511.5000,637.0000,31.0000,108.0000
511.5000,636.0000,31.0000,108.0000
511.5000,637.0000,31.0000,108.0000
511.5000,637.0000,31.0000,108.0000
511.5000,636.0000,31.0000,108.0000
511.5000,636.0000,31.0000,108.0000
503.5000,636.0000,31.0000,108.0000
503.5000,636.0000,31.0000,108.0000
503.5000,636.0000,31.0000,108.0000
479.5000,636.0000,31.0000,108.0000
478.5000,636.0000,31.0000,108.0000
479.5000,637.0000,31.0000,108.0000
462.5000,637.0000,31.0000,108.0000
454.5000,651.0000,31.0000,108.0000
446.5000,637.0000,31.0000,108.0000
438.5000,637.0000,31.0000,108.0000
445.5000,637.0000,31.0000,108.0000
430.5000,637.0000,31.0000,108.0000
413.5000,665.0000,31.0000,108.0000
413.5000,694.0000,31.0000,108.0000
694.3443,375.5943,31.3114,69.8114
700.5019,359.2519,48.9963,87.4963
683.1003,353.8503,52.7995,91.2995
688.8879,364.6379,31.2242,69.7242
380.5000,637.0000,31.0000,108.0000
679.8879,356.6379,31.2242,69.7242
684.6042,351.3542,35.7916,74.2916
684.6332,350.3831,32.7337,71.2337
677.1161,352.8661,34.7678,73.2678
372.5000,636.0000,31.0000,108.0000
372.5000,636.0000,31.0000,108.0000
372.5000,637.0000,31.0000,108.0000
372.5000,637.0000,31.0000,108.0000
372.5000,637.0000,31.0000,108.0000
372.5000,636.0000,31.0000,108.0000
364.5000,636.0000,31.0000,108.0000
348.5000,636.0000,31.0000,108.0000
642.2435,333.9935,44.5129,83.0129
364.5000,636.0000,31.0000,108.0000
348.5000,579.0000,31.0000,108.0000
347.5000,607.0000,31.0000,108.0000
331.5000,636.0000,31.0000,108.0000
331.5000,636.0000,31.0000,108.0000
331.5000,636.0000,31.0000,108.0000
331.5000,636.0000,31.0000,108.0000
315.5000,636.0000,31.0000,108.0000
315.5000,636.0000,31.0000,108.0000
315.5000,636.0000,31.0000,108.0000
315.5000,636.0000,31.0000,108.0000
315.5000,636.0000,31.0000,108.0000
315.5000,636.0000,31.0000,108.0000
315.5000,636.0000,31.0000,108.0000
315.5000,636.0000,31.0000,108.0000
315.5000,637.0000,31.0000,108.0000
314.5000,637.0000,31.0000,108.0000
307.5000,636.0000,31.0000,108.0000
307.5000,637.0000,31.0000,108.0000
306.5000,637.0000,31.0000,108.0000
307.5000,636.0000,31.0000,108.0000
307.5000,636.0000,31.0000,108.0000
307.5000,636.0000,31.0000,108.0000
307.5000,636.0000,31.0000,108.0000
299.5000,636.0000,31.0000,108.0000
307.5000,636.0000,31.0000,108.0000
306.5000,636.0000,31.0000,108.0000
306.5000,636.0000,31.0000,108.0000
306.5000,636.0000,31.0000,108.0000
306.5000,636.0000,31.0000,108.0000
315.5000,607.0000,31.0000,108.0000
315.5000,520.0000,31.0000,108.0000
331.5000,520.0000,31.0000,108.0000
331.5000,578.0000,31.0000,108.0000
560.1878,316.4378,29.6244,68.1245
562.2500,329.0000,23.5000,62.0000
347.5000,520.0000,31.0000,108.0000
348.5000,549.0000,31.0000,108.0000
348.5000,636.0000,31.0000,108.0000
348.5000,549.0000,31.0000,108.0000
624.5000,306.0000,31.0000,108.0000
624.5000,306.0000,31.0000,108.0000
624.5000,306.0000,31.0000,108.0000
348.5000,753.0000,31.0000,108.0000
380.5000,724.0000,31.0000,108.0000
397.5000,637.0000,31.0000,108.0000
397.5000,753.0000,31.0000,108.0000
413.5000,753.0000,31.0000,108.0000
624.5000,306.0000,31.0000,108.0000
413.5000,927.0000,31.0000,108.0000
624.5000,306.0000,31.0000,108.0000
446.5000,985.0000,31.0000,108.0000
462.5000,753.0000,31.0000,108.0000
495.5000,753.0000,31.0000,108.0000
478.5000,956.0000,31.0000,108.0000
495.5000,753.0000,31.0000,108.0000
536.5000,724.0000,31.0000,108.0000
766.0342,508.7841,31.9317,70.4317
741.6306,491.3806,51.7388,90.2388
544.5000,695.0000,31.0000,108.0000
733.8001,530.5501,40.3998,78.8998
560.5000,710.0000,31.0000,108.0000
754.4399,547.1899,30.1202,68.6202
766.3396,546.5896,43.3209,81.8209
568.5000,752.0000,31.0000,108.0000
568.5000,753.0000,31.0000,108.0000
568.5000,752.0000,31.0000,108.0000
576.5000,637.0000,31.0000,108.0000
577.5000,636.0000,31.0000,108.0000
593.5000,636.0000,31.0000,108.0000
593.5000,636.0000,31.0000,108.0000
624.5000,306.0000,31.0000,108.0000
626.5000,520.0000,31.0000,108.0000
624.5000,306.0000,31.0000,108.0000
624.5000,306.0000,31.0000,108.0000
624.5000,306.0000,31.0000,108.0000
624.5000,306.0000,31.0000,108.0000
624.5000,306.0000,31.0000,108.0000
624.5000,306.0000,31.0000,108.0000
624.5000,306.0000,31.0000,108.0000
624.5000,306.0000,31.0000,108.0000
624.5000,306.0000,31.0000,108.0000
624.5000,306.0000,31.0000,108.0000
624.5000,306.0000,31.0000,108.0000
624.5000,306.0000,31.0000,108.0000
624.5000,306.0000,31.0000,108.0000
624.5000,306.0000,31.0000,108.0000
624.5000,306.0000,31.0000,108.0000
624.5000,306.0000,31.0000,108.0000
624.5000,306.0000,31.0000,108.0000
624.5000,306.0000,31.0000,108.0000
624.5000,306.0000,31.0000,108.0000
624.5000,306.0000,31.0000,108.0000
624.5000,306.0000,31.0000,108.0000
624.5000,306.0000,31.0000,108.0000
624.5000,306.0000,31.0000,108.0000
624.5000,306.0000,31.0000,108.0000
624.5000,306.0000,31.0000,108.0000
624.5000,306.0000,31.0000,108.0000
624.5000,306.0000,31.0000,108.0000
624.5000,306.0000,31.0000,108.0000
624.5000,306.0000,31.0000,108.0000
624.5000,306.0000,31.0000,108.0000
624.5000,306.0000,31.0000,108.0000
624.5000,306.0000,31.0000,108.0000
624.5000,306.0000,31.0000,108.0000
624.5000,306.0000,31.0000,108.0000
624.5000,306.0000,31.0000,108.0000
624.5000,306.0000,31.0000,108.0000
624.5000,306.0000,31.0000,108.0000
624.5000,306.0000,31.0000,108.0000
624.5000,306.0000,31.0000,108.0000
624.5000,306.0000,31.0000,108.0000
624.5000,306.0000,31.0000,108.0000
624.5000,306.0000,31.0000,108.0000
624.5000,306.0000,31.0000,108.0000
624.5000,306.0000,31.0000,108.0000
624.5000,306.0000,31.0000,108.0000
624.5000,306.0000,31.0000,108.0000
624.5000,306.0000,31.0000,108.0000
624.5000,306.0000,31.0000,108.0000
624.5000,306.0000,31.0000,108.0000
624.5000,306.0000,31.0000,108.0000
624.5000,306.0000,31.0000,108.0000
602.5000,287.0000,31.0000,108.0000
577.5000,258.0000,31.0000,108.0000
568.5000,287.0000,31.0000,108.0000
624.5000,306.0000,31.0000,108.0000
511.5000,316.0000,31.0000,108.0000
511.5000,404.0000,31.0000,108.0000
624.5000,306.0000,31.0000,108.0000
446.5000,520.0000,31.0000,108.0000
624.5000,306.0000,31.0000,108.0000
446.5000,520.0000,31.0000,108.0000
437.5000,636.0000,31.0000,108.0000
437.5000,636.0000,31.0000,108.0000
430.5000,593.0000,31.0000,108.0000
430.5000,665.0000,31.0000,108.0000
430.5000,753.0000,31.0000,108.0000
413.5000,752.0000,31.0000,108.0000
413.5000,753.0000,31.0000,108.0000
413.5000,753.0000,31.0000,108.0000
413.5000,753.0000,31.0000,108.0000
413.5000,782.0000,31.0000,108.0000
413.5000,782.0000,31.0000,108.0000
413.5000,811.0000,31.0000,108.0000
405.5000,869.0000,31.0000,108.0000
397.5000,869.0000,31.0000,108.0000
397.5000,869.0000,31.0000,108.0000
397.5000,869.0000,31.0000,108.0000
380.5000,869.0000,31.0000,108.0000
380.5000,869.0000,31.0000,108.0000
380.5000,869.0000,31.0000,108.0000
364.5000,985.0000,31.0000,108.0000
372.5000,869.0000,31.0000,108.0000
348.5000,869.0000,31.0000,108.0000
364.5000,869.0000,31.0000,108.0000
364.5000,869.0000,31.0000,108.0000
315.5000,985.0000,31.0000,108.0000
347.5000,869.0000,31.0000,108.0000
331.5000,811.0000,31.0000,108.0000
798.8066,304.5566,25.3869,63.8869
315.5000,753.0000,31.0000,108.0000
315.5000,753.0000,31.0000,108.0000
306.5000,753.0000,31.0000,108.0000
783.9462,271.6962,41.1076,79.6076
282.5000,753.0000,31.0000,108.0000
782.9509,264.2009,32.0982,70.5982
282.5000,753.0000,31.0000,108.0000
274.5000,738.0000,31.0000,108.0000
677.6393,246.8893,42.7213,81.2213
258.5000,651.0000,31.0000,108.0000
671.6860,220.4360,55.6279,94.1279
249.5000,636.0000,31.0000,108.0000
249.5000,636.0000,31.0000,108.0000
249.5000,636.0000,31.0000,108.0000
241.5000,636.0000,31.0000,108.0000
234.5000,637.0000,31.0000,108.0000
679.4927,204.2426,41.0147,79.5147
681.2841,199.5341,37.4317,75.9317
673.1052,193.8552,36.7897,75.2897
666.8460,184.5960,47.3080,85.8080
672.6699,183.9199,43.6603,82.1603
673.5322,190.2822,32.9356,71.4356
668.0716,168.8216,46.8568,85.3568
676.0000,170.7500,37.0000,75.5000
676.0230,163.7730,39.9540,78.4540
676.3762,169.6261,29.2477,67.7477
184.5000,637.0000,31.0000,108.0000
675.1876,147.9376,48.6248,87.1248
673.1669,154.9169,45.6662,84.1662
675.5952,155.3452,52.8095,91.3095
665.9698,150.2198,59.0603,97.5603
656.2401,148.4901,53.5197,92.0197
655.7929,149.0429,50.4142,88.9142
656.4720,157.7220,40.0561,78.5561
672.9542,163.2042,25.0917,63.5917
176.5000,636.0000,31.0000,108.0000
664.4543,151.7044,36.0913,74.5913
175.5000,622.0000,31.0000,108.0000
168.5000,593.0000,31.0000,108.0000
168.5000,636.0000,31.0000,108.0000
152.5000,636.0000,31.0000,108.0000
648.4107,129.1607,42.1786,80.6786
649.9486,118.1986,41.1027,79.6027
151.5000,636.0000,31.0000,108.0000
662.7813,132.0313,35.4374,73.9374
151.5000,636.0000,31.0000,108.0000
151.5000,636.0000,31.0000,108.0000
151.5000,636.0000,31.0000,108.0000
151.5000,636.0000,31.0000,108.0000
151.5000,636.0000,31.0000,108.0000
151.5000,636.0000,31.0000,108.0000
151.5000,607.0000,31.0000,108.0000
151.5000,665.0000,31.0000,108.0000
167.5000,637.0000,31.0000,108.0000
151.5000,665.0000,31.0000,108.0000
168.5000,637.0000,31.0000,108.0000
167.5000,593.0000,31.0000,108.0000
168.5000,593.0000,31.0000,108.0000
168.5000,592.0000,31.0000,108.0000
184.5000,549.0000,31.0000,108.0000
176.5000,564.0000,31.0000,108.0000
184.5000,607.0000,31.0000,108.0000
184.5000,607.0000,31.0000,108.0000
633.9584,158.2084,47.0832,85.5832
642.3663,150.1163,64.2673,102.7673
643.3755,168.6256,43.2489,81.7489
624.3553,163.1053,62.2894,100.7894
608.2763,175.0263,53.4473,91.9473
631.6674,186.4174,24.6652,63.1651
201.5000,593.0000,31.0000,108.0000
217.5000,549.0000,31.0000,108.0000
233.5000,535.0000,31.0000,108.0000
233.5000,476.0000,31.0000,108.0000
249.5000,433.0000,31.0000,108.0000
249.5000,636.0000,31.0000,108.0000
266.5000,636.0000,31.0000,108.0000
282.5000,433.0000,31.0000,108.0000
298.5000,360.0000,31.0000,108.0000
410.8990,277.1490,42.2021,80.7021
315.5000,418.0000,31.0000,108.0000
315.5000,374.0000,31.0000,108.0000
331.5000,476.0000,31.0000,108.0000
517.5026,316.7526,39.9949,78.4949
364.5000,462.0000,31.0000,108.0000
380.5000,491.0000,31.0000,108.0000
380.5000,491.0000,31.0000,108.0000
397.5000,520.0000,31.0000,108.0000
413.5000,520.0000,31.0000,108.0000
413.5000,520.0000,31.0000,108.0000
624.5000,306.0000,31.0000,108.0000
624.5000,306.0000,31.0000,108.0000
624.5000,306.0000,31.0000,108.0000
624.5000,306.0000,31.0000,108.0000
624.5000,306.0000,31.0000,108.0000
503.5000,403.0000,31.0000,108.0000
527.5000,360.0000,31.0000,108.0000
528.5000,404.0000,31.0000,108.0000
544.5000,404.0000,31.0000,108.0000
561.5000,404.0000,31.0000,108.0000
569.5000,403.0000,31.0000,108.0000
624.5000,306.0000,31.0000,108.0000
577.5000,316.0000,31.0000,108.0000
624.5000,306.0000,31.0000,108.0000
609.5000,346.0000,31.0000,108.0000
610.5000,374.0000,31.0000,108.0000
626.5000,374.0000,31.0000,108.0000
634.5000,345.0000,31.0000,108.0000
642.5000,316.0000,31.0000,108.0000
643.5000,316.0000,31.0000,108.0000
624.5000,306.0000,31.0000,108.0000
624.5000,306.0000,31.0000,108.0000
624.5000,306.0000,31.0000,108.0000
624.5000,306.0000,31.0000,108.0000
624.5000,306.0000,31.0000,108.0000
624.5000,306.0000,31.0000,108.0000
624.5000,306.0000,31.0000,108.0000
624.5000,306.0000,31.0000,108.0000
624.5000,306.0000,31.0000,108.0000
624.5000,306.0000,31.0000,108.0000
624.5000,306.0000,31.0000,108.0000
624.5000,306.0000,31.0000,108.0000
624.5000,306.0000,31.0000,108.0000
624.5000,306.0000,31.0000,108.0000
624.5000,306.0000,31.0000,108.0000
624.5000,306.0000,31.0000,108.0000
624.5000,306.0000,31.0000,108.0000
624.5000,306.0000,31.0000,108.0000
624.5000,306.0000,31.0000,108.0000
624.5000,306.0000,31.0000,108.0000
624.5000,306.0000,31.0000,108.0000
624.5000,306.0000,31.0000,108.0000
624.5000,306.0000,31.0000,108.0000
624.5000,306.0000,31.0000,108.0000
624.5000,306.0000,31.0000,108.0000
624.5000,306.0000,31.0000,108.0000
624.5000,306.0000,31.0000,108.0000
624.5000,306.0000,31.0000,108.0000
624.5000,306.0000,31.0000,108.0000
624.5000,306.0000,31.0000,108.0000
624.5000,306.0000,31.0000,108.0000
624.5000,306.0000,31.0000,108.0000
624.5000,306.0000,31.0000,108.0000
624.5000,306.0000,31.0000,108.0000
624.5000,306.0000,31.0000,108.0000
624.5000,306.0000,31.0000,108.0000
642.5000,665.0000,31.0000,108.0000
624.5000,306.0000,31.0000,108.0000
634.5000,840.0000,31.0000,108.0000
634.5000,694.0000,31.0000,108.0000
634.5000,752.0000,31.0000,108.0000
634.5000,752.0000,31.0000,108.0000
626.5000,753.0000,31.0000,108.0000
761.7315,596.4815,42.5370,81.0370
789.1880,597.9380,23.6240,62.1240
610.5000,753.0000,31.0000,108.0000
609.5000,753.0000,31.0000,108.0000
593.5000,811.0000,31.0000,108.0000
593.5000,811.0000,31.0000,108.0000
577.5000,840.0000,31.0000,108.0000
577.5000,840.0000,31.0000,108.0000
569.5000,869.0000,31.0000,108.0000
569.5000,869.0000,31.0000,108.0000
568.5000,869.0000,31.0000,108.0000
839.3553,532.6053,59.2893,97.7893
870.9114,550.6614,26.1771,64.6771
568.5000,869.0000,31.0000,108.0000
568.5000,869.0000,31.0000,108.0000
568.5000,869.0000,31.0000,108.0000
568.5000,869.0000,31.0000,108.0000
568.5000,869.0000,31.0000,108.0000
561.5000,927.0000,31.0000,108.0000
569.5000,957.0000,31.0000,108.0000
544.5000,956.0000,31.0000,108.0000
544.5000,956.0000,31.0000,108.0000
973.1844,517.4344,34.6311,73.1311
970.3371,501.0871,61.3258,99.8258
973.0114,489.2614,64.9773,103.4773
977.9484,484.1985,70.1031,108.6031
980.0285,491.7785,54.9430,93.4430
978.7628,493.0128,54.4743,92.9743
987.7264,490.9764,52.5473,91.0473
527.5000,986.0000,31.0000,108.0000
511.5000,985.0000,31.0000,108.0000
1015.4750,488.7250,28.0499,66.5499
503.5000,986.0000,31.0000,108.0000
495.5000,956.0000,31.0000,108.0000
978.2743,454.5243,51.4514,89.9514
478.5000,928.0000,31.0000,108.0000
954.5308,439.2809,51.9383,90.4383
462.5000,927.0000,31.0000,108.0000
446.5000,927.0000,31.0000,108.0000
446.5000,956.0000,31.0000,108.0000
446.5000,898.0000,31.0000,108.0000
446.5000,985.0000,31.0000,108.0000
438.5000,985.0000,31.0000,108.0000
445.5000,956.0000,31.0000,108.0000
438.5000,870.0000,31.0000,108.0000
445.5000,927.0000,31.0000,108.0000
438.5000,927.0000,31.0000,108.0000
926.7301,412.4801,37.5397,76.0397
437.5000,883.0000,31.0000,108.0000
925.4271,411.6771,30.1458,68.6458
940.2273,405.4773,37.5454,76.0454
429.5000,869.0000,31.0000,108.0000
429.5000,883.0000,31.0000,108.0000
413.5000,869.0000,31.0000,108.0000
397.5000,869.0000,31.0000,108.0000
380.5000,869.0000,31.0000,108.0000
380.5000,869.0000,31.0000,108.0000
380.5000,869.0000,31.0000,108.0000
890.1431,342.8931,57.7137,96.2137
894.1477,343.3977,43.7046,82.2046
895.9307,342.1807,47.1386,85.6386
372.5000,869.0000,31.0000,108.0000
895.9340,339.1840,41.1320,79.6320
364.5000,869.0000,31.0000,108.0000
364.5000,869.0000,31.0000,108.0000
348.5000,869.0000,31.0000,108.0000
348.5000,956.0000,31.0000,108.0000
347.5000,869.0000,31.0000,108.0000
339.5000,797.0000,31.0000,108.0000
331.5000,768.0000,31.0000,108.0000
315.5000,767.0000,31.0000,108.0000
307.5000,753.0000,31.0000,108.0000
797.1215,289.8715,28.7571,67.2571
307.5000,753.0000,31.0000,108.0000
306.5000,752.0000,31.0000,108.0000
299.5000,753.0000,31.0000,108.0000
298.5000,753.0000,31.0000,108.0000
299.5000,753.0000,31.0000,108.0000
624.5000,306.0000,31.0000,108.0000
282.5000,636.0000,31.0000,108.0000
266.5000,636.0000,31.0000,108.0000
624.5000,306.0000,31.0000,108.0000
624.5000,306.0000,31.0000,108.0000
249.5000,636.0000,31.0000,108.0000
249.5000,636.0000,31.0000,108.0000
652.4387,219.6887,45.1226,83.6226
241.5000,636.0000,31.0000,108.0000
241.5000,636.0000,31.0000,108.0000
242.5000,636.0000,31.0000,108.0000
241.5000,636.0000,31.0000,108.0000
233.5000,636.0000,31.0000,108.0000
233.5000,521.0000,31.0000,108.0000
233.5000,636.0000,31.0000,108.0000
217.5000,549.0000,31.0000,108.0000
217.5000,520.0000,31.0000,108.0000
216.5000,520.0000,31.0000,108.0000
542.5814,180.8314,43.8373,82.3373
536.7500,175.5000,50.5000,89.0000
546.4713,176.2213,46.0573,84.5573
558.5250,176.7750,32.9499,71.4499
560.0638,171.8138,42.8724,81.3724
184.5000,520.0000,31.0000,108.0000
184.5000,520.0000,31.0000,108.0000
184.5000,549.0000,31.0000,108.0000
184.5000,607.0000,31.0000,108.0000
184.5000,607.0000,31.0000,108.0000
176.5000,622.0000,31.0000,108.0000
649.8756,147.1256,40.2487,78.7487
650.8796,147.1296,46.2409,84.7409
665.3815,151.6315,37.2371,75.7371
651.5689,141.8189,59.8621,98.3621
652.6240,133.3740,63.7519,102.2519
666.4503,131.7003,67.0994,105.5994
672.4538,140.7038,52.0924,90.5923
167.5000,651.0000,31.0000,108.0000
688.5693,144.3193,29.8614,68.3614
691.5066,147.2566,24.9868,63.4868
160.5000,651.0000,31.0000,108.0000
689.5258,130.2758,46.9484,85.4484
693.2292,134.9792,42.5416,81.0416
696.7609,140.5109,38.4783,76.9782
160.5000,651.0000,31.0000,108.0000
696.2750,134.5250,45.4500,83.9500
697.0218,144.7718,26.9564,65.4564
703.0216,143.7716,29.9568,68.4568
167.5000,651.0000,31.0000,108.0000
688.3549,145.1049,30.2902,68.7902
697.0335,150.7835,22.9330,61.4330
151.5000,694.0000,31.0000,108.0000
167.5000,651.0000,31.0000,108.0000
691.4271,144.1771,36.1458,74.6458
688.1482,143.8982,37.7036,76.2036
697.5334,142.2834,37.9332,76.4332
732.4822,136.7321,47.0357,85.5357
768.1490,141.3991,31.7019,70.2019
734.0374,114.7874,63.9252,102.4252
749.5739,123.8239,56.8521,95.3521
746.8078,122.5578,54.3844,92.8844
759.8374,117.5874,53.3253,91.8253
778.2709,126.0208,48.4583,86.9583
788.2831,136.0332,32.4337,70.9337
151.5000,753.0000,31.0000,108.0000
765.4213,130.1713,44.1575,82.6575
152.5000,753.0000,31.0000,108.0000
782.7632,147.5132,34.4737,72.9737
771.1334,139.3835,61.7331,100.2331
777.2262,139.9762,57.5476,96.0476
786.0798,142.3298,42.8404,81.3404
788.1910,148.4410,34.6181,73.1181
772.5875,144.8376,41.8249,80.3249
777.1453,148.3953,34.7094,73.2094
777.0442,144.7942,40.9116,79.4116
731.8864,137.6364,55.2272,93.7272
772.3505,160.1005,35.2990,73.7990
788.8702,164.1202,38.2596,76.7596
780.7878,150.0378,58.4244,96.9244
795.3312,162.0813,42.3375,80.8375
772.8149,156.5650,42.3701,80.8701
785.5911,158.8411,29.8178,68.3178
766.9114,156.6615,26.1771,64.6771
168.5000,753.0000,31.0000,108.0000
168.5000,753.0000,31.0000,108.0000
167.5000,767.0000,31.0000,108.0000
776.6240,127.3740,63.7519,102.2519
792.4659,138.2160,43.0681,81.5681
796.4083,143.6583,27.1833,65.6833
765.8591,142.1091,30.2817,68.7817
775.9070,129.6570,49.1861,87.6861
787.7562,127.5063,25.4875,63.9875
135.5000,752.0000,31.0000,108.0000
135.5000,753.0000,31.0000,108.0000
127.5000,651.0000,31.0000,108.0000
683.7693,90.5193,28.4615,66.9615
606.5862,76.8362,53.8275,92.3275
645.8666,73.1166,58.2668,96.7668
666.8608,81.6107,58.2785,96.7785
654.7712,69.5213,65.4575,103.9575
605.3361,48.0861,79.3279,117.8279
588.0631,44.8131,72.8738,111.3738
600.4319,49.1819,76.1362,114.6362
601.5013,50.7513,63.9974,102.4974
573.3126,45.0626,70.3749,108.8749
565.0272,38.2772,72.9456,111.4456
582.0210,28.2710,77.9580,116.4580
588.9782,33.7282,70.0436,108.5436
609.2206,38.9706,49.5588,88.0588
53.5000,607.0000,31.0000,108.0000
70.5000,535.0000,31.0000,108.0000
69.5000,578.0000,31.0000,108.0000
69.5000,578.0000,31.0000,108.0000
624.5000,306.0000,31.0000,108.0000
624.5000,306.0000,31.0000,108.0000
624.5000,306.0000,31.0000,108.0000
624.5000,306.0000,31.0000,108.0000
624.5000,306.0000,31.0000,108.0000
624.5000,306.0000,31.0000,108.0000
624.5000,306.0000,31.0000,108.0000
624.5000,306.0000,31.0000,108.0000
624.5000,306.0000,31.0000,108.0000
624.5000,306.0000,31.0000,108.0000
624.5000,306.0000,31.0000,108.0000
624.5000,306.0000,31.0000,108.0000
624.5000,306.0000,31.0000,108.0000
86.5000,433.0000,31.0000,108.0000
86.5000,433.0000,31.0000,108.0000
624.5000,306.0000,31.0000,108.0000
624.5000,306.0000,31.0000,108.0000
624.5000,306.0000,31.0000,108.0000
624.5000,306.0000,31.0000,108.0000
624.5000,306.0000,31.0000,108.0000
624.5000,306.0000,31.0000,108.0000
624.5000,306.0000,31.0000,108.0000
624.5000,306.0000,31.0000,108.0000
624.5000,306.0000,31.0000,108.0000
624.5000,306.0000,31.0000,108.0000
624.5000,306.0000,31.0000,108.0000
624.5000,306.0000,31.0000,108.0000
624.5000,306.0000,31.0000,108.0000
624.5000,306.0000,31.0000,108.0000
624.5000,306.0000,31.0000,108.0000
624.5000,306.0000,31.0000,108.0000
168.5000,418.0000,31.0000,108.0000
624.5000,306.0000,31.0000,108.0000
624.5000,306.0000,31.0000,108.0000
167.5000,476.0000,31.0000,108.0000
167.5000,462.0000,31.0000,108.0000
168.5000,476.0000,31.0000,108.0000
176.5000,491.0000,31.0000,108.0000
184.5000,520.0000,31.0000,108.0000
184.5000,520.0000,31.0000,108.0000
184.5000,520.0000,31.0000,108.0000
216.5000,520.0000,31.0000,108.0000
233.5000,520.0000,31.0000,108.0000
241.5000,520.0000,31.0000,108.0000
241.5000,578.0000,31.0000,108.0000
241.5000,578.0000,31.0000,108.0000
249.5000,607.0000,31.0000,108.0000
249.5000,636.0000,31.0000,108.0000
651.2085,255.4585,24.5830,63.0830
636.4795,260.7295,49.0410,87.5410
658.8337,278.5837,36.3327,74.8327
645.9262,269.6762,62.1476,100.6476
670.1991,293.9491,26.6018,65.1018
315.5000,636.0000,31.0000,108.0000
674.4252,330.6753,38.1495,76.6495
673.6336,329.3836,60.7327,99.2327
666.6278,330.8778,65.7444,104.2444
671.5150,341.2650,52.9700,91.4700
683.8895,372.1394,25.2211,63.7211
684.3441,391.0940,47.3119,85.8120
683.0983,394.8483,61.8033,100.3033
678.6477,403.8977,54.7046,93.2046
682.1876,416.4376,53.6248,92.1248
692.6669,446.4169,48.6662,87.1662
682.6336,458.3836,60.7327,99.2327
685.2101,463.4601,62.5797,101.0797
688.9183,474.1682,59.1635,97.6635
684.9504,509.2004,52.0992,90.5992
685.2212,528.4712,54.5577,93.0576
677.7712,526.5212,65.4575,103.9575
678.3911,537.1411,63.2179,101.7179
685.5651,559.8151,52.8698,91.3698
626.5000,636.0000,31.0000,108.0000
674.9254,610.6754,28.1491,66.6491
667.9947,608.7447,39.0106,77.5106
634.5000,636.0000,31.0000,108.0000
624.5000,306.0000,31.0000,108.0000
624.5000,306.0000,31.0000,108.0000
624.5000,306.0000,31.0000,108.0000
624.5000,306.0000,31.0000,108.0000
624.5000,306.0000,31.0000,108.0000
624.5000,306.0000,31.0000,108.0000
624.5000,306.0000,31.0000,108.0000
624.5000,306.0000,31.0000,108.0000
624.5000,306.0000,31.0000,108.0000
624.5000,306.0000,31.0000,108.0000
624.5000,306.0000,31.0000,108.0000
624.5000,306.0000,31.0000,108.0000
624.5000,306.0000,31.0000,108.0000
624.5000,306.0000,31.0000,108.0000
624.5000,306.0000,31.0000,108.0000
624.5000,306.0000,31.0000,108.0000
624.5000,306.0000,31.0000,108.0000
624.5000,306.0000,31.0000,108.0000
624.5000,306.0000,31.0000,108.0000
624.5000,306.0000,31.0000,108.0000
624.5000,306.0000,31.0000,108.0000
624.5000,306.0000,31.0000,108.0000
624.5000,306.0000,31.0000,108.0000
624.5000,306.0000,31.0000,108.0000
624.5000,306.0000,31.0000,108.0000
624.5000,306.0000,31.0000,108.0000
624.5000,306.0000,31.0000,108.0000
53.5000,753.0000,31.0000,108.0000
53.5000,753.0000,31.0000,108.0000
53.5000,753.0000,31.0000,108.0000
624.5000,306.0000,31.0000,108.0000
624.5000,306.0000,31.0000,108.0000
624.5000,306.0000,31.0000,108.0000
85.5000,753.0000,31.0000,108.0000
86.5000,753.0000,31.0000,108.0000
86.5000,753.0000,31.0000,108.0000
86.5000,753.0000,31.0000,108.0000
86.5000,724.0000,31.0000,108.0000
624.5000,306.0000,31.0000,108.0000
118.5000,753.0000,31.0000,108.0000
763.2126,105.9626,35.5749,74.0749
119.5000,753.0000,31.0000,108.0000
119.5000,724.0000,31.0000,108.0000
119.5000,869.0000,31.0000,108.0000
624.5000,306.0000,31.0000,108.0000
119.5000,869.0000,31.0000,108.0000
151.5000,840.0000,31.0000,108.0000
151.5000,840.0000,31.0000,108.0000
168.5000,825.0000,31.0000,108.0000
176.5000,869.0000,31.0000,108.0000
184.5000,869.0000,31.0000,108.0000
184.5000,869.0000,31.0000,108.0000
184.5000,869.0000,31.0000,108.0000
216.5000,985.0000,31.0000,108.0000
217.5000,869.0000,31.0000,108.0000
249.5000,985.0000,31.0000,108.0000
249.5000,985.0000,31.0000,108.0000
250.5000,985.0000,31.0000,108.0000
250.5000,985.0000,31.0000,108.0000
266.5000,985.0000,31.0000,108.0000
266.5000,985.0000,31.0000,108.0000
282.5000,985.0000,31.0000,108.0000
282.5000,985.0000,31.0000,108.0000
624.5000,306.0000,31.0000,108.0000
306.5000,985.0000,31.0000,108.0000
299.5000,753.0000,31.0000,108.0000
299.5000,709.0000,31.0000,108.0000
307.5000,739.0000,31.0000,108.0000
315.5000,724.0000,31.0000,108.0000
315.5000,753.0000,31.0000,108.0000
624.5000,306.0000,31.0000,108.0000
624.5000,306.0000,31.0000,108.0000
624.5000,306.0000,31.0000,108.0000
624.5000,306.0000,31.0000,108.0000
624.5000,306.0000,31.0000,108.0000
624.5000,306.0000,31.0000,108.0000
624.5000,306.0000,31.0000,108.0000
624.5000,306.0000,31.0000,108.0000
372.5000,636.0000,31.0000,108.0000
624.5000,306.0000,31.0000,108.0000
624.5000,306.0000,31.0000,108.0000
624.5000,306.0000,31.0000,108.0000
624.5000,306.0000,31.0000,108.0000
624.5000,306.0000,31.0000,108.0000
624.5000,306.0000,31.0000,108.0000
624.5000,306.0000,31.0000,108.0000
624.5000,306.0000,31.0000,108.0000
624.5000,306.0000,31.0000,108.0000
405.5000,752.0000,31.0000,108.0000
413.5000,753.0000,31.0000,108.0000
429.5000,753.0000,31.0000,108.0000
624.5000,306.0000,31.0000,108.0000
624.5000,306.0000,31.0000,108.0000
445.5000,695.0000,31.0000,108.0000
446.5000,724.0000,31.0000,108.0000
624.5000,306.0000,31.0000,108.0000
446.5000,840.0000,31.0000,108.0000
624.5000,306.0000,31.0000,108.0000
446.5000,869.0000,31.0000,108.0000
446.5000,956.0000,31.0000,108.0000
446.5000,985.0000,31.0000,108.0000
446.5000,985.0000,31.0000,108.0000
446.5000,985.0000,31.0000,108.0000
446.5000,986.0000,31.0000,108.0000
446.5000,985.0000,31.0000,108.0000
445.5000,985.0000,31.0000,108.0000
446.5000,985.0000,31.0000,108.0000
446.5000,869.0000,31.0000,108.0000
446.5000,869.0000,31.0000,108.0000
446.5000,869.0000,31.0000,108.0000
445.5000,869.0000,31.0000,108.0000
438.5000,898.0000,31.0000,108.0000
437.5000,884.0000,31.0000,108.0000
430.5000,985.0000,31.0000,108.0000
430.5000,985.0000,31.0000,108.0000
429.5000,884.0000,31.0000,108.0000
429.5000,883.0000,31.0000,108.0000
911.2876,406.0376,30.4248,68.9248
911.2934,403.0434,28.4132,66.9132
413.5000,869.0000,31.0000,108.0000
413.5000,869.0000,31.0000,108.0000
413.5000,869.0000,31.0000,108.0000
405.5000,869.0000,31.0000,108.0000
561.5000,171.0000,31.0000,108.0000
560.5000,185.0000,31.0000,108.0000
624.5000,306.0000,31.0000,108.0000
380.5000,840.0000,31.0000,108.0000
380.5000,781.0000,31.0000,108.0000
380.5000,753.0000,31.0000,108.0000
380.5000,753.0000,31.0000,108.0000
380.5000,753.0000,31.0000,108.0000
364.5000,753.0000,31.0000,108.0000
364.5000,753.0000,31.0000,108.0000
364.5000,767.0000,31.0000,108.0000
364.5000,753.0000,31.0000,108.0000
348.5000,753.0000,31.0000,108.0000
624.5000,306.0000,31.0000,108.0000
332.5000,752.0000,31.0000,108.0000
331.5000,752.0000,31.0000,108.0000
331.5000,695.0000,31.0000,108.0000
315.5000,723.0000,31.0000,108.0000
315.5000,694.0000,31.0000,108.0000
315.5000,549.0000,31.0000,108.0000
624.5000,306.0000,31.0000,108.0000
624.5000,306.0000,31.0000,108.0000
624.5000,306.0000,31.0000,108.0000
624.5000,306.0000,31.0000,108.0000
624.5000,306.0000,31.0000,108.0000
624.5000,306.0000,31.0000,108.0000
624.5000,306.0000,31.0000,108.0000
315.5000,607.0000,31.0000,108.0000
624.5000,306.0000,31.0000,108.0000
624.5000,306.0000,31.0000,108.0000
624.5000,306.0000,31.0000,108.0000
624.5000,306.0000,31.0000,108.0000
282.5000,636.0000,31.0000,108.0000
347.5000,520.0000,31.0000,108.0000
332.5000,520.0000,31.0000,108.0000
266.5000,535.0000,31.0000,108.0000
266.5000,534.0000,31.0000,108.0000
266.5000,579.0000,31.0000,108.0000
589.1104,228.8604,65.7792,104.2792
595.4301,239.6801,36.1398,74.6398
577.5084,244.2583,22.9833,61.4833
266.5000,578.0000,31.0000,108.0000
266.5000,520.0000,31.0000,108.0000
266.5000,534.0000,31.0000,108.0000
266.5000,520.0000,31.0000,108.0000
282.5000,549.0000,31.0000,108.0000
624.5000,306.0000,31.0000,108.0000
624.5000,306.0000,31.0000,108.0000
266.5000,520.0000,31.0000,108.0000
250.5000,520.0000,31.0000,108.0000
250.5000,520.0000,31.0000,108.0000
405.5000,520.0000,31.0000,108.0000
249.5000,520.0000,31.0000,108.0000
250.5000,520.0000,31.0000,108.0000
250.5000,520.0000,31.0000,108.0000
405.5000,520.0000,31.0000,108.0000
405.5000,520.0000,31.0000,108.0000
429.5000,520.0000,31.0000,108.0000
624.5000,306.0000,31.0000,108.0000
624.5000,306.0000,31.0000,108.0000
624.5000,306.0000,31.0000,108.0000
624.5000,306.0000,31.0000,108.0000
624.5000,306.0000,31.0000,108.0000
624.5000,306.0000,31.0000,108.0000
307.5000,636.0000,31.0000,108.0000
624.5000,306.0000,31.0000,108.0000
624.5000,306.0000,31.0000,108.0000
624.5000,306.0000,31.0000,108.0000
624.5000,306.0000,31.0000,108.0000
624.5000,306.0000,31.0000,108.0000
624.5000,306.0000,31.0000,108.0000
544.5000,665.0000,31.0000,108.0000
624.5000,306.0000,31.0000,108.0000
624.5000,306.0000,31.0000,108.0000
568.5000,694.0000,31.0000,108.0000
569.5000,694.0000,31.0000,108.0000
624.5000,306.0000,31.0000,108.0000
577.5000,709.0000,31.0000,108.0000
624.5000,306.0000,31.0000,108.0000
624.5000,306.0000,31.0000,108.0000
624.5000,306.0000,31.0000,108.0000
624.5000,306.0000,31.0000,108.0000
624.5000,306.0000,31.0000,108.0000
282.5000,724.0000,31.0000,108.0000
624.5000,306.0000,31.0000,108.0000
624.5000,306.0000,31.0000,108.0000
624.5000,306.0000,31.0000,108.0000
282.5000,724.0000,31.0000,108.0000
624.5000,306.0000,31.0000,108.0000
282.5000,724.0000,31.0000,108.0000
282.5000,752.0000,31.0000,108.0000
282.5000,695.0000,31.0000,108.0000
282.5000,724.0000,31.0000,108.0000
282.5000,724.0000,31.0000,108.0000
298.5000,695.0000,31.0000,108.0000
299.5000,695.0000,31.0000,108.0000
624.5000,306.0000,31.0000,108.0000
299.5000,695.0000,31.0000,108.0000
299.5000,651.0000,31.0000,108.0000
299.5000,651.0000,31.0000,108.0000
298.5000,651.0000,31.0000,108.0000
299.5000,651.0000,31.0000,108.0000
299.5000,651.0000,31.0000,108.0000
306.5000,651.0000,31.0000,108.0000
678.5418,286.2918,28.9164,67.4164
684.3129,294.5629,25.3742,63.8742
306.5000,651.0000,31.0000,108.0000
688.7308,285.4808,28.5384,67.0384
306.5000,637.0000,31.0000,108.0000
306.5000,636.0000,31.0000,108.0000
299.5000,636.0000,31.0000,108.0000
676.8505,278.1005,35.2990,73.7990
680.1465,280.8965,30.7069,69.2069
681.6445,287.8944,22.7111,61.2111
306.5000,636.0000,31.0000,108.0000
307.5000,636.0000,31.0000,108.0000
306.5000,637.0000,31.0000,108.0000
306.5000,636.0000,31.0000,108.0000
669.6808,285.9308,33.6384,72.1384
664.1355,282.3855,40.7290,79.2290
642.4555,276.2055,52.0889,90.5889
314.5000,636.0000,31.0000,108.0000
307.5000,636.0000,31.0000,108.0000
315.5000,636.0000,31.0000,108.0000
315.5000,636.0000,31.0000,108.0000
657.2361,291.4861,33.5278,72.0278
315.5000,636.0000,31.0000,108.0000
315.5000,636.0000,31.0000,108.0000
314.5000,607.0000,31.0000,108.0000
315.5000,607.0000,31.0000,108.0000
315.5000,636.0000,31.0000,108.0000
315.5000,607.0000,31.0000,108.0000
315.5000,636.0000,31.0000,108.0000
307.5000,622.0000,31.0000,108.0000
307.5000,578.0000,31.0000,108.0000
314.5000,607.0000,31.0000,108.0000
307.5000,636.0000,31.0000,108.0000
306.5000,636.0000,31.0000,108.0000
307.5000,636.0000,31.0000,108.0000
307.5000,636.0000,31.0000,108.0000
314.5000,607.0000,31.0000,108.0000
315.5000,607.0000,31.0000,108.0000
315.5000,578.0000,31.0000,108.0000
315.5000,549.0000,31.0000,108.0000
315.5000,607.0000,31.0000,108.0000
315.5000,607.0000,31.0000,108.0000
315.5000,636.0000,31.0000,108.0000
314.5000,636.0000,31.0000,108.0000
315.5000,636.0000,31.0000,108.0000
306.5000,636.0000,31.0000,108.0000
315.5000,636.0000,31.0000,108.0000
315.5000,607.0000,31.0000,108.0000
314.5000,636.0000,31.0000,108.0000
307.5000,636.0000,31.0000,108.0000
307.5000,636.0000,31.0000,108.0000
315.5000,636.0000,31.0000,108.0000
307.5000,636.0000,31.0000,108.0000
314.5000,636.0000,31.0000,108.0000
314.5000,607.0000,31.0000,108.0000
299.5000,578.0000,31.0000,108.0000
314.5000,607.0000,31.0000,108.0000
307.5000,622.0000,31.0000,108.0000
314.5000,607.0000,31.0000,108.0000
299.5000,578.0000,31.0000,108.0000
306.5000,520.0000,31.0000,108.0000
315.5000,607.0000,31.0000,108.0000
314.5000,607.0000,31.0000,108.0000
299.5000,579.0000,31.0000,108.0000
299.5000,578.0000,31.0000,108.0000
299.5000,578.0000,31.0000,108.0000
315.5000,607.0000,31.0000,108.0000
299.5000,520.0000,31.0000,108.0000
299.5000,520.0000,31.0000,108.0000
299.5000,520.0000,31.0000,108.0000
299.5000,520.0000,31.0000,108.0000
299.5000,520.0000,31.0000,108.0000
299.5000,549.0000,31.0000,108.0000
299.5000,578.0000,31.0000,108.0000
299.5000,549.0000,31.0000,108.0000
299.5000,549.0000,31.0000,108.0000
299.5000,579.0000,31.0000,108.0000
299.5000,549.0000,31.0000,108.0000
306.5000,520.0000,31.0000,108.0000
307.5000,520.0000,31.0000,108.0000
307.5000,520.0000,31.0000,108.0000
307.5000,520.0000,31.0000,108.0000
307.5000,520.0000,31.0000,108.0000
306.5000,520.0000,31.0000,108.0000
299.5000,549.0000,31.0000,108.0000
306.5000,520.0000,31.0000,108.0000
299.5000,520.0000,31.0000,108.0000
570.0000,279.7500,33.0000,71.5000
306.5000,520.0000,31.0000,108.0000
577.2500,283.5000,30.5000,69.0000
306.5000,535.0000,31.0000,108.0000
559.6009,276.3509,40.7982,79.2982
568.2283,283.4783,38.5434,77.0434
569.3127,288.0627,31.3745,69.8745
560.9822,287.2321,33.0357,71.5357
558.5446,286.2945,37.9109,76.4109
555.3441,284.0941,39.3118,77.8118
569.3218,295.0718,29.3564,67.8564
555.8901,284.6401,37.2198,75.7198
561.0342,279.7841,31.9317,70.4317
561.1262,283.3762,28.7476,67.2476
552.0658,276.3158,44.8684,83.3683
555.5364,288.2864,30.9272,69.4272
307.5000,520.0000,31.0000,108.0000
553.2858,278.0358,43.4285,81.9285
315.5000,520.0000,31.0000,108.0000
307.5000,520.0000,31.0000,108.0000
548.0135,277.2635,47.9731,86.4731
545.7770,277.0270,52.4459,90.9459
540.2768,272.5268,57.4464,95.9464
531.2262,273.9762,57.5476,96.0476
530.5129,273.2629,58.9741,97.4741
534.3021,270.0522,63.3957,101.8957
527.0121,267.7621,61.9758,100.4758
532.3361,266.5861,63.3278,101.8278
530.8695,265.1195,58.2610,96.7610
537.6856,267.9356,46.6288,85.1288
529.1876,260.9376,47.6248,86.1248
513.7571,258.5071,50.4857,88.9857
518.9193,254.1693,58.1615,96.6615
504.8171,253.5671,57.3659,95.8659
505.2195,250.4695,60.5611,99.0611
481.4243,252.1743,60.1514,98.6514
490.7378,253.9878,56.5244,95.0244
489.8078,253.5578,54.3844,92.8844
495.3691,255.6191,55.2618,93.7618
463.4251,253.6752,53.1497,91.6497
479.9923,249.2423,56.0154,94.5154
480.1602,245.9103,56.6795,95.1795
469.4367,246.6867,50.1266,88.6266
478.5272,246.7772,49.9456,88.4456
463.9678,252.7178,31.0644,69.5644
442.3377,238.0877,50.3246,88.8246
452.2843,232.0343,46.4314,84.9314
463.5301,224.7801,54.9398,93.4398
454.5931,238.3431,26.8137,65.3137
443.5163,226.7663,49.9674,88.4674
