0.409707
0.049921
0.033738
0.044959
0.046714
0.044757
0.043837
0.045057
0.042346
0.043191
0.052829
0.043022
0.042367
0.042544
0.042299
0.047099
0.042479
0.042306
0.044822
0.042126
0.042999
0.043666
0.045635
0.042252
0.043999
0.045314
0.045085
0.042351
0.042839
0.042274
0.044237
0.051428
0.038623
0.042306
0.050074
0.042124
0.044390
0.044563
0.030477
0.048275
0.042849
0.031231
0.044398
0.045008
0.034861
0.030632
0.030476
0.049059
0.031138
0.030801
0.045738
0.042380
0.053819
0.042965
0.043107
0.042868
0.043196
0.037340
0.036201
0.036201
0.048522
0.042308
0.040976
0.043101
0.044609
0.043189
0.048808
0.042721
0.046626
0.043810
0.052011
0.057522
0.035146
0.047940
0.045333
0.045038
0.043145
0.042550
0.042120
0.042928
0.042382
0.063843
0.049454
0.044895
0.043691
0.042052
0.047478
0.044304
0.042238
0.044890
0.045415
0.042559
0.043442
0.042974
0.044645
0.044877
0.043290
0.042578
0.043463
0.044579
0.042158
0.042139
0.043884
0.043412
0.043013
0.044554
0.043069
0.045135
0.054554
0.042915
0.042434
0.042258
0.043228
0.055634
0.042983
0.043828
0.046271
0.048979
0.043966
0.042242
0.042000
0.042221
0.045233
0.042722
0.046470
0.055254
0.041917
0.043005
0.042098
0.042086
0.046631
0.045275
0.042828
0.042224
0.043449
0.040410
0.040789
0.040492
0.042079
0.044103
0.042639
0.044689
0.044573
0.042041
0.043626
0.042385
0.042049
0.045009
0.042647
0.044960
0.044265
0.045072
0.041977
0.043407
0.043008
0.042900
0.041490
0.041971
0.040089
0.034734
0.036382
0.037511
0.043964
0.037566
0.037719
0.037541
0.040251
0.037468
0.040151
0.038388
0.042798
0.042993
0.042696
0.035650
0.042722
0.048633
0.042624
0.042209
0.052335
0.041992
0.046810
0.042522
0.042751
0.042119
0.042837
0.042424
0.042122
0.034960
0.049540
0.038650
0.045695
0.042469
0.044636
0.042412
0.043340
0.042385
0.043532
0.042268
0.042595
0.042284
0.043962
0.042433
0.042868
0.042900
0.042765
0.043637
0.042253
0.046792
0.042233
0.045118
0.042278
0.045024
0.036093
0.036301
0.043693
0.055540
0.042383
0.043364
0.043381
0.046687
0.044986
0.042694
0.042332
0.043988
0.041852
0.042539
0.046900
0.046114
0.043197
0.042208
0.043367
0.042966
0.042093
0.042163
0.043443
0.043408
0.042311
0.043892
0.044247
0.042197
0.043316
0.045384
0.043033
0.042783
0.042331
0.044545
0.042778
0.041540
0.042412
0.044193
0.042574
0.042355
0.042308
0.042991
0.043211
0.042535
0.042244
0.044730
0.044757
0.042316
0.044708
0.042457
0.042495
0.042563
0.042217
0.043161
0.043022
0.045349
0.044413
0.042110
0.044399
0.044344
0.043741
0.053250
0.043154
0.037553
0.042328
0.040401
0.042141
0.045057
0.043635
0.033851
0.040093
0.042859
0.040973
0.042405
0.043149
0.042073
0.032087
0.031278
0.033996
0.034934
0.033239
0.036854
0.033388
0.034916
0.035829
0.036083
0.036206
0.035558
0.038444
0.035990
0.035742
0.037204
0.039749
0.035459
0.042443
0.027163
0.028373
0.025745
0.026142
0.026116
0.027933
0.027450
0.028207
0.029334
0.027356
0.027827
0.027428
0.027087
0.027973
0.037360
0.026592
0.051636
0.040408
0.039968
0.042835
0.052501
0.058206
0.042955
0.047241
0.042391
0.041964
0.038143
0.039528
0.039396
0.041571
0.039859
0.042226
0.044208
0.042458
0.043236
0.045923
0.031478
0.030568
0.047422
0.054927
0.047471
0.042343
0.042960
0.042263
0.031358
0.042481
0.042287
0.030641
0.031162
0.032814
0.043309
0.043989
0.039888
0.042391
0.042114
0.054761
0.041830
0.042256
0.050232
0.042474
0.042190
0.042331
0.042433
0.044195
0.045366
0.042460
0.044184
0.043128
0.042963
0.043281
0.045820
0.042833
0.045748
0.042345
0.042824
0.033734
0.039375
0.042620
0.042300
0.044909
0.045168
0.042584
0.042753
0.050834
0.042834
0.045337
0.042305
0.044981
0.042648
0.043585
0.042284
0.042738
0.060498
0.042149
0.046319
0.044597
0.045273
0.042838
0.042757
0.043266
0.032166
0.050013
0.042881
0.031413
0.030873
0.042165
0.030512
0.043767
0.042246
0.042272
0.042189
0.043398
0.044197
0.041348
0.041821
0.043127
0.042220
0.033140
0.043163
0.042187
0.044286
0.043120
0.040616
0.054928
0.043730
0.041843
0.045181
0.043884
0.049549
0.042565
0.042153
0.042241
0.032871
0.042780
0.031039
0.044394
0.044322
0.042017
0.042837
0.042735
0.037627
0.042538
0.037423
0.047978
0.037031
0.036628
0.028567
0.034143
0.028317
0.039202
0.038417
0.040484
0.028501
0.027162
0.034644
0.035404
0.025618
0.026417
0.028816
0.030810
0.029611
0.025999
0.030015
0.035978
0.027558
0.034349
0.037938
0.038428
0.038713
0.040653
0.039467
0.039742
0.047967
0.042391
0.047638
0.053750
0.031545
0.032615
0.032221
0.035770
0.022573
0.026720
0.026660
0.025768
0.031108
0.027162
0.034254
0.030814
0.030043
0.030130
0.029745
0.032455
0.031374
0.032044
0.035613
0.037472
0.036064
0.038723
0.036217
0.036692
0.047045
0.037012
0.037081
0.026164
0.033047
0.036206
0.035932
0.033671
0.032255
0.025716
0.032142
0.033994
0.031456
0.031491
0.028337
0.028642
0.019861
0.018969
0.025604
0.025989
0.025865
0.024929
0.026963
0.021688
0.018956
0.019843
0.019003
0.018740
0.023211
0.019309
0.022551
0.025007
0.026182
0.026618
0.025446
0.026361
0.019254
0.020466
0.025256
0.024915
0.024867
0.028292
0.026554
0.020237
0.025085
0.021651
0.027944
0.025613
0.026136
0.025923
0.028601
0.029150
0.024965
0.026771
0.035556
0.025065
0.025019
0.030424
0.027967
0.021374
0.023611
0.021913
0.024498
0.028819
0.033402
0.022829
0.027079
0.024736
0.024895
0.031748
0.029177
0.031721
0.026952
0.028923
0.027469
0.026850
0.036435
0.030649
0.027173
0.027133
0.035941
0.030381
0.020655
0.020400
0.021473
0.026661
0.030363
0.027744
0.028208
0.027073
0.020454
0.020600
0.021023
0.023855
0.023930
0.022370
0.021097
0.030077
0.021130
0.024401
0.021800
0.021304
0.020494
0.021756
0.021637
0.022632
0.021772
0.021101
0.018602
0.020293
0.020837
0.020858
0.020036
0.021024
0.019844
0.019784
0.019852
0.020109
0.020378
0.020081
0.021216
0.020328
0.022011
0.020343
0.027304
0.020511
0.028169
0.031369
0.036887
0.032080
0.029225
0.044808
0.040291
0.036060
0.043387
0.051126
0.038538
0.046246
0.039676
0.046245
0.039935
0.036418
0.038502
0.029986
0.031576
0.033524
0.033543
0.037981
0.036724
0.040435
0.032267
0.032368
0.031480
0.031734
0.032118
0.032566
0.033081
0.035709
0.036798
0.035593
0.036341
0.037310
0.034796
0.039674
0.036665
0.037937
0.037234
0.036047
0.037808
0.035737
0.036151
0.040063
0.037514
0.036397
0.036407
0.036036
0.035595
0.036819
0.039657
0.035680
0.036898
0.042241
0.036101
0.035056
0.033356
0.034213
0.031523
0.031684
0.028614
0.029650
0.032933
0.029815
0.031134
0.037955
0.031265
0.031901
0.033162
0.035252
0.035377
0.035219
0.049365
0.037314
0.038191
0.036560
0.034137
0.035767
0.034245
0.024323
0.027098
0.037348
0.038054
0.036745
0.038649
0.038265
0.038053
0.038272
0.038965
0.036752
0.043519
0.028602
0.040140
0.037798
0.039349
0.039167
0.031611
0.042413
0.026515
0.036782
0.039680
0.037137
0.037834
0.042907
0.041713
0.042139
0.039993
0.040429
0.039666
0.039557
0.031689
0.041234
0.037816
0.039996
0.038197
0.038452
0.050188
0.037013
0.038777
0.037642
0.037045
0.044189
0.040865
0.036674
0.037326
0.037539
0.030913
0.024023
0.024564
0.046847
0.024001
0.021587
0.023898
0.025890
0.023119
0.024768
0.040232
0.023146
0.024916
0.024600
0.022876
0.023014
0.025029
0.023041
0.034404
0.025195
0.030346
0.035658
0.025490
0.028011
0.026325
0.029378
0.025313
0.027372
0.039725
0.025082
0.025330
0.027124
0.025195
0.032703
0.025286
0.025435
0.019302
0.020062
0.027036
0.022129
0.019147
0.019475
0.022022
0.019333
0.026765
0.020918
0.032651
0.031200
0.030710
0.025631
0.021018
0.023554
0.022298
0.018875
0.025887
0.017722
0.012336
0.012534
0.015177
0.013807
0.014446
0.026188
0.026559
0.024026
0.024523
0.017931
0.023784
0.019552
0.026978
0.035197
0.030664
0.013201
0.013185
0.012409
0.012245
0.015520
0.013602
0.012221
0.013976
0.032607
0.014611
0.019743
0.020981
0.020258
0.014998
0.015748
0.013203
0.012964
0.018590
0.025787
0.027117
0.029341
0.026852
0.030644
0.029486
0.019120
0.025267
0.024564
0.034912
0.028807
0.030383
0.027415
0.025882
0.031478
0.018882
0.014971
0.014230
0.014179
0.014290
0.017834
0.036917
0.031672
0.022058
0.021856
0.019407
0.024122
0.026546
0.023866
0.019400
0.025343
0.026780
0.026965
0.044609
0.027178
0.030609
0.027250
0.029885
0.028179
0.030164
0.029144
0.039183
0.027616
0.033888
0.039729
0.037674
0.029703
0.028210
0.031241
0.033920
0.037544
0.034709
0.037701
0.036570
0.039498
0.036482
0.037424
0.034151
0.034905
0.042941
0.027142
0.033140
0.029321
0.037584
0.034955
0.033769
0.036204
0.036272
0.034075
0.035722
0.034981
0.036222
0.038507
0.035812
0.035766
0.038447
0.035866
0.040203
0.022918
0.028083
0.029965
0.029131
0.039295
0.028400
0.028296
0.030054
0.029816
0.027851
0.027769
0.027565
0.029061
0.028201
0.028855
0.022758
0.020491
0.033101
0.026158
0.024858
0.026983
0.035007
0.037401
0.041935
0.020166
0.026946
0.019839
0.028168
0.028162
0.031144
0.030388
0.036574
0.028427
0.028851
0.030108
0.032765
0.027914
0.029758
0.032234
0.038417
0.047027
0.038991
0.036500
0.032623
0.033432
0.032824
0.032827
0.032843
0.045147
0.031809
0.023226
0.022622
0.023937
0.036238
0.048006
0.031188
0.030684
0.029771
0.037247
0.031941
0.031049
0.026699
0.026789
0.028307
0.029537
0.030038
0.039788
0.035350
0.038658
0.035274
0.035089
0.038146
0.033089
0.034838
0.045579
0.043243
0.031869
0.031713
0.036502
0.037934
0.031877
0.042632
0.032332
0.032900
0.032445
0.042259
0.042246
0.032410
0.026471
0.023964
0.024892
0.022902
0.023523
0.025586
0.024990
0.027527
0.032499
0.025999
0.022755
0.022521
0.018470
0.024597
0.019250
0.021700
0.029402
0.024976
0.019978
0.020330
0.023845
0.031305
0.039210
0.028383
0.023691
0.027640
0.034185
0.033603
0.027013
0.028594
0.032342
0.026715
0.021928
0.022499
0.020073
0.022831
0.022560
0.031974
0.031153
0.036361
0.036582
0.037348
0.038589
0.036580
0.028592
0.037868
0.036641
0.038374
0.038445
0.039015
0.038815
0.043328
0.038276
0.038711
0.036977
0.038891
0.039492
0.037677
0.038567
0.037270
0.038319
0.041546
0.045367
0.041585
0.026697
0.038719
0.038189
0.040644
0.037127
0.038535
0.040830
0.040752
0.040015
0.038749
0.039477
0.040109
0.031513
0.034467
0.033370
0.034439
0.031867
0.034355
0.032059
0.042114
0.031801
0.033803
0.031753
0.032761
0.034310
0.031831
0.031694
0.031588
0.031734
0.031830
0.029239
0.031330
0.029896
0.031449
0.046754
0.029384
0.033008
0.031231
0.030958
0.037219
0.030097
0.030952
0.035256
0.029963
0.030178
0.032372
0.029645
0.030163
0.031672
0.030620
0.030406
0.035755
0.045854
0.028946
0.032612
0.034171
0.038179
0.037004
0.034528
0.033367
0.034211
0.036709
0.035675
0.033894
0.033756
0.033044
0.036156
0.034209
0.033029
0.033705
0.032456
0.034925
0.019388
0.013893
0.012384
0.016626
0.012530
0.033211
0.028941
0.058918
0.027820
0.026544
0.027783
0.028872
0.022592
0.024002
0.044416
0.030504
0.035612
0.037592
0.031355
0.030323
0.031399
0.030376
0.032127
0.030618
0.024523
0.025440
0.028761
0.019777
0.014026
0.016106
0.017395
0.022321
0.016381
0.022282
0.021726
0.024816
0.018113
0.016697
0.018612
0.020685
0.020799
0.020878
0.033166
0.024046
0.021851
0.034795
0.022985
0.029279
0.040176
0.019591
0.017356
0.017439
0.019541
0.022333
0.021202
0.026094
0.033128
0.037921
0.039235
0.031096
0.020943
0.021425
0.021676
0.021313
0.023709
0.029812
0.035806
0.024720
0.038295
0.025524
0.045363
0.037454
0.034181
0.029311
0.023130
0.027351
0.016668
0.016848
0.021575
0.018201
0.019457
0.019329
0.021611
0.021503
0.021733
0.017202
0.021340
0.027110
0.020947
0.026971
0.025129
0.043300
0.038033
0.042092
0.035522
0.030321
0.033120
0.043905
0.040480
0.049948
0.042158
0.030241
0.031169
0.041726
0.027571
0.024377
0.025246
0.025620
0.025047
0.032788
0.024479
0.027404
0.026855
0.025825
0.027174
0.024469
0.026236
0.025333
0.025114
0.027177
0.024605
0.025875
0.025750
0.026144
0.027227
0.024231
0.026262
0.025601
0.029341
0.029145
0.030828
0.029397
0.028869
0.029914
0.030549
0.029804
0.030468
0.028919
0.031383
0.028940
0.029253
0.029975
0.029745
0.030312
0.030930
0.029944
0.031354
0.033594
0.029335
0.029823
0.031062
0.029621
0.029345
0.030029
0.030884
0.028299
0.031923
0.030647
0.031464
0.028507
0.029640
0.032501
0.030390
0.032206
0.034054
0.037135
0.034290
0.034695
0.042690
0.034396
0.034527
0.037786
0.029962
0.034981
0.028127
0.033332
0.033851
0.039237
0.033251
0.035585
0.031245
0.024374
0.032628
0.032580
0.026738
0.032968
0.026376
0.032341
0.033266
0.033178
0.034850
0.042101
0.050379
0.051558
0.035125
0.043461
0.049124
0.048969
0.054186
0.047614
0.048167
0.060577
0.040847
0.038352
0.053725
0.052061
0.040113
0.037477
0.031376
0.035891
0.032229
0.045483
0.032950
0.035160
0.039796
0.046591
0.050632
0.033144
0.032266
0.043744
0.043762
0.047715
0.045737
0.045308
0.055372
0.043479
0.028285
0.023916
0.029670
0.025242
0.024763
0.034200
0.031073
0.023286
0.024262
0.025426
0.024138
0.028411
0.024153
0.026129
0.024017
0.026414
0.019258
0.019602
0.026532
0.029009
0.021446
0.026646
0.028261
0.035104
0.043412
0.025784
0.025018
0.026848
0.026295
0.035932
0.050626
0.046593
0.037999
0.037844
0.040129
0.039285
0.036553
0.038199
0.038129
0.038474
0.043630
0.038240
0.035078
0.034185
0.032715
0.033801
0.034748
0.035394
0.033002
0.034772
0.035920
0.035107
0.033607
0.035363
0.037139
0.037533
0.038163
0.035950
0.037646
0.040604
0.036378
0.037077
0.037822
0.039233
0.038045
0.036005
0.036762
0.036400
0.037324
0.038242
0.036985
0.037244
0.052473
0.036132
0.036570
0.036824
0.036992
0.037474
0.038484
0.036583
0.037500
0.040969
0.031738
0.036193
0.032257
0.032875
0.033777
0.024193
0.028545
0.030845
0.024100
0.024764
0.024180
0.028613
0.023482
0.025527
0.023803
0.028088
0.023579
0.022316
0.026922
0.026207
0.026852
0.035142
0.034963
0.040609
0.035849
0.037054
0.042455
0.036906
0.037400
0.038833
0.040042
0.041661
0.040356
0.039454
0.042674
0.039331
0.034093
0.034515
0.041980
0.034447
0.033827
0.033890
0.032627
0.033187
0.032124
0.032320
0.033796
0.035334
0.034509
0.034244
0.029587
0.024656
0.026463
0.025772
0.026701
0.034693
0.034873
0.034553
0.040074
0.033680
0.034583
0.035129
0.035949
0.040149
0.034953
0.034796
0.028162
0.036755
0.042557
0.037191
0.036416
0.039678
0.040473
0.043565
0.043080
0.038477
0.034546
0.023335
0.024691
0.023665
0.025537
0.024405
0.023670
0.030069
0.026578
0.031071
0.032994
0.035636
0.025298
0.026320
0.041173
0.036888
0.032993
0.026484
0.025653
0.024851
0.025692
0.040301
0.029801
0.023957
0.029358
0.025055
0.025598
0.022094
0.025928
0.018599
0.018506
0.018425
0.023216
0.026972
0.025351
0.024818
0.026498
0.025331
0.035411
0.018540
0.036147
0.021523
0.011242
0.014431
0.027235
0.010627
0.013619
0.020953
0.012734
0.014505
0.013377
0.016234
0.013356
0.021005
0.023960
0.020597
0.022635
0.014418
0.012609
0.011923
0.013983
0.010659
0.010459
0.012310
0.013250
0.013974
0.020957
0.025400
0.017895
0.012581
0.010634
0.014867
0.017330
0.017910
0.017095
0.016493
0.015804
0.016031
0.015727
0.015789
0.023453
0.016676
0.017000
0.017538
0.016709
0.016601
0.018722
0.014642
0.015714
0.018329
0.013000
0.012824
0.022375
0.021102
0.017669
0.029223
0.028381
0.031715
0.028847
0.026674
0.024225
0.031211
0.030215
0.020036
0.018213
0.017964
0.019037
0.017683
0.020104
0.017784
0.019467
0.019091
0.025214
0.018609
0.017810
0.017980
0.027978
0.024708
0.023037
0.023721
0.029947
0.026263
0.036882
0.023119
0.022864
0.023916
0.025643
0.034711
0.024886
0.024671
0.027515
0.030225
0.024963
0.024754
0.024023
0.023392
0.023990
0.024002
0.020807
0.020859
0.036496
0.034135
0.033507
0.044424
0.028358
0.025059
0.027033
0.029724
0.028453
0.028350
0.036909
0.034494
0.028874
0.025026
0.023912
0.032887
0.038206
0.036855
0.033838
0.025230
0.021871
0.033634
0.027232
0.022674
0.028248
0.026052
0.015009
0.020598
0.019434
0.022563
0.021041
0.024647
0.031381
0.029680
0.038929
0.043717
0.025833
0.027128
0.031521
0.033163
0.021322
0.019723
0.019692
0.018833
0.018628
0.019687
0.025283
0.019122
0.018846
0.018576
0.023766
0.019162
0.018964
0.021632
0.018938
0.020007
0.023772
0.029946
0.031528
0.029658
0.034498
0.020231
0.020770
0.016761
0.025301
0.017586
0.026885
0.029944
0.019666
0.017439
0.017523
0.019829
0.019622
0.018886
0.019225
0.018877
0.021290
0.019379
0.018793
0.018744
0.029240
0.021640
0.020803
0.022456
0.020762
0.022535
0.021544
0.028569
0.026044
0.019938
0.026496
0.024415
0.026062
0.023975
0.026577
0.024141
0.025697
0.021929
0.027447
0.023733
0.025983
0.023899
0.029865
0.024527
0.023955
0.033617
0.026653
0.024517
0.025297
0.025576
0.025793
0.024316
0.023891
0.030394
0.028694
0.023901
0.023751
0.025903
0.026191
0.032353
0.030020
0.030183
0.030646
0.037553
0.031675
0.022055
0.045148
0.028611
0.033771
0.027876
0.029821
0.035188
0.032207
0.025829
0.019845
0.019202
0.037921
0.038460
0.031600
0.045986
0.042053
0.019884
0.032395
0.023490
0.036089
0.034592
0.019187
0.026987
0.019062
0.018092
0.020635
0.018461
0.018553
0.025965
0.026192
0.025083
0.026876
0.024737
0.024537
0.025571
0.025290
0.023853
0.034709
0.032168
0.036624
0.026300
0.025405
0.031100
0.023247
0.028003
0.022706
0.019217
0.024105
0.023486
0.023045
0.028649
0.014304
0.015012
0.015677
0.017443
0.014791
0.014998
0.014629
0.016732
0.018842
0.017478
0.017142
0.016747
0.018381
0.016738
0.016619
0.016735
0.018662
0.019451
0.019569
0.018741
0.018536
0.018587
0.019910
0.020755
0.019369
0.019207
0.018827
0.026045
0.021830
0.021894
0.024096
0.022626
0.023242
0.021859
0.021700
0.022218
0.028069
0.024034
0.020938
0.021040
0.025595
0.021901
0.021260
0.021846
0.021155
0.024373
0.022527
0.022111
0.021057
0.021105
0.022094
0.022281
0.023587
0.023557
0.024639
0.025784
0.027492
0.033559
0.025265
0.025327
0.025789
0.030727
0.027585
0.015079
0.015977
0.023350
0.017247
0.019886
0.016040
0.016324
0.025443
0.017192
0.018906
0.017919
0.018442
0.018327
0.019505
0.019699
0.023104
0.027447
0.024594
0.026890
0.027772
0.027796
0.026185
0.018613
0.020251
0.021013
0.020811
0.020374
0.024703
0.023109
0.024453
0.035174
0.032748
0.036841
0.027119
0.021072
0.022249
0.023381
0.026894
0.021029
0.021597
0.022333
0.022660
0.022628
0.031777
0.022637
0.030424
0.026898
0.028185
0.029679
0.028006
0.028202
0.034861
0.028366
0.028231
0.027949
0.031841
0.027460
0.027649
0.030014
0.027929
0.026986
0.027916
0.030222
0.027689
0.030716
0.030664
0.028325
0.030211
0.029767
0.031217
0.024231
0.023078
0.023269
0.023722
0.025008
0.031345
0.024381
0.026437
0.025571
0.024971
0.026414
0.033832
0.025446
0.025864
0.025160
0.027747
0.025971
0.031513
0.033991
0.032414
0.029730
0.027762
0.017265
0.019502
0.026236
0.026852
0.027074
0.025892
0.025166
0.029779
0.026269
0.028989
0.024323
0.025888
0.026136
0.027098
0.030704
0.024873
0.025607
0.025300
0.025193
0.030975
0.025341
0.025687
0.025697
0.037151
0.028321
0.032036
0.048559
0.048171
0.022444
0.028668
0.031018
0.028194
0.031497
0.033056
0.033136
0.030768
0.031018
0.031876
0.032821
0.029944
0.034931
0.030928
0.021656
0.019924
0.023550
0.031320
0.029050
0.032655
0.048964
0.029515
0.056378
0.029318
0.029013
0.045242
0.042656
0.051334
0.034607
0.030699
0.028262
0.048721
0.037288
0.032761
0.027472
0.031417
0.032981
0.046600
0.042140
0.039361
0.030878
0.031385
0.032910
0.047286
0.032720
0.030662
0.032585
0.032518
0.043033
0.024668
0.020422
0.022110
0.020925
0.019419
0.036445
0.015162
0.013421
0.017753
0.017731
0.014742
0.014910
0.014444
0.022266
0.025177
0.020023
0.020720
0.020132
0.023448
0.023927
0.018521
0.026214
0.020282
0.021574
0.019302
0.018598
0.029897
0.025197
0.028798
0.025661
0.022588
0.024246
0.023061
0.016501
0.018249
0.023664
0.019711
0.019244
0.019258
0.021778
0.037572
0.029774
0.028195
0.018853
0.019159
0.023610
0.019335
0.018634
0.018196
0.019050
0.018447
0.019747
0.020714
0.014285
0.017246
0.017266
0.022922
0.022101
0.022486
0.017224
0.017581
0.016505
0.018036
0.020831
0.019063
0.019134
0.039516
0.023130
0.023422
0.021830
0.022099
0.022620
0.019253
0.015851
0.016515
0.014797
0.013643
0.016355
0.013273
0.012992
0.013573
0.014377
0.013741
0.013921
0.014834
0.014681
0.013694
0.020449
0.023936
0.023952
0.024495
0.025287
0.024930
0.024486
0.025758
0.023813
0.023793
0.023758
0.025472
0.019917
0.019120
0.030448
0.013745
0.008511
0.010782
0.022544
0.015616
0.033482
0.017286
0.032123
0.018450
0.016569
0.015672
0.015352
0.015376
0.018508
0.016229
0.020203
0.016272
0.012524
0.016314
0.028208
0.025787
0.041738
0.029551
0.031471
0.025121
0.021351
0.014172
0.014178
0.015727
0.015484
0.020980
0.015092
0.014608
0.014529
0.014561
0.016484
0.024866
0.027553
0.014327
0.013959
0.014528
0.023847
0.016527
0.023774
0.020324
0.017778
0.019058
0.027749
0.034017
0.027948
0.025139
0.025722
0.032451
0.029531
0.030624
0.026021
0.019398
0.019005
0.018037
0.018088
0.018007
0.018007
0.020054
0.018512
0.018256
0.020659
0.018007
0.018815
0.019821
0.017716
