1
317.0012,205.5030,104.9975,106.9940
313.2058,257.7076,96.5883,98.5848
306.0663,226.0681,102.8674,104.8639
297.3607,105.3625,96.2786,98.2751
304.1459,270.6476,95.7082,97.7047
305.8985,274.4003,97.2029,99.1994
270.9175,80.4193,89.1649,91.1614
272.1932,89.6950,86.6135,88.6100
251.0631,153.0648,121.8738,123.8703
280.9626,229.4644,96.0748,98.0713
284.2304,230.2321,94.5393,96.5358
272.0877,250.5895,103.8245,105.8210
276.2932,251.2950,101.4135,103.4100
275.4420,321.9437,89.1161,91.1126
188.0845,283.0880,75.8310,79.8240
320.5658,296.5675,45.8685,47.8650
258.3245,103.3262,55.3511,57.3476
255.5509,112.5526,66.8983,68.8948
315.3163,117.8180,87.3675,89.3640
266.1717,189.6734,69.6566,71.6531
250.5813,190.5831,77.8373,79.8338
342.6497,200.1515,72.7006,74.6971
372.6823,309.6841,59.6353,61.6318
325.0845,363.0880,75.8310,79.8240
286.0845,203.0880,75.8310,79.8240
291.0845,203.0880,75.8310,79.8240
297.0845,196.0880,75.8310,79.8240
210.6196,305.6214,50.7607,52.7572
211.2328,297.2345,49.5345,51.5309
201.6639,271.6656,70.6722,72.6687
207.2955,279.2972,57.4091,59.4056
360.4311,341.9328,66.1378,68.1343
195.1049,252.6066,71.7903,73.7868
347.6451,306.6468,76.7098,78.7063
360.1414,285.1431,68.7173,70.7138
346.5073,267.0090,87.9855,89.9819
376.5793,266.5811,64.8413,66.8378
282.0845,200.0880,75.8310,79.8240
89.0845,188.0880,75.8310,79.8240
281.0845,276.0880,75.8310,79.8240
282.0845,200.0880,75.8310,79.8240
320.5383,224.5401,53.9233,55.9198
133.0845,305.0880,75.8310,79.8240
282.0845,200.0880,75.8310,79.8240
282.0845,200.0880,75.8310,79.8240
282.0845,200.0880,75.8310,79.8240
313.1570,178.1588,54.6860,56.6825
282.0845,200.0880,75.8310,79.8240
282.0845,200.0880,75.8310,79.8240
189.0974,356.5991,62.8053,64.8018
184.3589,359.3607,61.2821,63.2786
350.9919,322.9937,69.0161,71.0126
330.5735,309.5753,87.8530,89.8495
330.8290,296.8308,80.3419,82.3384
175.4866,317.4884,84.0268,86.0233
185.0006,310.0024,91.9988,93.9953
361.3116,256.8133,86.3768,88.3733
178.8090,318.3108,86.3820,88.3785
194.9481,317.9498,93.1038,95.1003
331.1938,303.6955,85.6125,87.6090
200.9218,344.4235,69.1565,71.1530
212.4720,332.9738,86.0559,88.0524
218.9410,344.4427,70.1180,72.1145
427.3927,341.3944,60.2146,62.2111
250.2868,330.7886,95.4264,97.4229
257.5379,332.5396,94.9243,96.9208
248.0309,340.0327,81.9382,83.9347
249.6606,331.1623,91.6789,93.6754
441.2786,327.7804,88.4427,90.4392
246.5423,339.0440,82.9155,84.9120
236.7673,340.2690,85.4655,87.4620
245.8351,352.8369,74.3298,76.3263
222.3211,344.3229,83.3578,85.3543
248.6840,351.1858,68.6319,70.6284
246.8062,362.3079,51.3877,53.3842
240.9628,340.9646,82.0743,84.0708
233.4211,338.9229,74.1577,76.1542
228.2979,336.2996,82.4043,84.4008
250.6437,326.1455,95.7126,97.7091
252.6888,319.1906,96.6224,98.6189
242.5298,329.0315,87.9405,89.9370
249.6976,338.1993,79.6048,81.6013
247.1478,342.1496,75.7044,77.7009
249.3045,352.8063,63.3910,65.3875
357.0845,232.0880,75.8310,79.8240
357.0845,232.0880,75.8310,79.8240
237.6930,363.1948,67.6140,69.6105
238.0661,346.0678,79.8679,81.8644
224.8142,338.8160,83.3715,85.3680
209.2976,336.2994,84.4047,86.4012
201.4246,328.9263,91.1508,93.1473
182.0687,316.0705,96.8625,98.8590
176.6267,306.6285,97.7465,99.7430
169.3059,304.8076,97.3882,99.3847
165.4991,302.0009,93.0018,94.9983
166.3475,299.3492,93.3050,95.3015
161.0980,301.0997,92.8040,94.8005
457.8186,289.3204,92.3627,94.3592
167.3093,304.3111,96.3813,98.3778
163.4379,303.9397,99.1242,101.1207
163.1797,302.6814,99.6407,101.6372
168.9175,310.4193,98.1650,100.1615
167.7933,309.7950,98.4134,100.4099
169.7932,302.7950,100.4135,102.4100
192.6385,295.6403,102.7229,104.7194
199.7622,297.2639,106.4757,108.4722
185.4236,298.9254,99.1527,101.1492
225.3941,295.8959,102.2117,104.2082
197.8173,294.8190,100.3655,102.3620
220.0167,273.0185,108.9665,110.9630
214.8771,272.3789,109.2457,111.2422
209.8373,263.3390,100.3254,102.3219
197.8553,257.8571,98.2893,100.2858
214.3459,256.8476,97.3083,99.3048
218.0235,254.5253,97.9530,99.9495
216.6240,251.6258,99.7520,101.7485
216.8173,254.8190,100.3655,102.3620
218.2173,261.7191,100.5653,102.5618
222.7031,269.7048,104.5938,106.5903
225.1569,278.6586,108.6863,110.6828
226.7240,276.7257,107.5521,109.5486
220.0727,284.0744,111.8547,113.8512
223.1460,288.1477,110.7080,112.7045
208.8165,291.8182,102.3670,104.3635
205.0515,286.0532,98.8971,100.8936
207.9467,282.4484,102.1066,104.1031
199.2933,292.2950,99.4135,101.4100
200.9577,285.4595,103.0845,105.0810
200.2074,287.7092,103.5851,105.5816
193.0464,291.0482,97.9072,99.9037
189.5527,291.5544,91.8947,93.8912
180.2282,290.7299,95.5436,97.5401
182.5466,298.5484,94.9067,96.9032
177.4777,302.9794,96.0447,98.0412
179.0159,306.5177,94.9681,96.9646
187.3836,319.3854,93.2328,95.2293
192.6297,324.6314,95.7407,97.7372
197.8465,325.8483,94.3070,96.3035
205.4509,327.9526,94.0982,96.0947
218.1805,324.6823,95.6390,97.6355
228.9503,322.4521,95.0994,97.0959
248.5423,332.5440,92.9155,94.9120
250.1675,324.6693,95.6650,97.6615
257.5832,332.5849,92.8336,94.8301
260.5400,333.0418,93.9200,95.9165
261.6320,339.6338,90.7360,92.7325
251.1224,343.1241,87.7552,89.7517
245.0344,340.5362,85.9311,87.9276
256.6195,346.1212,84.7610,86.7575
270.5970,346.0988,85.8060,87.8025
262.6235,353.1253,74.7530,76.7495
251.6707,344.1725,78.6586,80.6551
252.0729,333.0746,88.8542,90.8507
250.6651,328.6668,88.6698,90.6663
250.1242,319.6259,92.7516,94.7481
253.9322,330.4339,89.1356,91.1321
254.6812,323.1830,92.6375,94.6340
257.0608,333.0625,91.8784,93.8749
257.5422,331.5440,90.9155,92.9120
245.2972,328.2990,88.4056,90.4021
247.7155,329.2173,92.5690,94.5655
257.6240,319.6258,99.7520,101.7485
255.0825,326.5843,96.8349,98.8314
267.3194,333.3212,95.3611,97.3576
273.3744,318.3761,100.2513,102.2478
266.8346,318.8364,98.3307,100.3272
265.4036,323.4053,96.1929,98.1894
265.7986,320.8003,97.4029,99.3994
270.9545,323.9562,97.0911,99.0876
259.8133,326.3150,94.3735,96.3699
249.6131,343.6149,75.7738,77.7703
213.5496,345.0514,71.9008,73.8973
231.7645,352.7663,51.4709,53.4674
346.0845,247.0880,75.8310,79.8240
239.5298,329.0315,77.9405,79.9370
256.2017,306.7035,74.5966,76.5931
254.3318,305.3336,77.3363,79.3328
216.7647,283.7664,101.4706,103.4671
222.3414,284.3431,105.3173,107.3138
235.0707,279.0724,92.8587,94.8552
253.3188,296.8206,101.3623,103.3588
248.8835,308.8853,91.2329,93.2294
270.7598,312.7616,103.4804,105.4769
266.7741,312.2758,96.4518,98.4483
266.8036,313.3054,98.3928,100.3893
270.0422,325.5440,102.9155,104.9120
276.4610,330.9628,101.0780,103.0745
266.4862,346.9879,87.0276,89.0241
357.0845,276.0880,75.8310,79.8240
357.0845,232.0880,75.8310,79.8240
208.0452,361.0470,58.9095,60.9060
213.0686,356.0703,75.8628,77.8593
206.7936,349.7953,84.4128,86.4093
204.4200,342.9218,88.1599,90.1564
208.4175,335.9193,91.1649,93.1614
200.5523,326.5540,93.8954,95.8919
196.7455,325.2473,95.5089,97.5054
195.0620,316.5638,94.8760,96.8725
199.2282,313.7299,95.5436,97.5401
199.1502,317.1519,95.6996,97.6961
212.4472,309.9489,101.1057,103.1022
212.7094,311.2111,100.5813,102.5778
216.7933,314.7950,98.4134,100.4099
211.8190,314.8207,96.3621,98.3586
236.8596,311.8613,97.2809,99.2774
218.5887,292.5904,103.8226,105.8191
229.0663,287.0681,102.8674,104.8639
266.5466,306.5484,94.9067,96.9032
252.7932,282.7950,100.4135,102.4100
272.0178,278.0196,106.9644,108.9609
270.2756,259.7774,109.4487,111.4452
281.9702,256.4719,109.0597,111.0562
290.1013,246.1030,108.7974,110.7939
276.7231,252.2248,107.5538,109.5504
271.8562,253.3579,107.2877,109.2842
274.8027,250.8045,109.3945,111.3910
249.8398,262.8415,102.3205,104.3170
256.6387,274.6405,109.7225,111.7190
259.3719,269.8736,109.2562,111.2527
244.6736,281.6753,109.6529,111.6494
252.9773,273.4791,113.0454,115.0419
250.2773,274.2791,117.4454,119.4419
238.6901,271.6919,120.6198,122.6163
235.1040,269.6058,118.7919,120.7885
231.7840,260.2858,121.4320,123.4285
213.6781,280.1798,108.6439,110.6404
213.2506,277.7523,111.4988,113.4953
198.8066,291.8084,107.3867,109.3832
216.8027,290.3045,115.3945,117.3910
179.4138,308.9155,105.1725,107.1690
162.5820,319.0837,100.8361,102.8326
182.1675,310.1692,105.6650,107.6615
178.9900,325.9918,99.0199,101.0164
202.3014,324.8032,99.3972,101.3937
213.6718,327.1735,96.6565,98.6530
236.1550,331.1568,82.6899,84.6864
247.6756,323.6774,84.6488,86.6453
253.6900,326.1917,93.6201,95.6166
261.5470,326.5487,90.9061,92.9026
279.7699,321.7716,99.4602,101.4567
292.8289,317.8306,99.3423,101.3388
294.9604,315.4621,99.0792,101.0757
295.5516,318.5534,97.8967,99.8932
300.6698,326.1715,93.6605,95.6570
304.6900,323.1917,93.6201,95.6166
295.0589,304.0607,97.8822,99.8787
298.8019,291.8036,96.3963,98.3928
293.9311,284.4329,102.1378,104.1343
299.9062,280.9079,104.1877,106.1842
305.1732,280.6749,103.6536,105.6501
310.9220,282.9237,107.1560,109.1525
312.1553,280.1571,104.6894,106.6859
321.3078,272.3095,102.3845,104.3810
324.5587,263.5604,98.8827,100.8792
336.9729,262.4746,101.0542,103.0507
355.9564,273.9582,102.0871,104.0836
369.1794,265.6812,100.6411,102.6376
379.0464,284.0482,97.9072,99.9037
410.7068,271.2086,104.5863,106.5828
424.2922,277.2940,96.4155,98.4120
447.1675,280.6693,97.6650,99.6615
468.4977,271.9994,94.0047,96.0012
480.1676,286.6693,82.6648,84.6613
482.5483,297.5501,78.9033,80.8998
503.8557,311.8575,73.2885,75.2850
543.1768,325.6785,52.6464,54.6429
324.0845,538.0880,75.8310,79.8240
335.0845,567.0880,75.8310,79.8240
115.7001,171.2018,53.5999,55.5964
144.0845,73.0880,75.8310,79.8240
91.4631,141.9649,79.0737,81.0702
93.6678,139.1695,67.6645,69.6609
121.0550,140.5568,86.8900,88.8865
110.5554,130.5572,56.8892,58.8857
135.9267,151.4285,79.1466,81.1431
145.4177,137.9194,72.1646,74.1611
135.5778,131.5795,81.8444,83.8409
118.7322,96.7340,77.5356,79.5321
129.3198,90.8216,67.3604,69.3569
84.0845,131.0880,75.8310,79.8240
134.4333,92.4351,66.1334,68.1299
129.5762,100.5780,83.8475,85.8440
111.8354,84.3372,94.3291,96.3257
127.0379,103.5396,94.9243,96.9208
74.0845,87.0880,75.8310,79.8240
99.4259,123.9276,83.1482,85.1447
96.2387,140.7405,90.5225,92.5190
103.5051,181.5068,79.9898,81.9863
114.9489,204.4506,62.1023,64.0988
237.0845,73.0880,75.8310,79.8240
357.0845,537.0880,75.8310,79.8240
313.0845,72.0880,75.8310,79.8240
256.1747,109.6765,56.6505,58.6470
234.1257,139.1275,79.7485,81.7450
215.0007,242.0024,61.9987,63.9952
447.6721,316.1739,66.6557,68.6522
357.0845,421.0880,75.8310,79.8240
155.0845,378.0880,75.8310,79.8240
372.9239,210.4256,59.1523,61.1488
349.5531,287.5548,89.8939,91.8904
332.0472,303.0490,87.9055,89.9020
322.9410,318.4428,91.1179,93.1144
323.8485,327.8503,92.3030,94.2995
333.9477,360.4495,67.1045,69.1010
321.6906,403.1924,54.6188,56.6153
395.0845,305.0880,75.8310,79.8240
282.0845,200.0880,75.8310,79.8240
282.0845,200.0880,75.8310,79.8240
282.0845,200.0880,75.8310,79.8240
282.0845,200.0880,75.8310,79.8240
282.0845,200.0880,75.8310,79.8240
282.0845,200.0880,75.8310,79.8240
282.0845,200.0880,75.8310,79.8240
282.0845,200.0880,75.8310,79.8240
282.0845,200.0880,75.8310,79.8240
282.0845,200.0880,75.8310,79.8240
282.0845,200.0880,75.8310,79.8240
282.0845,200.0880,75.8310,79.8240
282.0845,200.0880,75.8310,79.8240
282.0845,200.0880,75.8310,79.8240
395.0845,363.0880,75.8310,79.8240
379.1683,392.6701,52.6634,54.6599
380.6823,398.6841,59.6353,61.6318
390.0845,363.0880,75.8310,79.8240
372.4376,382.9393,57.1249,59.1214
350.0759,342.5777,89.8482,91.8447
360.7989,312.8007,75.4022,77.3987
371.4356,288.9374,59.1287,61.1252
215.0845,363.0880,75.8310,79.8240
359.1732,196.6749,61.6537,63.6502
342.5542,99.5559,58.8917,60.8882
177.6000,282.1018,76.7999,78.7964
148.2520,256.2538,67.4959,69.4924
113.7188,382.2205,74.5625,76.5590
373.0845,86.0880,75.8310,79.8240
77.7202,361.2220,73.5596,75.5561
67.4177,355.9194,74.1646,76.1611
351.0845,29.0880,75.8310,79.8240
413.8135,288.8152,64.3730,66.3695
286.0845,123.0880,75.8310,79.8240
132.5051,327.5068,79.9898,81.9863
357.0845,116.0880,75.8310,79.8240
282.0845,200.0880,75.8310,79.8240
282.0845,200.0880,75.8310,79.8240
150.0845,247.0880,75.8310,79.8240
266.7922,164.7940,47.4155,49.4120
278.8311,172.8329,52.3377,54.3342
166.0845,261.0880,75.8310,79.8240
172.0845,261.0880,75.8310,79.8240
166.0845,276.0880,75.8310,79.8240
282.0845,200.0880,75.8310,79.8240
144.0845,305.0880,75.8310,79.8240
166.0845,487.0880,75.8310,79.8240
282.0845,200.0880,75.8310,79.8240
282.0845,200.0880,75.8310,79.8240
282.0845,200.0880,75.8310,79.8240
359.5692,347.5710,81.8615,83.8580
368.5495,328.0512,89.9011,91.8976
391.3340,315.8357,78.3321,80.3286
417.8190,278.8207,96.3621,98.3586
461.0715,239.5733,84.8570,86.8535
215.0845,480.0880,75.8310,79.8240
324.0845,189.0880,75.8310,79.8240
248.0845,392.0880,75.8310,79.8240
311.9977,323.9994,101.0047,103.0012
346.2173,241.7191,105.5653,107.5618
402.3822,163.8839,105.2356,107.2321
449.8760,131.3778,98.2479,100.2444
65.4315,251.4332,96.1371,98.1336
112.0631,311.0648,100.8738,102.8703
139.2953,274.2971,118.4093,120.4058
145.0602,262.0620,124.8796,126.8761
164.2496,267.7513,121.5008,123.4973
189.5694,270.5711,120.8613,122.8578
206.2953,263.2970,120.4094,122.4059
218.4736,273.9753,118.0529,120.0494
218.1718,267.6736,123.6564,125.6529
232.3614,261.3631,128.2773,130.2738
250.9798,272.9815,123.0404,125.0369
267.7631,271.7649,119.4738,121.4703
280.8709,271.8727,117.2581,119.2546
275.8045,263.8063,119.3910,121.3875
282.0430,270.0448,118.9140,120.9105
281.5454,270.5471,116.9092,118.9057
272.6831,255.1849,117.6338,119.6303
274.1689,247.6707,122.6622,124.6587
264.0006,226.0024,85.9988,87.9953
265.1691,249.6709,113.6618,115.6583
282.5060,260.0077,130.9881,132.9846
282.6134,257.6152,131.7731,133.7696
284.2653,257.7671,128.4693,130.4659
286.9783,263.4801,122.0434,124.0399
298.9527,260.9545,121.0945,123.0910
291.5679,254.0696,120.8643,122.8608
304.4221,268.4238,119.1559,121.1524
330.6448,283.1466,109.7104,111.7068
331.9807,301.4824,109.0386,111.0351
335.0422,295.0440,111.9155,113.9120
340.4192,278.9210,110.1616,112.1581
327.8939,270.8957,112.2122,114.2087
389.4798,313.9816,94.0404,96.0369
382.2668,326.7686,94.4664,96.4629
414.9757,327.4774,83.0486,85.0451
448.3027,280.8045,103.3945,105.3910
464.2991,353.3008,74.4018,76.3983
335.0845,480.0880,75.8310,79.8240
282.0845,200.0880,75.8310,79.8240
346.0845,538.0880,75.8310,79.8240
336.0845,523.0880,75.8310,79.8240
282.0845,200.0880,75.8310,79.8240
282.0845,200.0880,75.8310,79.8240
177.9447,338.4465,52.1106,54.1071
282.0845,200.0880,75.8310,79.8240
328.0512,345.0529,65.8976,67.8941
341.4129,326.4147,63.1742,65.1707
368.1235,290.6253,74.7530,76.7495
374.3913,245.3930,78.2175,80.2140
397.2215,232.7232,86.5570,88.5535
420.6451,220.6468,76.7098,78.7063
430.8700,205.8718,89.2599,91.2564
442.8803,182.8821,83.2393,85.2358
452.5512,183.0529,79.8976,81.8941
476.3647,175.8665,85.2705,87.2670
479.5173,166.0190,82.9655,84.9620
96.1048,114.1066,81.7903,83.7868
93.3638,112.3655,90.2724,92.2690
485.3218,158.8235,82.3565,84.3530
479.5668,156.5685,88.8665,90.8630
472.2582,164.7599,87.4836,89.4801
461.2826,183.2844,83.4347,85.4312
442.8719,191.8737,76.2561,78.2526
419.5398,184.0415,88.9204,90.9169
404.9487,185.9504,86.1026,88.0991
363.5398,181.0415,88.9204,90.9169
356.2576,178.2594,79.4847,81.4812
333.6682,208.1700,53.6635,55.6600
308.5828,181.5846,74.8343,76.8308
282.2534,192.7551,68.4933,70.4898
282.0845,200.0880,75.8310,79.8240
204.0845,247.0880,75.8310,79.8240
282.0845,200.0880,75.8310,79.8240
216.0845,189.0880,75.8310,79.8240
480.9121,177.9138,71.1758,73.1723
477.3340,145.3357,75.3321,77.3286
465.0583,128.0601,72.8833,74.8798
445.7010,358.7028,47.5980,49.5945
493.8152,225.8170,81.3695,83.3660
488.7971,182.7989,89.4058,91.4023
370.7752,141.7770,133.4495,135.4460
395.2934,211.2951,93.4132,95.4097
407.4235,50.9253,100.1529,102.1495
371.8652,98.8669,113.2697,115.2662
385.5394,78.5412,103.9212,105.9177
376.7933,93.7950,98.4134,100.4099
393.3324,114.3342,106.3352,108.3317
395.7930,118.2948,119.4140,121.4105
384.2513,137.7530,103.4975,105.4940
402.7843,128.2860,108.4315,110.4280
414.7789,112.2806,117.4422,119.4387
425.6293,93.6311,111.7413,113.7378
396.4395,137.4413,89.1210,91.1175
402.8820,94.8837,94.2360,96.2325
376.4195,62.4212,101.1611,103.1576
383.8835,48.8853,91.2329,93.2294
8.0845,319.0880,75.8310,79.8240
8.0845,349.0880,75.8310,79.8240
346.8465,32.8483,79.3069,81.3034
384.0631,68.5648,103.8738,105.8703
381.1750,100.6767,88.6501,90.6466
406.1179,158.1196,104.7642,106.7607
411.1745,193.6763,91.6510,93.6475
421.0073,223.5090,87.9855,89.9819
416.3231,267.3248,70.3539,72.3504
396.8351,269.8369,74.3298,76.3263
384.8541,295.3559,81.2918,83.2883
370.7942,316.7959,70.4117,72.4082
368.7148,160.7166,81.5704,83.5669
330.5071,163.5089,85.9858,87.9823
335.3542,162.3559,87.2916,89.2881
338.4691,170.9708,96.0619,98.0584
311.7282,179.2299,95.5436,97.5401
278.4383,174.9400,98.1235,100.1200
154.9271,183.9289,109.1458,111.1423
108.6168,144.6185,105.7664,107.7629
141.9563,147.4581,147.0874,149.0839
138.6622,109.6640,121.6756,123.6721
126.7673,76.2690,85.4655,87.4620
114.9479,117.9497,128.1042,130.1007
140.0752,114.0769,113.8497,115.8462
117.6804,125.6822,119.6391,121.6356
86.7506,130.7523,120.4988,122.4953
82.7535,146.2552,110.4930,112.4895
74.0159,111.5177,94.9681,96.9646
68.2834,123.7852,73.4331,75.4296
59.8844,115.8861,81.2312,83.2277
432.5679,176.5697,76.8642,78.8607
435.9182,172.4200,54.1636,56.1601
420.5422,165.5440,82.9155,84.9120
410.3113,166.3130,90.3774,92.3739
412.4176,139.9193,84.1648,86.1613
410.5503,144.5521,68.8994,70.8959
423.9571,133.4589,57.0858,59.0823
422.0640,166.0658,83.8720,85.8685
436.5803,161.0821,83.8393,85.8359
481.8320,62.3337,80.3360,82.3325
483.3167,64.3184,81.3666,83.3631
503.4356,88.4374,76.1287,78.1252
511.8053,102.3071,71.3894,73.3859
72.4249,274.9266,89.1503,91.1468
76.0483,274.5500,99.9034,101.8999
85.6712,283.1730,104.6575,106.6540
106.2177,283.7195,107.5646,109.5611
126.6979,279.6997,105.6041,107.6006
143.3147,269.3165,107.3705,109.3670
237.0845,131.0880,75.8310,79.8240
282.0845,200.0880,75.8310,79.8240
143.5423,233.5440,122.9155,124.9120
135.4621,197.9639,144.0758,146.0723
157.2582,190.2599,131.4837,133.4802
119.7933,282.7951,96.4134,98.4099
214.1535,291.6553,118.6930,120.6895
298.7408,324.2426,97.5183,99.5149
282.0845,200.0880,75.8310,79.8240
282.0845,200.0880,75.8310,79.8240
404.3134,88.8152,70.3732,72.3697
423.8898,128.3915,69.2205,71.2169
171.0845,429.0880,75.8310,79.8240
450.7506,199.7524,78.4987,80.4952
259.0845,479.0880,75.8310,79.8240
282.0845,200.0880,75.8310,79.8240
282.0845,200.0880,75.8310,79.8240
282.0845,200.0880,75.8310,79.8240
282.0845,200.0880,75.8310,79.8240
282.0845,200.0880,75.8310,79.8240
282.0845,200.0880,75.8310,79.8240
282.0845,200.0880,75.8310,79.8240
282.0845,200.0880,75.8310,79.8240
221.0845,291.0880,75.8310,79.8240
221.0845,305.0880,75.8310,79.8240
221.0845,305.0880,75.8310,79.8240
221.0845,305.0880,75.8310,79.8240
220.0845,305.0880,75.8310,79.8240
282.0845,200.0880,75.8310,79.8240
282.0845,200.0880,75.8310,79.8240
385.0845,305.0880,75.8310,79.8240
373.0845,305.0880,75.8310,79.8240
373.0845,334.0880,75.8310,79.8240
304.7922,350.7940,55.4155,57.4120
334.1816,330.6833,82.6369,84.6334
282.0845,200.0880,75.8310,79.8240
331.5441,348.5458,71.9118,73.9083
282.0845,200.0880,75.8310,79.8240
282.0845,200.0880,75.8310,79.8240
220.0845,363.0880,75.8310,79.8240
220.0845,392.0880,75.8310,79.8240
220.0845,421.0880,75.8310,79.8240
216.0845,421.0880,75.8310,79.8240
226.0845,450.0880,75.8310,79.8240
303.0845,480.0880,75.8310,79.8240
292.0845,523.0880,75.8310,79.8240
481.1347,387.1364,54.7307,56.7272
357.0845,486.0880,75.8310,79.8240
272.6844,383.1862,60.6311,62.6276
313.5623,366.5641,65.8753,67.8718
364.9987,330.5004,81.0026,82.9991
303.0845,392.0880,75.8310,79.8240
280.0845,422.0880,75.8310,79.8240
484.6201,235.6218,66.7599,68.7564
215.0845,509.0880,75.8310,79.8240
282.0845,200.0880,75.8310,79.8240
416.3774,136.3792,64.2451,66.2416
434.2289,141.7306,68.5423,70.5388
451.3798,139.8815,64.2404,66.2369
462.3748,141.3765,80.2505,82.2470
477.4635,157.9652,76.0731,78.0696
484.6031,173.6049,74.7937,76.7902
498.7950,201.7968,60.4099,62.4064
499.1859,218.1876,65.6283,67.6248
502.0455,237.0473,56.9089,58.9054
253.0845,487.0880,75.8310,79.8240
275.0845,487.0880,75.8310,79.8240
502.3019,305.8036,57.3963,59.3928
500.9030,311.4048,63.1940,65.1905
491.4268,332.4286,72.1463,74.1428
466.8320,345.3337,80.3360,82.3325
442.6881,356.1898,80.6238,82.6203
403.2673,385.2690,55.4654,57.4619
384.0845,378.0880,75.8310,79.8240
282.0845,200.0880,75.8310,79.8240
282.0845,200.0880,75.8310,79.8240
282.0845,200.0880,75.8310,79.8240
150.5650,299.5668,48.8699,50.8665
303.0845,116.0880,75.8310,79.8240
89.9415,301.4433,59.1169,61.1134
280.0845,21.0880,75.8310,79.8240
37.8019,289.8036,44.3962,46.3927
282.0845,200.0880,75.8310,79.8240
282.0845,200.0880,75.8310,79.8240
282.0845,200.0880,75.8310,79.8240
282.0845,200.0880,75.8310,79.8240
282.0845,200.0880,75.8310,79.8240
282.0845,200.0880,75.8310,79.8240
282.0845,200.0880,75.8310,79.8240
282.0845,200.0880,75.8310,79.8240
282.0845,200.0880,75.8310,79.8240
282.0845,200.0880,75.8310,79.8240
282.0845,200.0880,75.8310,79.8240
282.0845,200.0880,75.8310,79.8240
282.0845,200.0880,75.8310,79.8240
282.0845,200.0880,75.8310,79.8240
282.0845,200.0880,75.8310,79.8240
282.0845,200.0880,75.8310,79.8240
282.0845,200.0880,75.8310,79.8240
282.0845,200.0880,75.8310,79.8240
282.0845,200.0880,75.8310,79.8240
282.0845,200.0880,75.8310,79.8240
282.0845,200.0880,75.8310,79.8240
282.0845,200.0880,75.8310,79.8240
282.0845,200.0880,75.8310,79.8240
282.0845,200.0880,75.8310,79.8240
282.0845,200.0880,75.8310,79.8240
282.0845,200.0880,75.8310,79.8240
282.0845,200.0880,75.8310,79.8240
282.0845,200.0880,75.8310,79.8240
282.0845,200.0880,75.8310,79.8240
282.0845,200.0880,75.8310,79.8240
282.0845,200.0880,75.8310,79.8240
282.0845,200.0880,75.8310,79.8240
282.0845,200.0880,75.8310,79.8240
282.0845,200.0880,75.8310,79.8240
346.0845,363.0880,75.8310,79.8240
282.0845,200.0880,75.8310,79.8240
340.0845,312.0880,75.8310,79.8240
346.0845,305.0880,75.8310,79.8240
346.0845,305.0880,75.8310,79.8240
284.7949,350.2967,61.4102,63.4067
282.0845,200.0880,75.8310,79.8240
247.4395,310.4413,89.1210,91.1175
235.8243,314.3261,94.3513,96.3478
211.8858,308.3876,85.2283,87.2248
203.8259,305.3276,84.3482,86.3447
184.3360,313.3377,79.3281,81.3246
168.2048,308.2065,86.5904,88.5869
172.6107,307.1125,90.7785,92.7750
169.6115,309.6133,84.7770,86.7735
171.1391,305.6409,90.7217,92.7182
166.7744,307.7762,90.4512,92.4477
175.4590,305.9608,89.0819,91.0784
202.3883,308.8900,89.2234,91.2199
201.2048,312.2065,86.5904,88.5869
214.6600,312.1618,87.6799,89.6764
232.6079,293.1096,98.7842,100.7807
268.8173,295.3190,75.3655,77.3620
259.5422,300.5440,90.9155,92.9120
278.2922,294.2940,108.4155,110.4120
297.5651,293.5668,111.8699,113.8664
311.9006,280.9024,112.1987,114.1952
364.6217,337.1234,89.7566,91.7531
374.3339,263.3357,123.3321,125.3286
415.0105,218.0123,98.9790,100.9755
432.4318,216.4336,86.1363,88.1328
454.6437,325.1455,95.7126,97.7091
467.7048,234.2065,81.5904,83.5869
129.9298,321.4315,59.1405,61.1370
155.6034,315.6052,82.7931,84.7896
211.5266,303.5284,97.9467,99.9432
218.5281,295.0299,99.9437,101.9402
101.5579,308.5596,73.8842,75.8807
159.9250,246.4268,88.1499,90.1465
221.8340,265.3357,81.3321,83.3286
223.7365,280.7383,107.5269,109.5234
216.5619,278.0637,107.8762,109.8727
180.3299,275.3316,104.3403,106.3368
227.2513,277.2531,97.4974,99.4939
248.7923,269.7940,99.4155,101.4120
279.1237,207.6254,77.7527,79.7492
314.2990,288.8008,121.4020,123.3985
320.2514,311.7531,91.4972,93.4937
275.1092,322.6110,80.7816,82.7781
265.6634,308.1651,98.6732,100.6697
264.9389,313.9407,99.1221,101.1186
271.2993,316.8010,100.4015,102.3980
269.7256,307.7273,104.5488,106.5453
263.3008,333.8025,89.3985,91.3950
249.4019,279.4037,98.1961,100.1926
254.3912,290.3929,109.2177,111.2142
257.6692,285.6709,110.6616,112.6581
261.6675,307.1693,103.6650,105.6615
266.8345,288.8363,110.3310,112.3275
260.3460,285.3477,112.3080,114.3045
266.1132,310.6150,104.7736,106.7701
267.2958,302.2975,108.4084,110.4049
272.3391,314.3408,103.3219,105.3184
248.9742,303.9760,105.0516,107.0481
265.8340,315.3357,87.3321,89.3286
243.8173,299.8190,100.3655,102.3620
236.2467,280.2484,106.5067,108.5032
225.9502,269.4519,118.0997,120.0962
234.1029,308.1046,102.7942,104.7907
258.2263,305.7280,99.5475,101.5440
308.0845,291.0880,75.8310,79.8240
291.0195,326.0213,59.9609,61.9574
297.0845,290.0880,75.8310,79.8240
271.5422,309.0440,82.9155,84.9120
300.4649,313.9666,46.0703,48.0668
330.9441,226.4458,85.1119,87.1084
357.0873,225.0890,87.8254,89.8219
378.3567,219.8584,89.2867,91.2832
420.1476,221.1493,84.7049,86.7014
449.4506,207.9523,87.0988,89.0953
473.3165,215.3182,84.3671,86.3636
471.6627,210.1645,89.6746,91.6711
493.9675,217.4693,58.0649,60.0614
282.0845,200.0880,75.8310,79.8240
282.0845,200.0880,75.8310,79.8240
370.4396,306.9414,72.1208,74.1173
392.9176,273.9194,80.1648,82.1613
379.9935,318.4952,102.0131,104.0096
367.7405,329.2422,99.5191,101.5156
385.2094,339.7111,97.5812,99.5777
406.0368,361.0386,83.9264,85.9229
430.4784,366.4801,81.0432,83.0397
457.2588,372.7606,73.4823,75.4788
476.0615,330.0632,89.8770,91.8735
73.0845,348.0880,75.8310,79.8240
282.0845,200.0880,75.8310,79.8240
357.0845,421.0880,75.8310,79.8240
433.9757,334.4774,83.0486,85.0451
302.0845,450.0880,75.8310,79.8240
280.0845,451.0880,75.8310,79.8240
282.0845,200.0880,75.8310,79.8240
448.0422,226.0440,61.9155,63.9120
282.0845,200.0880,75.8310,79.8240
424.9177,186.4194,76.1647,78.1612
237.0845,567.0880,75.8310,79.8240
242.0845,567.0880,75.8310,79.8240
215.0845,363.0880,75.8310,79.8240
215.0845,480.0880,75.8310,79.8240
215.0845,450.0880,75.8310,79.8240
245.3113,270.3131,67.3773,69.3738
346.0845,480.0880,75.8310,79.8240
204.0845,363.0880,75.8310,79.8240
327.6757,175.1774,54.6487,56.6452
485.9732,49.4750,85.0536,87.0501
463.0700,40.5718,82.8599,84.8564
466.0467,182.5485,93.9066,95.9031
448.8217,175.3235,99.3565,101.3530
426.6739,166.6756,96.6522,98.6487
409.5507,169.5525,96.8986,98.8951
393.4253,161.4271,94.1494,96.1459
391.0056,149.5074,95.9887,97.9852
367.9368,140.9385,93.1265,95.1230
359.1525,142.1542,87.6950,89.6915
329.5474,122.5491,86.9053,88.9018
234.2137,83.2154,113.5726,115.5691
294.7922,102.7940,89.4155,91.4120
210.4610,319.9628,81.0780,83.0745
297.8107,119.8125,68.3786,70.3751
254.1949,89.6967,83.6101,85.6066
251.5748,88.5766,85.8503,87.8469
251.3147,92.3165,82.3705,84.3670
249.5627,92.5644,86.8747,88.8712
251.2061,95.7078,86.5879,88.5844
248.2744,92.7761,90.4512,92.4477
229.5746,84.0763,95.8508,97.8473
239.8883,84.3901,89.2234,91.2199
228.0006,80.5024,91.9988,93.9953
225.2558,80.7575,94.4885,96.4850
222.4370,74.9387,102.1261,104.1226
255.9175,84.9193,96.1650,98.1615
277.8652,90.8669,89.2697,91.2662
255.0423,91.0440,91.9155,93.9120
247.7580,83.7597,94.4840,96.4805
259.0623,91.0640,87.8755,89.8720
260.6677,125.1695,71.6646,73.6611
249.7757,124.2774,79.4486,81.4451
206.6676,164.1694,80.6648,82.6613
196.5646,165.0663,93.8708,95.8673
172.0434,184.0451,94.9133,96.9098
186.0070,200.5088,115.9860,117.9825
175.9782,198.9799,116.0436,118.0401
126.1305,207.6322,98.7390,100.7355
93.1379,211.1397,90.7241,92.7206
72.0001,214.0019,80.9997,82.9962
93.7410,51.2427,85.5180,87.5145
69.2496,49.7514,80.5007,82.4972
44.0553,59.0571,80.8893,82.8858
144.0110,187.5128,85.9780,87.9745
120.9264,195.4282,94.1472,96.1437
108.5341,221.5358,98.9319,100.9284
93.9487,261.9504,86.1026,88.0991
131.8050,210.3068,111.3900,113.3865
134.5819,213.0836,97.8363,99.8328
305.7269,304.2287,69.5462,71.5427
357.0845,283.0880,75.8310,79.8240
106.8304,368.3322,49.3392,51.3357
282.0845,200.0880,75.8310,79.8240
282.0845,200.0880,75.8310,79.8240
282.0845,200.0880,75.8310,79.8240
282.0845,200.0880,75.8310,79.8240
282.0845,200.0880,75.8310,79.8240
282.0845,200.0880,75.8310,79.8240
282.0845,200.0880,75.8310,79.8240
282.0845,200.0880,75.8310,79.8240
528.5244,365.0262,44.9511,46.9476
516.3845,358.3862,62.2311,64.2276
508.4216,348.9234,70.1568,72.1533
510.2388,349.2405,69.5225,71.5190
504.8958,342.8976,72.2084,74.2049
513.1930,346.6948,67.6140,69.6105
529.9113,354.4130,56.1775,58.1740
346.0845,538.0880,75.8310,79.8240
282.0845,200.0880,75.8310,79.8240
282.0845,200.0880,75.8310,79.8240
282.0845,200.0880,75.8310,79.8240
282.0845,200.0880,75.8310,79.8240
282.0845,200.0880,75.8310,79.8240
282.0845,200.0880,75.8310,79.8240
72.0686,208.0703,75.8628,77.8593
87.8601,166.3619,79.2797,81.2762
105.6180,162.6197,80.7641,82.7606
126.0326,166.0344,89.9347,91.9312
141.5275,175.5293,88.9449,90.9414
164.7442,175.2460,83.5116,85.5080
183.4714,176.4732,90.0571,92.0536
195.6283,185.6301,93.7434,95.7399
205.3089,185.3107,90.3822,92.3787
233.0320,177.5338,86.9359,88.9324
245.8306,180.3324,88.3387,90.3352
253.9810,174.4827,93.0381,95.0346
260.0717,179.0735,90.8565,92.8530
271.3686,175.3703,90.2629,92.2594
283.6163,175.1181,86.7673,88.7638
306.0177,174.5195,93.9646,95.9611
327.3810,164.3828,108.2380,110.2345
330.2082,166.2099,111.5837,113.5802
339.0945,173.0963,110.8110,112.8075
342.3333,177.8351,109.3333,111.3298
291.9488,217.9505,70.1025,72.0990
282.3662,221.3680,68.2676,70.2641
277.2940,223.2958,73.4120,75.4085
277.7993,226.8010,73.4014,75.3979
275.9210,226.4228,75.1580,77.1544
277.3197,228.3214,74.3607,76.3572
282.5883,219.5900,71.8235,73.8200
285.7037,217.2055,72.5926,74.5891
290.1788,219.6806,71.6423,73.6388
295.8096,218.8113,70.3809,72.3774
304.9969,218.4986,71.0063,73.0028
312.3898,218.3915,69.2205,71.2169
318.5726,218.5743,70.8548,72.8513
326.1711,219.6728,74.6578,76.6543
335.2940,221.2958,73.4120,75.4085
352.4177,220.9195,71.1646,73.1611
367.0583,222.0601,72.8833,74.8798
378.1779,241.1796,80.6443,82.6408
403.6965,272.6982,87.6070,89.6035
407.6949,277.1967,83.6101,85.6066
486.6959,283.1977,64.6082,66.6047
438.5066,259.0083,79.9869,81.9834
478.7198,274.7216,78.5603,80.5568
505.2269,235.7287,69.5462,71.5427
540.8875,222.8893,54.2250,56.2215
220.0845,567.0880,75.8310,79.8240
282.0845,200.0880,75.8310,79.8240
282.0845,200.0880,75.8310,79.8240
282.0845,200.0880,75.8310,79.8240
282.0845,200.0880,75.8310,79.8240
282.0845,200.0880,75.8310,79.8240
282.0845,200.0880,75.8310,79.8240
357.0845,174.0880,75.8310,79.8240
357.0845,203.0880,75.8310,79.8240
282.0845,200.0880,75.8310,79.8240
162.8743,360.8761,65.2514,67.2479
341.0845,167.0880,75.8310,79.8240
247.4233,348.4250,61.1534,63.1499
341.0845,429.0880,75.8310,79.8240
467.4740,339.4758,70.0519,72.0484
282.0845,200.0880,75.8310,79.8240
232.0845,348.0880,75.8310,79.8240
335.0845,116.0880,75.8310,79.8240
480.5902,330.5920,67.8195,69.8160
486.8139,326.3157,75.3721,77.3686
506.0444,303.0461,66.9112,68.9077
504.9180,296.4197,59.1640,61.1605
494.2059,272.7077,70.5881,72.5846
138.7289,203.2306,68.5423,70.5388
132.4718,215.9736,61.0564,63.0529
117.1727,210.6745,63.6546,65.6511
442.5551,290.5568,76.8898,78.8864
429.6933,307.1951,81.6133,83.6098
507.7744,346.7762,76.4512,78.4477
479.2317,347.7334,88.5366,90.5331
466.5219,350.5236,86.9563,88.9528
461.3349,354.8366,83.3303,85.3268
446.6823,366.1840,80.6355,82.6320
430.7731,379.2749,80.4537,82.4502
405.9846,376.4864,77.0307,79.0272
389.6000,375.6018,76.7999,78.7964
366.7174,381.2191,75.5652,77.5617
348.8162,395.3180,61.3676,63.3641
330.1291,393.1308,63.7418,65.7383
321.9001,396.9019,66.1998,68.1963
294.4857,398.4875,70.0286,72.0251
301.0736,421.0754,45.8528,47.8493
401.0845,290.0880,75.8310,79.8240
417.0845,276.0880,75.8310,79.8240
357.0845,247.0880,75.8310,79.8240
390.0845,247.0880,75.8310,79.8240
282.0845,200.0880,75.8310,79.8240
282.0845,200.0880,75.8310,79.8240
282.0845,200.0880,75.8310,79.8240
283.8638,394.8656,69.2723,71.2688
290.8142,371.8160,83.3715,85.3680
284.7973,343.7990,87.4054,89.4019
257.9012,288.9029,95.1977,97.1942
264.2967,267.2984,94.4066,96.4032
253.6196,216.6214,92.7607,94.7572
256.4199,210.4216,91.1602,93.1567
265.0892,210.0909,85.8217,87.8182
278.5130,203.0148,84.9740,86.9705
285.3866,196.3883,80.2268,82.2233
300.5550,200.0568,86.8900,88.8865
291.8141,183.8159,89.3718,91.3683
297.1706,181.6724,79.6588,81.6553
294.5712,157.5730,91.8576,93.8541
289.9175,142.4193,94.1649,96.1614
278.7933,120.7951,96.4134,98.4099
272.1871,98.6889,101.6258,103.6223
227.4899,306.9916,100.0202,102.0167
241.4770,198.9788,82.0460,84.0425
219.0339,159.5357,67.9322,69.9287
206.4357,201.9374,59.1287,61.1252
340.0845,399.0880,75.8310,79.8240
136.9425,304.4443,73.1149,75.1114
123.6744,287.1761,92.6512,94.6477
120.0434,292.0452,90.9131,92.9096
151.8589,43.8607,46.2821,48.2786
148.8652,36.8669,65.2697,67.2662
199.9174,177.9192,118.1651,120.1616
291.0845,247.0880,75.8310,79.8240
187.2514,321.7531,91.4972,93.4937
165.1886,334.6903,79.6228,81.6193
129.0716,320.0734,86.8568,88.8533
128.0536,293.5554,92.8928,94.8893
128.9694,257.9712,86.0611,88.0576
105.8821,243.3838,87.2359,89.2324
108.7001,204.7018,93.5999,95.5964
131.5464,213.5481,98.9073,100.9038
97.6548,233.6565,86.6905,88.6870
259.0845,108.0880,75.8310,79.8240
282.0845,200.0880,75.8310,79.8240
132.4022,120.4039,74.1957,76.1922
282.0845,200.0880,75.8310,79.8240
80.1579,158.1596,89.6842,91.6807
83.0423,171.0440,77.9155,79.9120
98.3304,161.8322,49.3392,51.3357
269.0845,72.0880,75.8310,79.8240
95.0845,138.0880,75.8310,79.8240
122.0736,208.0754,45.8528,47.8493
116.9046,149.4064,86.1908,88.1873
87.9734,301.9751,96.0533,98.0498
138.2937,319.7954,82.4127,84.4092
143.5320,317.0338,86.9359,88.9324
152.5635,311.5653,84.8729,86.8694
157.9175,309.4193,92.1649,94.1614
324.0845,189.0880,75.8310,79.8240
142.5410,183.5428,87.9180,89.9145
138.5892,196.5910,65.8216,67.8181
263.4643,242.9660,78.0714,80.0679
284.9563,229.4581,83.0874,85.0839
296.7464,273.2482,77.5072,79.5037
308.7405,194.2422,99.5191,101.5156
272.2856,214.2874,94.4288,96.4253
237.0845,421.0880,75.8310,79.8240
416.7809,112.2826,54.4382,56.4347
438.6116,104.6134,65.7768,67.7733
373.8117,162.8135,121.3766,123.3731
378.9535,171.9552,128.0931,130.0896
370.6976,248.1994,116.6048,118.6013
414.1432,238.1450,60.7135,62.7100
456.4180,248.9198,58.1640,60.1605
470.8495,277.3513,91.3009,93.2974
473.4681,293.9698,75.0639,77.0603
453.9249,65.4266,89.1503,91.1468
315.7072,184.2089,69.5857,71.5822
331.6606,165.1623,91.6789,93.6754
331.7526,188.7543,80.4948,82.4913
522.0895,114.0913,78.8209,80.8174
522.6180,109.6197,80.7641,82.7606
485.4910,201.4928,66.0180,68.0145
477.3383,214.8401,85.3233,87.3198
483.8710,281.3727,86.2580,88.2545
139.0845,509.0880,75.8310,79.8240
529.5569,117.5587,54.8861,56.8826
106.0845,538.0880,75.8310,79.8240
554.8965,109.3982,49.2071,51.2036
309.7409,221.2426,63.5182,65.5147
307.7120,220.7137,67.5761,69.5726
314.1725,221.1742,76.6550,78.6515
329.7871,216.7889,74.4258,76.4223
342.0422,218.0440,67.9155,69.9120
348.6718,210.6736,68.6563,70.6529
364.4425,206.9443,73.1149,75.1114
386.0496,210.5514,71.9008,73.8973
411.9643,204.4661,70.0714,72.0679
435.7750,196.7768,81.4500,83.4465
447.4980,184.9998,86.0040,88.0005
457.2549,200.7567,76.4901,78.4866
470.1610,208.1628,75.6779,77.6744
490.5369,202.0387,84.9261,86.9226
518.7120,197.7137,74.5761,76.5726
550.9189,218.4207,47.1621,49.1586
204.0845,567.0880,75.8310,79.8240
204.0845,567.0880,75.8310,79.8240
282.0845,200.0880,75.8310,79.8240
282.0845,200.0880,75.8310,79.8240
282.0845,200.0880,75.8310,79.8240
282.0845,200.0880,75.8310,79.8240
282.0845,200.0880,75.8310,79.8240
282.0845,200.0880,75.8310,79.8240
282.0845,200.0880,75.8310,79.8240
282.0845,200.0880,75.8310,79.8240
282.0845,200.0880,75.8310,79.8240
282.0845,200.0880,75.8310,79.8240
282.0845,200.0880,75.8310,79.8240
282.0845,200.0880,75.8310,79.8240
282.0845,200.0880,75.8310,79.8240
282.0845,200.0880,75.8310,79.8240
282.0845,200.0880,75.8310,79.8240
282.0845,200.0880,75.8310,79.8240
282.0845,200.0880,75.8310,79.8240
282.0845,200.0880,75.8310,79.8240
282.0845,200.0880,75.8310,79.8240
282.0845,200.0880,75.8310,79.8240
282.0845,200.0880,75.8310,79.8240
282.0845,200.0880,75.8310,79.8240
183.0845,102.0880,75.8310,79.8240
282.0845,200.0880,75.8310,79.8240
282.0845,200.0880,75.8310,79.8240
282.0845,200.0880,75.8310,79.8240
535.3567,55.8584,56.2867,58.2832
507.7423,46.7441,75.5154,77.5119
483.7126,46.2143,79.5748,81.5713
459.1138,37.6156,79.7724,81.7689
446.7120,40.7137,67.5761,69.5726
47.0845,421.0880,75.8310,79.8240
282.0845,200.0880,75.8310,79.8240
282.0845,200.0880,75.8310,79.8240
282.0845,200.0880,75.8310,79.8240
282.0845,200.0880,75.8310,79.8240
282.0845,200.0880,75.8310,79.8240
345.3185,64.3202,59.3631,61.3596
282.0845,200.0880,75.8310,79.8240
95.0845,465.0880,75.8310,79.8240
510.8652,117.8669,65.2697,67.2662
498.1930,114.6948,67.6140,69.6105
95.0845,479.0880,75.8310,79.8240
8.0845,319.0880,75.8310,79.8240
282.0845,200.0880,75.8310,79.8240
8.0845,305.0880,75.8310,79.8240
8.0845,312.0880,75.8310,79.8240
346.0867,3.5884,68.8267,70.8232
8.0845,291.0880,75.8310,79.8240
8.0845,305.0880,75.8310,79.8240
402.2077,81.7095,84.5845,86.5810
447.1400,102.1418,101.7199,103.7164
453.0595,132.5612,95.8810,97.8775
475.8970,160.8987,77.2061,79.2026
483.3412,175.3429,58.3177,60.3142
487.7634,14.2652,70.4731,72.4696
438.8311,154.3329,97.3377,99.3342
438.9798,145.9816,103.0404,105.0369
414.5145,159.5162,82.9710,84.9675
376.1258,97.1275,79.7485,81.7450
8.0845,290.0880,75.8310,79.8240
321.5570,45.5587,54.8861,56.8826
312.4377,64.9394,63.1246,65.1211
116.0845,305.0880,75.8310,79.8240
282.0845,200.0880,75.8310,79.8240
30.0845,174.0880,75.8310,79.8240
359.5723,113.5741,89.8554,91.8519
360.3804,106.3822,95.2391,97.2356
314.7188,156.2205,142.5625,144.5590
323.1791,86.6808,102.6418,104.6383
269.9585,198.4602,117.0830,119.0795
238.2640,307.7658,84.4719,86.4684
195.2468,145.2486,98.5063,100.5028
227.8429,138.8447,98.3142,100.3107
210.5266,120.5284,97.9467,99.9432
160.6502,114.1520,95.6996,97.6961
117.0845,189.0880,75.8310,79.8240
245.1053,22.1071,44.7894,46.7859
148.9904,111.4922,91.0192,93.0157
134.6606,109.1623,91.6789,93.6754
105.7094,124.2111,100.5813,102.5778
102.9476,268.4494,100.1047,102.1012
108.7380,292.2398,87.5240,89.5205
122.1135,90.6152,95.7731,97.7696
125.0338,93.5355,96.9324,98.9289
115.0323,77.5341,100.9353,102.9318
120.0351,67.0369,116.9297,118.9262
137.7888,46.2905,128.4224,130.4189
149.3017,63.3034,104.3967,106.3932
191.3224,66.3242,108.3552,110.3517
166.5523,120.0541,99.8953,101.8918
155.3390,131.3408,103.3219,105.3184
158.9328,143.4346,103.1344,105.1309
171.0740,176.0757,102.8520,104.8485
215.5473,216.0490,87.9055,89.9020
219.3379,277.8396,80.3242,82.3207
264.0094,283.5111,75.9812,77.9777
244.5592,291.5609,96.8816,98.8781
261.1418,297.1436,98.7164,100.7129
281.3562,275.8579,107.2877,109.2842
86.0423,188.5440,91.9155,93.9120
353.1926,320.1944,97.6147,99.6112
393.9904,306.4922,91.0192,93.0157
106.4738,217.9755,100.0524,102.0489
307.9669,108.4686,91.0662,93.0627
330.9486,112.4504,98.1027,100.0992
146.4873,232.9891,88.0254,90.0219
164.7606,209.2624,75.4788,77.4753
414.7638,76.7655,88.4724,90.4689
441.5472,99.0490,87.9055,89.9020
491.1379,285.1397,90.7241,92.7206
499.6084,290.6101,90.7833,92.7798
508.0948,292.5965,68.8105,70.8070
487.7659,257.2676,73.4683,75.4648
266.1678,210.1695,69.6645,71.6610
486.6913,201.6930,77.6175,79.6140
283.0931,219.5949,69.8138,71.8103
274.3138,231.3155,84.3725,86.3690
279.2306,221.7323,79.5388,81.5353
271.6676,229.1693,86.6649,88.6614
268.7226,230.2244,85.5548,87.5513
299.0936,225.0954,48.8127,50.8092
299.1831,219.6849,54.6338,56.6303
289.7784,218.2801,60.4433,62.4398
293.1236,230.1253,44.7529,46.7494
231.5972,214.5990,78.8056,80.8021
266.9031,218.9049,72.1938,74.1903
478.3148,239.8166,68.3704,70.3669
448.0845,359.0863,74.8309,76.8274
421.5667,333.5684,78.8667,80.8632
379.6385,208.6403,102.7229,104.7194
381.9852,215.9870,107.0295,109.0260
385.8641,214.8659,108.2717,110.2682
376.3446,237.8463,108.3108,110.3073
436.8199,265.8217,94.3602,96.3567
264.0845,436.0880,75.8310,79.8240
486.9415,355.4433,59.1169,61.1134
500.5501,325.5518,61.8999,63.8964
99.3820,84.3837,55.2360,57.2325
139.7940,74.7957,74.4121,76.4086
153.2620,60.7638,85.4760,87.4725
95.0845,218.0880,75.8310,79.8240
95.0845,247.0880,75.8310,79.8240
496.8570,199.8588,53.2859,55.2824
282.0845,200.0880,75.8310,79.8240
57.0845,371.0880,75.8310,79.8240
453.2720,15.2738,56.4560,58.4525
8.0845,479.0880,75.8310,79.8240
282.0845,200.0880,75.8310,79.8240
282.0845,200.0880,75.8310,79.8240
62.0845,284.0880,75.8310,79.8240
314.7873,49.2890,75.4255,77.4220
338.9432,64.9450,48.1135,50.1100
381.1823,65.6841,88.6353,90.6318
380.4441,64.9458,85.1119,87.1084
415.5523,63.5540,93.8954,95.8919
436.0160,74.5177,94.9681,96.9646
447.6741,65.1759,94.6517,96.6482
471.7705,71.2722,92.4591,94.4556
493.8173,77.3191,50.3654,52.3619
282.0845,200.0880,75.8310,79.8240
282.0845,200.0880,75.8310,79.8240
282.0845,200.0880,75.8310,79.8240
282.0845,200.0880,75.8310,79.8240
282.0845,200.0880,75.8310,79.8240
282.0845,200.0880,75.8310,79.8240
282.0845,200.0880,75.8310,79.8240
557.5422,131.0440,46.9155,48.9120
282.0845,200.0880,75.8310,79.8240
550.3136,146.8154,58.3728,60.3693
161.0845,538.0880,75.8310,79.8240
282.0845,200.0880,75.8310,79.8240
282.0845,200.0880,75.8310,79.8240
282.0845,200.0880,75.8310,79.8240
282.0845,200.0880,75.8310,79.8240
139.0845,494.0880,75.8310,79.8240
493.6230,157.6248,75.7540,77.7505
545.3015,284.3033,78.3970,80.3935
482.7620,106.2638,85.4760,87.4725
457.5748,105.5766,85.8503,87.8469
442.0276,135.5293,88.9449,90.9414
436.9204,144.4222,82.1591,84.1556
443.5498,173.5516,70.9003,72.8968
445.1949,335.6967,83.6101,85.6066
429.0472,327.0490,87.9055,89.9020
425.7936,213.7953,84.4128,86.4093
424.9688,207.4706,89.0623,91.0588
433.5877,199.5895,92.8245,94.8210
408.6820,209.1838,89.6359,91.6324
397.9207,218.4225,78.1585,80.1550
518.6631,326.6649,79.6737,81.6702
509.6131,312.1148,90.7738,92.7703
505.0515,314.0533,91.8970,93.8935
505.2789,315.2806,89.4422,91.4387
508.7462,321.7479,89.5077,91.5042
496.4660,301.9677,92.0681,94.0646
509.9698,287.4716,88.0603,90.0568
390.3138,183.3155,84.3725,86.3690
388.5540,184.5557,85.8921,87.8886
385.4535,174.9552,90.0931,92.0896
394.9424,166.4442,88.1151,90.1116
392.3024,146.3041,93.3952,95.3917
386.5527,145.5544,91.8947,93.8912
384.5519,152.5537,95.8961,97.8926
375.9503,154.4520,95.0994,97.0959
369.2471,165.2489,97.5058,99.5023
364.4175,155.9193,98.1650,100.1615
332.0595,162.0612,95.8810,97.8775
319.8190,149.8207,96.3621,98.3586
311.4402,142.9419,93.1197,95.1162
294.1810,136.6827,93.6380,95.6345
262.4509,112.9526,94.0982,96.0947
258.8220,108.8238,90.3559,92.3524
246.6908,110.1926,91.6184,93.6149
214.3106,111.3124,92.3788,94.3753
200.7744,111.2761,90.4512,92.4477
190.0320,100.5338,86.9359,88.9324
162.6745,90.1763,91.6510,93.6475
144.6900,84.1917,93.6201,95.6166
73.0845,130.0880,75.8310,79.8240
286.0845,326.0880,75.8310,79.8240
282.0845,200.0880,75.8310,79.8240
282.0845,200.0880,75.8310,79.8240
226.0845,334.0880,75.8310,79.8240
282.0845,200.0880,75.8310,79.8240
226.0845,232.0880,75.8310,79.8240
282.0845,200.0880,75.8310,79.8240
226.0845,174.0880,75.8310,79.8240
156.3708,226.3726,67.2583,69.2548
187.3937,234.3955,53.2126,55.2091
182.0078,171.5096,66.9844,68.9809
169.4334,111.9351,62.1333,64.1298
90.0845,145.0880,75.8310,79.8240
84.0845,131.0880,75.8310,79.8240
123.7119,70.2137,88.5761,90.5726
139.7521,78.7538,81.4959,83.4924
79.0845,137.0880,75.8310,79.8240
147.5097,177.5114,60.9806,62.9771
171.0845,137.0880,75.8310,79.8240
175.8107,77.8125,68.3786,70.3751
177.0202,82.5220,71.9596,73.9561
47.2042,358.7060,58.5916,60.5881
357.0845,51.0880,75.8310,79.8240
357.0845,72.0880,75.8310,79.8240
135.4888,348.9906,59.0224,61.0189
161.0932,325.5950,91.8136,93.8101
171.6604,321.1622,90.6791,92.6756
141.7372,335.2390,84.5256,86.5221
170.9004,298.4021,96.1993,98.1958
169.8802,272.8819,103.2397,105.2362
203.9175,284.4193,96.1650,98.1615
168.0462,293.0479,101.9077,103.9042
132.4253,292.4271,94.1494,96.1459
182.6723,277.1740,115.6554,117.6520
203.6096,276.1114,102.7807,104.7772
234.4837,249.9855,117.0325,119.0290
249.5230,247.5248,102.9539,104.9504
256.5491,230.5508,101.9018,103.8983
283.1039,232.6057,108.7922,110.7887
296.0531,260.5549,106.8938,108.8903
354.5400,261.5418,121.9200,123.9165
305.0052,289.5069,101.9897,103.9862
291.9232,306.4249,104.1537,106.1502
312.4590,307.4608,101.0819,103.0784
366.0322,281.0339,130.9357,132.9322
366.4236,277.4254,128.1527,130.1492
373.8810,251.3828,127.2380,129.2345
368.0069,240.5087,129.9861,131.9826
384.2929,225.2947,127.4141,129.4106
377.7226,297.7243,111.5548,113.5513
386.5813,307.5831,109.8373,111.8338
404.8652,305.3669,107.2697,109.2662
432.3505,307.3523,103.2990,105.2955
431.2780,307.7797,103.4441,105.4406
410.8023,304.3040,106.3954,108.3919
410.2932,302.7949,107.4137,109.4102
400.8132,287.8150,112.3735,114.3700
374.9255,222.4273,130.1489,132.1454
377.3173,216.8190,125.3655,127.3620
380.4091,167.4109,113.1817,115.1782
376.8598,203.3615,144.2804,146.2769
372.6136,229.6154,143.7727,145.7692
401.3141,297.8159,109.3718,111.3683
400.7888,301.7905,109.4225,111.4190
398.5749,321.5766,106.8503,108.8467
397.4926,317.9944,106.0147,108.0112
447.8555,345.8572,86.2890,88.2855
408.5850,337.5867,97.8300,99.8265
414.2555,339.2573,97.4890,99.4855
402.4175,332.9193,95.1650,97.1615
408.7746,325.7763,87.4508,89.4473
404.8375,293.3392,97.3251,99.3216
420.3011,279.3029,101.3978,103.3943
429.8058,279.8076,111.3883,113.3848
455.5979,312.0996,91.8043,93.8008
95.0845,189.0880,75.8310,79.8240
117.0845,232.0880,75.8310,79.8240
262.3655,119.3672,70.2690,72.2655
284.6521,112.6538,65.6959,67.6924
315.9859,102.4877,89.0281,91.0246
347.3185,90.3203,97.3630,99.3595
374.5683,78.5701,97.8634,99.8599
407.7417,54.2434,98.5167,100.5132
429.9243,48.4261,93.1514,95.1479
476.8189,55.8207,75.3621,77.3586
84.0845,487.0880,75.8310,79.8240
126.8394,203.3411,76.3212,78.3177
215.0845,130.0880,75.8310,79.8240
282.0845,200.0880,75.8310,79.8240
237.0845,131.0880,75.8310,79.8240
282.0845,200.0880,75.8310,79.8240
226.0845,145.0880,75.8310,79.8240
205.0845,188.0880,75.8310,79.8240
176.3367,217.8385,53.3265,55.3230
199.0845,181.0880,75.8310,79.8240
172.0845,160.0880,75.8310,79.8240
282.0845,200.0880,75.8310,79.8240
282.0845,200.0880,75.8310,79.8240
193.0845,130.0880,75.8310,79.8240
171.0845,130.0880,75.8310,79.8240
282.0845,200.0880,75.8310,79.8240
101.3965,167.8982,49.2071,51.2036
282.0845,200.0880,75.8310,79.8240
160.0845,538.0880,75.8310,79.8240
150.0845,538.0880,75.8310,79.8240
534.4441,157.4458,64.1119,66.1084
494.1942,119.1959,82.6117,84.6082
480.4622,114.9639,91.0756,93.0721
475.0281,117.5299,99.9437,101.9402
488.4200,143.9217,89.1600,91.1565
487.6816,154.6833,82.6369,84.6334
469.6932,139.1950,86.6135,88.6100
453.2031,133.7049,90.5938,92.5903
438.3530,111.8548,90.2939,92.2904
418.8932,92.8950,97.2135,99.2100
418.5820,89.0837,100.8361,102.8326
428.3699,101.8716,106.2602,108.2567
421.4469,96.4487,112.1061,114.1026
415.4923,109.4940,113.0154,115.0119
414.2286,105.7303,113.5429,115.5394
412.6926,98.6943,112.6149,114.6114
412.4843,97.4860,108.0315,110.0280
404.8789,89.3806,109.2422,111.2387
400.5389,81.5407,112.9222,114.9187
409.1160,73.6177,110.7681,112.7646
399.4826,65.9844,105.0348,107.0313
393.6693,44.1710,108.6615,110.6580
390.5304,15.5321,95.9392,97.9357
30.0845,480.0880,75.8310,79.8240
380.0655,23.5673,80.8690,82.8655
406.9712,36.4729,103.0577,105.0542
401.5321,37.5339,105.9357,107.9322
423.4671,73.4689,102.0657,104.0622
416.0776,92.0793,106.8448,108.8413
410.6693,91.6710,108.6615,110.6580
406.2750,89.2768,110.4500,112.4465
392.9642,92.4660,110.0716,112.0681
394.5236,96.0253,104.9528,106.9493
375.3771,91.3789,109.2457,111.2422
365.7428,86.2445,112.5144,114.5109
357.4789,81.9807,111.0421,113.0386
330.4229,77.4246,107.1542,109.1507
278.3630,44.3647,95.2740,97.2705
300.9008,54.9026,109.1984,111.1949
252.2093,56.7110,112.5814,114.5779
268.6361,111.6379,103.7277,105.7242
260.3336,131.3354,98.3328,100.3293
220.4959,168.4976,104.0082,106.0047
162.2188,189.7205,108.5625,110.5590
152.0881,225.5899,97.8238,99.8203
116.4193,234.9211,105.1613,107.1578
106.4348,218.9365,110.1305,112.1270
99.3525,203.3542,104.2951,106.2916
97.5611,177.5629,90.8778,92.8743
84.3958,188.8976,72.2084,74.2049
89.0459,193.0477,54.9081,56.9046
88.8915,188.8933,59.2169,61.2134
149.0845,130.0880,75.8310,79.8240
282.0845,200.0880,75.8310,79.8240
282.0845,200.0880,75.8310,79.8240
237.0845,21.0880,75.8310,79.8240
162.2726,16.2743,47.4549,49.4514
282.0845,200.0880,75.8310,79.8240
182.0845,494.0880,75.8310,79.8240
500.0437,175.0455,80.9126,82.9091
506.7289,185.2306,68.5423,70.5388
509.1291,184.1308,63.7418,65.7383
282.0845,200.0880,75.8310,79.8240
282.0845,200.0880,75.8310,79.8240
282.0845,200.0880,75.8310,79.8240
282.0845,200.0880,75.8310,79.8240
282.0845,200.0880,75.8310,79.8240
95.0845,130.0880,75.8310,79.8240
280.0845,43.0880,75.8310,79.8240
73.0845,145.0880,75.8310,79.8240
195.3662,75.3680,68.2676,70.2641
84.0845,196.0880,75.8310,79.8240
270.0845,87.0880,75.8310,79.8240
270.0845,130.0880,75.8310,79.8240
130.7983,249.8000,79.4035,81.3999
292.0845,145.0880,75.8310,79.8240
135.1477,265.6494,94.7046,96.7011
134.7081,280.7098,102.5839,104.5804
210.1719,294.6737,94.6561,96.6526
227.2015,290.2032,98.5970,100.5935
221.2193,284.2211,106.5613,108.5578
243.6309,276.1327,109.7382,111.7347
270.4901,267.4918,105.0199,107.0164
278.8709,229.8727,117.2581,119.2546
293.5260,220.5278,114.9480,116.9445
304.5499,186.5516,111.9003,113.8968
316.1033,200.1050,120.7934,122.7899
343.0810,249.0828,116.8379,118.8344
366.2382,298.7400,108.5236,110.5201
378.0569,310.0587,105.8861,107.8826
357.5115,330.5132,102.9770,104.9735
370.0852,337.0870,101.8295,103.8260
384.5214,347.0232,91.9572,93.9537
205.0845,305.0880,75.8310,79.8240
79.0845,305.0880,75.8310,79.8240
84.0845,305.0880,75.8310,79.8240
297.3839,83.3857,71.2322,73.2287
299.1483,86.1500,66.7035,68.7000
284.6479,284.6497,85.7041,87.7006
284.8687,276.8705,85.2626,87.2591
439.3215,339.3232,91.3571,93.3536
422.4215,316.9233,100.1570,102.1535
430.7592,317.7609,96.4817,98.4782
440.8485,335.3503,92.3030,94.2995
438.1496,338.6514,86.7007,88.6972
414.9523,199.4541,81.0954,83.0919
364.6096,319.1114,102.7807,104.7772
385.1289,328.6306,102.7422,104.7387
393.8383,321.8401,104.3233,106.3198
382.5321,317.5339,105.9357,107.9322
387.8299,280.3316,109.3403,111.3368
402.0299,277.5317,108.9401,110.9366
412.6339,227.6357,108.7322,110.7287
426.3505,226.3523,103.2990,105.2955
431.1926,223.6944,97.6147,99.6112
427.5525,249.0542,98.8950,100.8915
454.7293,281.7310,100.5414,102.5379
477.1768,323.6786,78.6463,80.6428
494.6718,192.1736,68.6563,70.6529
498.2131,220.7148,54.5738,56.5703
522.5503,216.5521,68.8994,70.8959
537.6705,217.6723,61.6589,63.6554
231.0845,545.0880,75.8310,79.8240
259.0845,567.0880,75.8310,79.8240
282.0845,200.0880,75.8310,79.8240
282.0845,200.0880,75.8310,79.8240
329.0845,116.0880,75.8310,79.8240
282.0845,200.0880,75.8310,79.8240
282.0845,200.0880,75.8310,79.8240
282.0845,200.0880,75.8310,79.8240
282.0845,200.0880,75.8310,79.8240
282.0845,200.0880,75.8310,79.8240
282.0845,200.0880,75.8310,79.8240
282.0845,200.0880,75.8310,79.8240
282.0845,200.0880,75.8310,79.8240
282.0845,200.0880,75.8310,79.8240
282.0845,200.0880,75.8310,79.8240
282.0845,200.0880,75.8310,79.8240
282.0845,200.0880,75.8310,79.8240
282.0845,200.0880,75.8310,79.8240
545.1533,242.6551,72.6934,74.6899
226.0845,538.0880,75.8310,79.8240
494.6676,196.1693,82.6648,84.6613
476.5700,209.0718,91.8599,93.8564
459.5547,228.0565,97.8905,99.8870
431.8942,263.3959,102.2117,104.2082
419.9840,272.4857,98.0321,100.0286
387.4911,284.9928,99.0179,101.0144
367.6069,292.1086,97.7862,99.7827
337.9626,298.4644,96.0748,98.0713
316.0914,298.5931,93.8172,95.8137
292.2530,304.7547,90.4940,92.4905
261.1541,296.1558,93.6918,95.6883
244.7744,298.2762,90.4512,92.4477
216.5091,287.0109,86.9818,88.9783
200.4711,276.4728,88.0578,90.0543
174.5451,292.0468,81.9098,83.9063
154.6355,300.6372,80.7290,82.7255
391.6875,363.1893,75.6249,77.6214
134.9222,341.4240,66.1555,68.1520
115.3318,332.3336,77.3363,79.3328
112.0548,346.0565,57.8905,59.8870
341.0845,102.0880,75.8310,79.8240
128.0845,218.0880,75.8310,79.8240
341.3567,349.8584,56.2867,58.2832
112.0845,188.0880,75.8310,79.8240
336.0845,348.0880,75.8310,79.8240
336.0845,261.0880,75.8310,79.8240
346.0845,247.0880,75.8310,79.8240
282.0845,200.0880,75.8310,79.8240
282.0845,200.0880,75.8310,79.8240
282.0845,200.0880,75.8310,79.8240
282.0845,200.0880,75.8310,79.8240
282.0845,200.0880,75.8310,79.8240
123.0845,196.0880,75.8310,79.8240
117.0845,203.0880,75.8310,79.8240
323.5736,354.0754,45.8528,47.8493
335.0845,319.0880,75.8310,79.8240
340.0845,341.0880,75.8310,79.8240
337.3780,348.3797,58.2441,60.2406
329.2820,330.2837,86.4361,88.4326
308.9011,329.9028,87.1979,89.1944
302.8897,336.3914,78.2206,80.2171
274.0508,328.5525,81.8985,83.8950
335.0845,261.0880,75.8310,79.8240
282.0845,200.0880,75.8310,79.8240
324.0845,276.0880,75.8310,79.8240
357.0845,232.0880,75.8310,79.8240
223.1049,327.6066,67.7902,69.7867
236.1922,321.6939,68.6157,70.6122
533.1364,220.1381,61.7273,63.7238
190.7284,374.2302,58.5432,60.5396
168.0608,321.0625,91.8784,93.8749
473.0723,170.0740,87.8555,89.8520
116.1803,323.6820,96.6394,98.6359
94.6974,308.1992,100.6052,102.6017
385.5540,148.5557,85.8921,87.8886
367.0873,143.0890,87.8254,89.8219
335.3036,134.3054,87.3928,89.3893
308.5395,126.0413,83.9209,85.9174
280.8732,103.8749,87.2536,89.2501
255.9435,85.4452,86.1130,88.1095
224.5091,71.0109,86.9818,88.9783
195.5946,58.5964,80.8107,82.8072
182.1991,38.2009,77.6018,79.5983
481.2724,249.7742,91.4552,93.4517
463.4564,168.9582,102.0871,104.0836
440.9140,158.4158,110.1720,112.1685
436.1169,218.6187,94.7662,96.7627
412.8023,131.8041,118.3953,120.3918
402.8826,134.3843,113.2348,115.2313
396.5971,131.0988,110.8058,112.8023
394.2650,122.7667,113.4701,115.4666
388.4191,116.4208,115.1619,117.1584
390.3964,117.3982,112.2072,114.2037
401.9968,134.9986,104.0063,106.0028
405.5233,125.0251,103.9534,105.9499
415.0760,133.5777,100.8480,102.8445
428.3438,154.8455,97.3125,99.3090
441.3926,152.8944,98.2148,100.2113
462.6283,158.6301,93.7434,95.7399
475.1573,158.6591,86.6854,88.6819
493.1145,174.1163,76.7710,78.7675
520.7948,185.7966,62.4104,64.4069
282.0845,200.0880,75.8310,79.8240
282.0845,200.0880,75.8310,79.8240
282.0845,200.0880,75.8310,79.8240
282.0845,200.0880,75.8310,79.8240
282.0845,200.0880,75.8310,79.8240
52.0214,330.5232,55.9571,57.9536
73.1679,322.6696,61.6642,63.6607
76.7941,312.7958,72.4119,74.4084
86.6576,310.6594,81.6848,83.6813
85.1525,312.1542,87.6950,89.6915
91.0576,304.0593,90.8848,92.8813
105.3554,301.8571,96.2893,98.2858
116.4619,289.4636,97.0763,99.0728
109.5145,296.5162,100.9710,102.9675
114.0936,302.0953,104.8128,106.8093
113.9156,298.4174,106.1687,108.1652
122.3982,295.8999,109.2037,111.2001
122.8819,302.3837,108.2362,110.2327
118.6761,298.1778,110.6479,112.6444
128.3428,296.8446,108.3144,110.3109
127.8819,299.3837,108.2362,110.2327
135.4123,292.9140,110.1754,112.1719
142.0145,294.0162,109.9710,111.9675
141.4477,293.9495,108.1045,110.1010
139.2993,296.3011,108.4013,110.3978
144.3881,298.3899,108.2237,110.2203
135.5003,299.5021,107.9994,109.9959
138.4056,301.4073,106.1889,108.1853
134.0477,304.5494,106.9046,108.9011
145.7256,303.7274,105.5487,107.5452
150.4121,301.9138,107.1759,109.1724
154.0839,302.5857,106.8321,108.8286
154.7237,309.2255,104.5526,106.5491
158.3773,306.8790,103.2454,105.2419
162.4590,309.9608,101.0819,103.0784
174.9097,304.9115,102.1806,104.1771
187.9742,298.9760,105.0516,107.0481
201.5759,299.5776,104.8483,106.8448
209.2957,295.2975,110.4086,112.4051
236.0574,307.0591,103.8852,105.8817
261.5531,291.5549,106.8938,108.8903
279.5337,295.5355,103.9325,105.9290
303.4175,321.9193,96.1650,98.1615
316.9394,330.4411,95.1213,97.1178
353.0521,333.0539,94.8958,96.8923
373.9709,360.4727,87.0582,89.0546
411.7582,361.2599,87.4836,89.4801
437.9706,361.4723,85.0589,87.0554
237.7923,94.7940,87.4155,89.4120
268.5478,95.5496,82.9044,84.9009
308.4902,107.9920,86.0196,88.0161
330.3036,100.3054,87.3928,89.3893
369.8671,100.8689,91.2658,93.2623
395.2922,93.2940,94.4155,96.4120
427.9868,97.9885,92.0265,94.0230
457.5422,93.5440,86.9155,88.9120
483.1899,96.6917,71.6201,73.6166
100.0845,487.0880,75.8310,79.8240
282.0845,200.0880,75.8310,79.8240
351.0845,479.0880,75.8310,79.8240
346.0845,487.0880,75.8310,79.8240
282.0845,200.0880,75.8310,79.8240
282.0845,200.0880,75.8310,79.8240
335.0845,494.0880,75.8310,79.8240
282.0845,200.0880,75.8310,79.8240
390.0845,509.0880,75.8310,79.8240
379.0845,509.0880,75.8310,79.8240
368.0845,516.0880,75.8310,79.8240
527.3453,361.3471,67.3094,69.3059
524.8765,353.8782,68.2470,70.2435
525.2443,337.7460,70.5115,72.5080
520.5547,331.0565,57.8905,59.8870
501.3727,312.3745,57.2546,59.2511
523.5554,303.5572,56.8892,58.8857
461.5464,307.5481,98.9073,100.9038
451.5461,309.5479,102.9078,104.9043
415.3376,298.3394,105.3247,107.3212
413.3123,235.8140,128.3754,130.3719
448.1794,190.6812,90.6412,92.6377
363.5281,295.5298,90.9438,92.9403
365.5220,273.0238,105.9559,107.9524
448.2784,96.2801,105.4433,107.4398
445.2931,111.2948,113.4138,115.4103
427.0017,100.0035,111.9965,113.9930
267.5392,250.5410,99.9215,101.9180
363.1572,80.6589,110.6857,112.6822
359.1471,78.6489,111.7057,113.7022
311.8103,84.8121,124.3794,126.3759
322.3526,85.3544,110.2947,112.2912
307.9222,99.4240,116.1555,118.1520
311.1913,97.1931,108.6173,110.6138
301.4901,107.4918,105.0199,107.0164
263.7277,102.7295,113.5445,115.5410
230.1910,91.6927,117.6181,119.6146
218.1342,80.1359,118.7317,120.7281
220.3812,89.8829,117.2376,119.2341
263.3864,101.3881,104.2273,106.2238
261.3836,101.3854,106.2328,108.2293
263.0507,103.0524,104.8987,106.8952
270.4175,104.9192,102.1650,104.1615
278.1874,98.6892,100.6251,102.6217
202.1535,77.1553,127.6930,129.6895
292.3464,96.8482,101.3071,103.3036
301.0432,104.0449,104.9136,106.9101
302.2189,106.7206,103.5623,105.5588
314.3564,102.3581,97.2872,99.2837
316.7618,101.7635,99.4764,101.4729
317.9356,84.4374,93.1287,95.1252
319.5254,76.0272,89.9491,91.9456
296.2922,80.2940,88.4155,90.4120
278.6873,58.6891,94.6253,96.6218
426.7625,248.2643,90.4750,92.4715
241.6917,46.1935,89.6166,91.6131
242.2970,46.2988,90.4060,92.4025
243.9139,34.9156,89.1722,91.1687
177.5770,39.0787,109.8460,111.8425
164.9486,46.4504,102.1027,104.0992
163.0696,53.0714,101.8608,103.8573
176.8638,52.8655,111.2725,113.2690
170.0768,49.0785,104.8464,106.8429
163.9424,61.4441,113.1152,115.1117
180.5244,79.0261,93.9512,95.9477
163.6895,67.6912,97.6210,99.6175
168.3402,58.3419,91.3196,93.3161
158.8243,62.3261,94.3513,96.3478
139.3194,65.3212,95.3611,97.3576
131.5136,87.0154,85.9728,87.9693
128.1926,75.1944,97.6147,99.6112
115.1801,76.6818,97.6399,99.6364
101.6415,85.6432,90.7170,92.7135
130.1085,96.1102,105.7830,107.7795
123.8173,123.3190,100.3655,102.3620
124.2644,158.7661,98.4713,100.4678
114.7267,199.7284,87.5466,89.5431
107.7068,217.7085,93.5864,95.5829
96.6881,278.1898,98.6238,100.6203
98.0159,329.5177,94.9681,96.9646
113.3211,354.3229,83.3578,85.3543
157.5979,108.0996,100.8043,102.8008
162.0452,123.0470,100.9095,102.9060
142.3258,159.8276,99.3484,101.3449
121.7932,199.7949,104.4136,106.4101
131.6675,211.1692,105.6650,107.6615
120.3351,243.3369,109.3298,111.3263
126.4229,252.9246,107.1542,109.1507
128.6849,270.1866,109.6302,111.6267
124.1117,269.1134,110.7767,112.7732
137.5065,286.0083,114.9869,116.9834
159.0842,280.0860,110.8316,112.8280
159.5413,281.5430,101.9174,103.9140
153.8138,249.8156,110.3724,112.3689
167.7380,231.2398,87.5240,89.5205
170.6217,218.1234,89.7566,91.7531
169.5780,228.5797,86.8440,88.8405
219.5670,223.5688,95.8659,97.8624
211.1399,232.6416,96.7203,98.7168
92.4216,248.9234,70.1568,72.1533
109.1525,244.1542,87.6950,89.6915
128.8014,246.3031,99.3972,101.3937
267.1075,232.6093,106.7849,108.7814
171.4562,239.4579,104.0876,106.0841
237.5330,236.5348,125.9340,127.9305
244.3882,241.3900,134.2236,136.2201
237.2666,265.2683,130.4668,132.4633
250.4067,268.9084,131.1866,133.1831
269.8101,269.3119,125.3798,127.3763
332.5461,294.5479,102.9078,104.9043
284.3817,308.3834,111.2367,113.2332
306.8708,312.8726,102.2583,104.2548
306.9500,309.9518,105.0999,107.0965
241.7221,265.2239,131.5558,133.5523
262.7179,252.2197,119.5641,121.5606
272.0063,243.5081,110.9874,112.9839
262.9261,259.4279,124.1477,126.1442
250.6771,264.1788,128.6459,130.6424
240.4352,284.9370,122.1295,124.1260
279.0335,272.5353,123.9329,125.9294
273.6237,278.6254,120.7527,122.7492
246.2430,288.7448,125.5140,127.5105
313.5971,283.5988,110.8058,112.8023
306.0565,286.0583,107.8869,109.8834
316.0735,257.0753,109.8530,111.8495
261.7993,251.3011,135.4014,137.3979
323.1849,264.6866,109.6302,111.6267
297.9266,262.9283,120.1469,122.1434
305.1690,281.6707,119.6621,121.6586
326.0807,285.0825,115.8385,117.8350
366.0637,285.0654,110.8727,112.8692
371.5951,322.5969,95.8098,97.8063
339.0648,312.5666,109.8703,111.8668
335.9276,311.4293,112.1449,114.1414
341.2010,290.2027,110.5980,112.5945
363.7413,294.7430,111.5175,113.5140
377.6886,269.6904,117.6228,119.6193
429.3584,274.3602,98.2831,100.2796
396.0547,322.5565,97.8905,99.8870
428.4991,299.0009,93.0018,94.9983
455.3299,313.3317,79.3401,81.3366
452.3381,345.8398,58.3238,60.3203
330.2922,268.2940,66.4155,68.4120
282.0845,200.0880,75.8310,79.8240
361.5778,250.5795,81.8444,83.8409
384.1938,244.6955,85.6125,87.6090
403.1870,250.6888,76.6260,78.6225
433.8120,266.8138,66.3760,68.3725
440.8062,283.3079,87.3877,89.3842
439.7315,287.2333,92.5369,94.5334
444.1138,284.1155,93.7725,95.7690
463.5951,290.5969,95.8098,97.8063
471.0222,299.0240,90.9556,92.9521
485.1391,310.6408,81.7219,83.7184
489.4472,307.4489,78.1057,80.1022
493.5883,303.5900,71.8235,73.8200
489.9328,285.4345,87.1344,89.1309
492.7277,284.2294,81.5446,83.5411
491.8062,289.3079,78.3877,80.3842
483.3604,301.8622,88.2792,90.2757
464.5762,317.5780,83.8475,85.8440
446.6675,321.1693,94.6649,96.6614
443.9311,324.4329,93.1378,95.1343
442.9331,333.4349,86.1338,88.1303
433.3226,335.3244,89.3548,91.3513
410.2668,333.7686,94.4664,96.4629
390.4770,342.9788,82.0460,84.0425
380.3184,343.8201,83.3633,85.3598
341.6785,347.1802,72.6430,74.6395
334.7355,343.2373,76.5290,78.5255
311.1676,330.1693,85.6648,87.6613
257.3711,65.8729,78.2578,80.2543
277.5405,353.5423,73.9190,75.9155
205.1610,91.1628,75.6779,77.6744
185.4649,100.9666,88.0703,90.0668
167.3927,112.3945,83.2145,85.2110
151.0082,126.5099,70.9836,72.9801
133.1840,121.1857,83.6320,85.6285
120.5195,120.5213,70.9609,72.9574
96.2782,111.2800,82.4436,84.4401
83.6034,103.6052,82.7931,84.7896
95.0845,80.0880,75.8310,79.8240
282.0845,200.0880,75.8310,79.8240
282.0845,200.0880,75.8310,79.8240
282.0845,200.0880,75.8310,79.8240
19.0845,371.0880,75.8310,79.8240
282.0845,200.0880,75.8310,79.8240
30.0845,370.0880,75.8310,79.8240
282.0845,200.0880,75.8310,79.8240
282.0845,200.0880,75.8310,79.8240
19.0845,370.0880,75.8310,79.8240
18.0845,370.0880,75.8310,79.8240
282.0845,200.0880,75.8310,79.8240
282.0845,200.0880,75.8310,79.8240
204.0845,174.0880,75.8310,79.8240
282.0845,200.0880,75.8310,79.8240
282.0845,200.0880,75.8310,79.8240
282.0845,200.0880,75.8310,79.8240
19.0845,370.0880,75.8310,79.8240
19.0845,363.0880,75.8310,79.8240
29.0845,363.0880,75.8310,79.8240
282.0845,200.0880,75.8310,79.8240
282.0845,200.0880,75.8310,79.8240
282.0845,200.0880,75.8310,79.8240
282.0845,200.0880,75.8310,79.8240
282.0845,200.0880,75.8310,79.8240
282.0845,200.0880,75.8310,79.8240
330.0845,566.0880,75.8310,79.8240
335.0845,552.0880,75.8310,79.8240
550.3044,341.3062,58.3911,60.3876
521.4656,333.9673,64.0689,66.0654
501.4358,310.9376,79.1284,81.1249
480.1976,298.6993,79.6048,81.6013
449.8163,283.8181,79.3673,81.3638
425.6976,255.1993,79.6048,81.6013
402.8257,247.3275,73.3485,75.3450
385.1016,246.1033,75.7969,77.7934
352.3065,260.3083,77.3870,79.3835
330.4207,258.9225,78.1585,80.1550
305.7537,262.2555,78.4926,80.4891
273.3299,259.3317,79.3401,81.3366
267.1796,261.6813,69.6409,71.6374
245.1086,258.1103,71.7829,73.7794
220.7905,246.2923,74.4189,76.4154
211.6025,246.6042,63.7950,65.7915
190.0583,208.0601,72.8833,74.8798
175.9969,203.4986,71.0063,73.0028
478.2418,240.2435,82.5165,84.5130
155.1676,166.6694,77.6647,79.6612
476.6498,277.6516,83.7003,85.6968
479.2248,274.2266,81.5503,83.5469
487.4257,269.9275,84.1486,86.1451
495.1796,269.1813,74.6408,76.6373
181.1049,208.1066,73.7903,75.7868
202.0202,208.5220,71.9596,73.9561
219.4441,202.4458,71.1119,73.1084
225.1086,200.1103,71.7829,73.7794
244.2174,170.7191,75.5652,77.5617
270.0735,168.5753,73.8529,75.8494
283.9208,143.4226,77.1583,79.1548
305.3182,143.3200,76.3635,78.3600
322.0422,144.0440,79.9155,81.9120
340.8763,159.8781,74.2473,76.2438
369.4390,167.9407,73.1220,75.1185
91.1652,308.6669,90.6696,92.6661
98.1740,307.6758,95.6520,97.6485
102.0548,324.5565,97.8905,99.8870
105.7081,310.2098,102.5839,104.5804
134.9565,309.4583,105.0869,107.0834
137.9690,300.9707,107.0621,109.0586
152.2931,252.2948,115.4139,117.4104
154.6158,245.6176,122.7683,124.7648
158.5964,278.5981,119.8072,121.8037
190.3816,302.3834,111.2367,113.2332
227.1080,270.1097,116.7841,118.7806
240.1690,268.6707,119.6621,121.6586
242.0631,267.0648,130.8738,132.8703
288.8303,260.8321,118.3394,120.3359
290.7133,253.7150,115.5734,117.5699
303.1840,246.1857,113.6321,115.6286
318.9334,239.4352,116.1331,118.1296
337.5594,247.0612,117.8811,119.8776
392.8290,261.8308,80.3419,82.3384
393.1458,258.1475,86.7084,88.7049
405.7238,268.2256,84.5524,86.5489
273.4196,313.4214,97.1608,99.1572
280.9529,262.9547,75.0941,77.0906
273.1875,233.1892,72.6250,74.6215
243.9089,217.4107,81.1821,83.1786
295.9770,231.4788,82.0460,84.0425
285.0346,326.5363,86.9308,88.9273
282.0422,315.0440,91.9155,93.9120
276.1227,286.1245,100.7546,102.7511
285.7459,239.7476,121.5083,123.5048
473.8251,333.8268,87.3498,89.3463
275.9918,245.4936,90.0164,92.0129
468.0936,339.5953,76.8128,78.8093
412.3069,197.3087,80.3861,82.3826
427.9905,198.9923,73.0189,75.0154
447.1613,202.1631,77.6773,79.6738
395.8285,336.3302,91.3430,93.3395
475.3710,189.3728,82.2579,84.2544
414.9009,316.9027,98.1982,100.1947
428.8613,327.8631,81.2774,83.2738
439.9176,248.4193,83.1648,85.1613
445.4486,267.4504,112.1028,114.0993
452.0969,232.5986,92.8063,94.8028
455.3405,248.3423,101.3190,103.3155
491.4219,198.9236,68.1562,70.1527
215.0845,487.0880,75.8310,79.8240
531.5275,200.0293,54.9449,56.9414
551.9801,206.9819,49.0398,51.0363
193.0845,567.0880,75.8310,79.8240
282.0845,200.0880,75.8310,79.8240
282.0845,200.0880,75.8310,79.8240
282.0845,200.0880,75.8310,79.8240
282.0845,200.0880,75.8310,79.8240
282.0845,200.0880,75.8310,79.8240
282.0845,200.0880,75.8310,79.8240
282.0845,200.0880,75.8310,79.8240
282.0845,200.0880,75.8310,79.8240
282.0845,200.0880,75.8310,79.8240
282.0845,200.0880,75.8310,79.8240
282.0845,200.0880,75.8310,79.8240
282.0845,200.0880,75.8310,79.8240
282.0845,200.0880,75.8310,79.8240
282.0845,200.0880,75.8310,79.8240
282.0845,200.0880,75.8310,79.8240
282.0845,200.0880,75.8310,79.8240
117.0845,552.0880,75.8310,79.8240
117.0845,538.0880,75.8310,79.8240
106.0845,538.0880,75.8310,79.8240
117.0845,494.0880,75.8310,79.8240
484.7305,109.2322,85.5390,87.5355
479.2215,104.7232,86.5570,88.5535
452.0512,93.0529,65.8976,67.8941
427.2442,74.7460,83.5116,85.5080
62.0845,392.0880,75.8310,79.8240
508.9137,389.9155,51.1726,53.1691
496.2121,390.7139,46.5758,48.5723
379.0845,450.0880,75.8310,79.8240
495.0573,326.5590,62.8855,64.8820
457.5762,309.5780,83.8475,85.8440
440.6803,298.1820,96.6394,98.6359
430.6008,294.1025,99.7985,101.7950
419.6892,286.1909,95.6217,97.6181
405.1676,287.6694,80.6648,82.6613
354.2737,309.2754,98.4527,100.4492
433.9391,91.4408,90.1218,92.1183
328.3427,330.3445,92.3145,94.3110
300.4923,342.4940,93.0154,95.0119
459.7684,74.2701,82.4632,84.4597
321.8096,356.8113,70.3809,72.3774
317.0944,301.0961,85.8112,87.8077
311.6118,255.1136,82.7764,84.7729
295.8194,175.3211,109.3613,111.3578
302.2412,209.2430,95.5176,97.5141
297.9142,188.9160,95.1715,97.1680
298.2881,182.2899,98.4238,100.4203
292.0802,171.0819,98.8396,100.8361
292.4647,157.4665,100.0705,102.0670
297.3747,134.3764,99.2506,101.2471
294.4887,141.9905,101.0226,103.0191
270.1978,83.1996,95.6043,97.6008
280.3475,87.3492,93.3050,95.3015
278.3673,137.3691,105.2653,107.2618
260.5677,156.0694,96.8646,98.8611
265.3101,160.3119,97.3798,99.3763
263.6257,161.1274,100.7486,102.7451
261.0979,156.5996,91.8043,93.8008
253.4316,123.9333,100.1369,102.1334
251.9621,105.4639,105.0758,107.0723
248.2202,117.2219,99.5596,101.5561
241.1048,141.6066,107.7904,109.7869
237.6177,167.1194,105.7646,107.7611
218.4593,173.4610,114.0814,116.0779
200.1572,240.6589,110.6857,112.6822
182.6718,254.6736,109.6564,111.6529
141.5596,249.5614,127.8808,129.8773
125.2816,240.7833,137.4369,139.4333
145.8097,246.3114,120.3806,122.3771
139.5654,212.0672,118.8692,120.8657
121.7263,204.7280,117.5475,119.5440
115.5461,262.5479,102.9078,104.9043
130.1478,95.1496,75.7044,77.7009
123.9328,97.4345,87.1344,89.1309
73.0845,115.0880,75.8310,79.8240
63.0845,101.0880,75.8310,79.8240
79.0845,371.0880,75.8310,79.8240
159.0139,363.0156,70.9723,72.9688
351.5038,48.0056,89.9924,91.9889
130.2387,346.2405,83.5225,85.5190
115.4077,346.4095,82.1846,84.1811
94.0326,348.5344,76.9347,78.9312
108.6912,346.6930,77.6175,79.6140
106.9061,346.4078,81.1879,83.1844
103.2174,348.7191,80.5652,82.5617
313.8612,54.8629,82.2776,84.2741
318.5119,63.0136,74.9763,76.9728
115.1300,360.1317,72.7401,74.7366
117.9279,385.4296,51.1443,53.1408
73.0845,348.0880,75.8310,79.8240
73.0845,349.0880,75.8310,79.8240
357.5972,87.5990,78.8056,80.8021
370.6830,100.1848,62.6339,64.6304
282.0845,200.0880,75.8310,79.8240
282.0845,200.0880,75.8310,79.8240
117.0845,407.0880,75.8310,79.8240
30.0845,145.0880,75.8310,79.8240
204.4506,69.4523,57.0988,59.0953
108.4923,335.4941,73.0154,75.0119
160.7407,329.2424,92.5186,94.5151
158.3050,309.3068,106.3899,108.3864
175.0232,305.0250,106.9535,108.9500
204.2952,305.7969,102.4097,104.4062
167.6944,278.6962,123.6112,125.6077
172.0844,271.5861,132.8313,134.8278
187.6674,272.1692,135.6652,137.6617
214.2570,280.2588,135.4860,137.4825
194.2170,272.2188,113.5660,115.5625
194.6004,253.1022,138.7991,140.7956
236.5019,271.5037,130.9961,132.9926
259.1348,265.1366,137.7303,139.7268
292.8703,332.8721,96.2593,98.2558
308.5854,336.0871,95.8292,97.8257
373.0845,305.0880,75.8310,79.8240
277.8562,144.8579,62.2876,64.2841
117.0845,290.0880,75.8310,79.8240
314.1620,168.1638,70.6760,72.6725
327.7162,187.2180,81.5675,83.5640
237.0845,348.0880,75.8310,79.8240
286.0845,363.0880,75.8310,79.8240
379.5111,316.5128,47.9778,49.9743
282.0845,200.0880,75.8310,79.8240
378.2863,339.7881,48.4274,50.4239
84.0845,305.0880,75.8310,79.8240
101.0845,312.0880,75.8310,79.8240
101.0845,312.0880,75.8310,79.8240
319.9203,124.4220,84.1594,86.1559
329.9214,133.4231,72.1573,74.1538
327.5471,139.5489,88.9057,90.9022
341.5588,141.5605,71.8824,73.8789
344.9272,144.4290,77.1456,79.1421
144.0845,363.0880,75.8310,79.8240
144.0845,363.0880,75.8310,79.8240
367.4177,137.9194,76.1647,78.1612
382.3123,138.3140,50.3754,52.3719
128.0845,377.0880,75.8310,79.8240
282.0845,200.0880,75.8310,79.8240
282.0845,200.0880,75.8310,79.8240
225.7923,347.7940,69.4155,71.4120
237.0374,340.5392,63.9251,65.9216
257.2588,337.7605,58.4825,60.4790
281.5551,276.5569,71.8898,73.8863
281.3072,248.8089,92.3857,94.3822
320.0966,211.5984,83.8067,85.8032
355.3245,160.3263,84.3509,86.3474
396.4924,154.4942,53.0152,55.0117
319.0845,130.0880,75.8310,79.8240
145.6881,291.6898,71.6238,73.6203
165.8287,207.8304,89.3426,91.3391
171.2549,111.7566,106.4903,108.4868
201.1697,93.6715,94.6605,96.6570
225.2418,68.2436,92.5163,94.5128
254.7091,62.7108,87.5819,89.5784
234.0553,207.0571,80.8893,82.8858
215.0845,247.0880,75.8310,79.8240
215.0845,261.0880,75.8310,79.8240
307.0438,209.0455,78.9125,80.9090
215.0845,305.0880,75.8310,79.8240
221.0845,319.0880,75.8310,79.8240
358.4181,201.9199,56.1638,58.1603
357.4263,220.4281,74.1474,76.1439
395.0422,55.5440,94.9155,96.9120
400.0298,62.5315,87.9405,89.9370
406.1676,68.1693,87.6649,89.6614
403.6081,73.6099,94.7838,96.7803
405.8028,81.8045,97.3945,99.3910
402.2303,89.2321,101.5394,103.5359
387.4574,89.4592,102.0852,104.0817
375.0690,88.5708,107.8619,109.8584
353.8114,92.3132,106.3772,108.3737
360.3029,112.3046,108.3942,110.3907
348.5218,130.5235,98.9565,100.9530
320.8612,117.8630,101.2776,103.2741
289.3833,119.3850,98.2334,100.2299
289.4326,131.4343,100.1349,102.1314
267.5465,132.0482,96.9070,98.9035
243.1816,143.6833,82.6369,84.6334
248.2629,150.2646,80.4743,82.4708
189.4196,115.4214,97.1608,99.1572
193.7238,132.2256,95.5523,97.5488
161.6483,129.1501,76.7034,78.6999
467.3228,391.8246,60.3543,62.3508
454.5554,389.5572,56.8892,58.8857
427.3414,399.3431,49.3173,51.3138
390.0845,400.0880,75.8310,79.8240
398.6339,398.6357,48.7322,50.7287
390.0845,363.0880,75.8310,79.8240
395.0845,363.0880,75.8310,79.8240
282.0845,200.0880,75.8310,79.8240
373.0845,450.0880,75.8310,79.8240
282.0845,200.0880,75.8310,79.8240
282.0845,200.0880,75.8310,79.8240
282.0845,200.0880,75.8310,79.8240
301.7997,138.8015,71.4006,73.3971
288.4904,168.4922,91.0192,93.0157
281.7673,256.2690,80.4655,82.4620
296.1817,333.1834,60.6366,62.6331
292.9063,338.9081,82.1874,84.1839
468.1678,106.1695,69.6645,71.6610
461.2008,127.7026,75.5984,77.5949
462.7982,138.3000,90.4036,92.4001
463.4770,170.9788,82.0460,84.0425
459.3964,213.3982,76.2071,78.2036
455.3414,225.8431,77.3173,79.3138
471.1991,247.2009,77.6018,79.5983
454.1785,281.1803,83.6430,85.6395
455.6398,273.6415,89.7204,91.7169
292.0845,436.0880,75.8310,79.8240
442.6826,288.1844,87.6347,89.6312
434.0482,299.0500,79.9036,81.9001
429.9988,317.5006,61.0023,62.9988
434.1844,298.6862,60.6311,62.6276
434.1906,303.6924,54.6188,56.6153
413.0048,299.5065,77.9904,79.9869
395.5550,287.5568,81.8899,83.8864
374.6677,281.1694,74.6646,76.6611
378.2049,265.2066,51.5903,53.5868
231.0845,363.0880,75.8310,79.8240
329.8039,240.8056,59.3922,61.3887
308.2640,204.7658,84.4719,86.4684
172.0845,305.0880,75.8310,79.8240
272.2922,144.2940,84.4155,86.4120
253.7457,115.2474,71.5087,73.5052
282.0845,200.0880,75.8310,79.8240
282.0845,200.0880,75.8310,79.8240
282.0845,200.0880,75.8310,79.8240
291.0845,247.0880,75.8310,79.8240
231.0845,247.0880,75.8310,79.8240
239.8595,206.8613,71.2809,73.2774
282.0845,200.0880,75.8310,79.8240
383.1118,112.6135,82.7764,84.7729
383.9455,334.4473,87.1090,89.1055
371.4563,71.9581,83.0874,85.0839
357.1165,338.1183,80.7670,82.7635
96.0845,131.0880,75.8310,79.8240
248.0845,494.0880,75.8310,79.8240
142.2149,190.7166,56.5703,58.5668
342.7922,254.7940,69.4155,71.4120
342.5304,257.5321,58.9393,60.9358
330.7834,302.2852,73.4331,75.4296
349.9710,335.9727,66.0580,68.0545
377.0798,343.0816,52.8403,54.8368
282.0845,200.0880,75.8310,79.8240
282.0845,200.0880,75.8310,79.8240
319.0845,421.0880,75.8310,79.8240
282.0845,200.0880,75.8310,79.8240
282.0845,200.0880,75.8310,79.8240
346.0845,167.0880,75.8310,79.8240
282.0845,200.0880,75.8310,79.8240
282.0845,200.0880,75.8310,79.8240
282.0845,200.0880,75.8310,79.8240
282.0845,200.0880,75.8310,79.8240
282.0845,200.0880,75.8310,79.8240
282.0845,200.0880,75.8310,79.8240
282.0845,200.0880,75.8310,79.8240
282.0845,200.0880,75.8310,79.8240
282.0845,200.0880,75.8310,79.8240
314.0845,363.0880,75.8310,79.8240
297.0845,131.0880,75.8310,79.8240
135.7544,256.7562,87.4912,89.4877
168.0677,223.5694,96.8646,98.8611
160.7373,220.7390,100.5254,102.5219
213.5940,162.5957,89.8120,91.8085
221.5996,140.6013,97.8008,99.7973
249.4715,117.4732,60.0571,62.0536
258.4090,88.4108,51.1820,53.1785
87.8676,370.3693,55.2649,57.2614
249.1680,330.1698,57.6639,59.6604
302.0845,247.0880,75.8310,79.8240
282.0845,200.0880,75.8310,79.8240
282.0845,200.0880,75.8310,79.8240
282.0845,200.0880,75.8310,79.8240
282.0845,200.0880,75.8310,79.8240
282.0845,200.0880,75.8310,79.8240
282.0845,200.0880,75.8310,79.8240
95.0845,290.0880,75.8310,79.8240
79.0845,290.0880,75.8310,79.8240
282.0845,200.0880,75.8310,79.8240
282.0845,200.0880,75.8310,79.8240
368.0845,305.0880,75.8310,79.8240
324.0845,305.0880,75.8310,79.8240
309.6511,327.6528,71.6979,73.6944
309.6115,300.1132,75.7771,77.7736
301.1257,314.1275,91.7486,93.7451
308.1466,310.1483,94.7068,96.7033
336.6808,340.1826,66.6383,68.6348
357.0845,349.0880,75.8310,79.8240
330.0845,363.0880,75.8310,79.8240
373.0845,378.0880,75.8310,79.8240
282.0845,200.0880,75.8310,79.8240
282.0845,200.0880,75.8310,79.8240
138.8092,260.3109,56.3817,58.3782
137.9798,251.9816,79.0403,81.0368
151.3607,257.3625,54.2786,56.2751
168.8211,245.3229,57.3577,59.3542
185.6257,224.6275,94.7486,96.7451
212.6603,223.1621,71.6794,73.6759
218.6701,181.6719,86.6597,88.6562
237.3024,171.8041,93.3952,95.3917
260.4486,134.9504,98.1027,100.0992
273.6001,97.6018,103.7999,105.7964
296.4705,84.4722,98.0591,100.0556
321.1833,63.1850,85.6334,87.6299
352.3570,64.3587,82.2861,84.2826
311.0440,202.0458,72.9119,74.9084
306.8083,142.3100,96.3834,98.3799
311.4259,161.9276,83.1482,85.1447
312.8315,158.8333,63.3369,65.3335
95.0845,305.0880,75.8310,79.8240
302.9918,114.4935,85.0165,87.0130
302.2061,153.7078,57.5878,59.5843
297.3530,141.8547,53.2941,55.2906
279.0538,126.0556,64.8923,66.8888
260.8069,112.8086,76.3863,78.3828
233.7953,162.2970,58.4094,60.4059
174.9249,135.4266,89.1503,91.1468
162.9176,145.4194,77.1647,79.1612
166.0845,138.0880,75.8310,79.8240
73.0845,203.0880,75.8310,79.8240
52.0845,203.0880,75.8310,79.8240
51.0845,232.0880,75.8310,79.8240
157.8674,36.3692,75.2652,77.2617
346.0845,341.0880,75.8310,79.8240
35.0845,109.0880,75.8310,79.8240
270.0038,350.0056,63.9923,65.9888
227.4028,340.9046,80.1943,82.1908
451.1649,336.6666,83.6703,85.6668
432.9567,327.9584,81.0867,83.0832
174.1853,325.1871,90.6293,92.6258
420.4257,73.9274,84.1486,86.1451
400.1953,76.6970,78.6095,80.6060
360.8008,292.3025,89.3985,91.3950
348.2765,290.7782,89.4470,91.4435
320.2620,292.2638,85.4760,87.4725
316.9704,274.9722,91.0592,93.0557
308.8483,64.8501,71.3034,73.2999
307.3252,282.8269,85.3497,87.3462
393.7618,61.2636,97.4764,99.4729
258.5887,233.0904,99.8227,101.8192
256.6768,220.6786,104.6463,106.6428
245.8757,201.8774,105.2486,107.2451
236.3161,188.3179,103.3678,105.3643
