4.296623
0.021037
0.031803
0.040206
0.047227
0.043170
0.045235
0.046136
0.050231
0.049555
0.054975
0.076920
0.049541
0.049735
0.050770
0.049875
0.066823
0.068722
0.039593
0.041137
0.032755
0.030262
0.040917
0.037462
0.043047
0.047667
0.048422
0.052265
0.046350
0.047929
0.054550
0.046018
0.045678
0.050390
0.039177
0.047218
0.050160
0.038902
0.049901
0.051027
0.047834
0.046719
0.053147
0.050133
0.050220
0.049615
0.048048
0.046438
0.049389
0.048666
0.055316
0.051743
0.056788
0.049576
0.049086
0.049088
0.051715
0.055160
0.048639
0.050214
0.065633
0.047289
0.047837
0.048297
0.047853
0.048595
0.049904
0.048384
0.046793
0.047108
0.050763
0.047922
0.048076
0.046829
0.048116
0.031950
0.035940
0.036040
0.034739
0.029669
0.030330
0.029694
0.045189
0.029513
0.030320
0.029158
0.045293
0.075068
0.051489
0.059261
0.060542
0.044786
0.042193
0.043717
0.045041
0.041779
0.048657
0.065876
0.045168
0.037855
0.025217
0.025074
0.023865
0.025463
0.026839
0.029937
0.034168
0.029583
0.029762
0.037819
0.036570
0.043504
0.049294
0.038148
0.037378
0.034039
0.024532
0.025962
0.026662
0.030272
0.030392
0.026730
0.031846
0.025620
0.025973
0.032343
0.033107
0.029233
0.027830
0.030391
0.035966
0.029759
0.034814
0.032302
0.029267
0.031547
0.035261
0.036942
0.029572
0.029781
0.036390
0.030020
0.029002
0.029994
0.032825
0.038245
0.028920
0.030112
0.033628
0.030493
0.028428
0.033701
0.028564
0.028339
0.033365
0.029381
0.028175
0.022597
0.036248
0.026629
0.026519
0.030842
0.029042
0.030576
0.036736
0.032062
0.037827
0.030729
0.030093
0.031135
0.037054
0.030041
0.046003
0.031086
0.030820
0.035092
0.048892
0.030105
0.042812
0.025445
0.023908
0.039030
0.023780
0.024626
0.023546
0.017793
0.017193
0.044366
0.027089
0.026722
0.026538
0.026289
0.026729
0.045728
0.025763
0.025676
0.032666
0.026181
0.026414
0.042741
0.029092
0.026117
0.026893
0.024725
0.026289
0.020385
0.020637
0.019451
0.015178
0.021455
0.021493
0.014134
0.016334
0.016263
0.021333
0.026555
0.025745
0.029155
0.020200
0.027561
0.025508
0.031289
0.029320
0.030428
0.030434
0.031940
0.030920
0.023210
0.033893
0.033999
0.038877
0.036711
0.035038
0.028016
0.025895
0.027188
0.025101
0.024903
0.024057
0.019185
0.016727
0.017653
0.023934
0.023110
0.028526
0.035195
0.035668
0.025751
0.045353
0.035666
0.029708
0.035653
0.025517
0.025048
0.025903
0.028424
0.024785
0.035417
0.030972
0.038759
0.039469
0.021255
0.020366
0.019819
0.017776
0.032548
0.017385
0.017137
0.017083
0.016634
0.016650
0.031191
0.020796
0.023833
0.023755
0.029773
0.024053
0.033884
0.033731
0.037298
0.034572
0.033504
0.034166
0.026253
0.037564
0.037097
0.036816
0.027505
0.034856
0.033631
0.029057
0.025553
0.039222
0.033959
0.034250
0.053519
0.055458
0.037739
0.038441
0.037925
0.035679
0.038799
0.032136
0.034161
0.031621
0.050700
0.051546
0.036177
0.022866
0.032053
0.035789
0.032454
0.031624
0.031621
0.035425
0.033904
0.032888
0.031419
0.044313
0.033676
0.032281
0.037305
0.050204
0.034441
0.041933
0.035682
0.035322
0.036930
0.034087
0.035854
0.037320
0.049057
0.035803
0.035386
0.034413
0.036362
0.033997
0.037595
0.033387
0.040088
0.034875
0.033540
0.035799
0.035381
0.044482
0.041456
0.046019
0.049986
0.045570
0.041682
0.038489
0.047729
0.028903
0.034357
0.028545
0.029667
0.029341
0.029370
0.028642
0.028727
0.029282
0.026311
0.035846
0.026899
0.026612
0.029658
0.026977
0.027977
0.026880
0.037119
0.029350
0.028247
0.032530
0.028376
0.028095
0.030244
0.028125
0.031248
0.032619
0.031977
0.032212
0.036794
0.032749
0.028311
0.029528
0.033016
0.020981
0.034937
0.030271
0.021385
0.030267
0.022294
0.036852
0.030734
0.035112
0.025324
0.023749
0.023474
0.023391
0.024317
0.035380
0.025088
0.028390
0.024156
0.032805
0.033570
0.026202
0.037496
0.025528
0.025367
0.039549
0.025026
0.024845
0.027251
0.027390
0.035740
0.026391
0.027560
0.024983
0.039768
0.031625
0.030979
0.041348
0.031508
0.031127
0.030766
0.023471
0.021192
0.020833
0.021442
0.022313
0.020921
0.020835
0.020748
0.030680
0.032307
0.020558
0.021601
0.024623
0.033317
0.032538
0.032228
0.035688
0.032812
0.032180
0.034961
0.032273
0.033333
0.036146
0.035390
0.041787
0.045619
0.062216
0.038368
0.038101
0.038346
0.037437
0.053067
0.054508
0.040545
0.042217
0.043713
0.039736
0.049154
0.064911
0.050056
0.040486
0.042081
0.053289
0.036333
0.046674
0.054315
0.037599
0.043888
0.037771
0.037497
0.040405
0.048871
0.036817
0.041708
0.050204
0.051635
0.051530
0.043630
0.050598
0.056085
0.058101
0.056308
0.050921
0.055323
0.046054
0.043969
0.052246
0.045433
0.053429
0.044393
0.025242
0.040638
0.030605
0.018281
0.023272
0.019696
0.030391
0.020096
0.020073
0.020011
0.030735
0.025899
0.025589
0.026879
0.033400
0.033363
0.031695
0.031858
0.036159
0.023649
0.023585
0.034441
0.030725
0.034515
0.038225
0.035908
0.026490
0.051119
0.049699
0.037377
0.040493
0.042298
0.057183
0.029612
0.059681
0.039138
0.033896
0.030522
0.058672
0.031180
0.048946
0.044663
0.031037
0.044726
0.050098
0.043714
0.061483
0.046931
0.031472
0.045791
0.046191
0.039106
0.024520
0.025559
0.059558
0.036574
0.036356
0.042519
0.037911
0.030025
0.028231
0.025234
0.025644
0.025018
0.030369
0.025239
0.031190
0.035383
0.032201
0.030265
0.030244
0.033430
0.034856
0.028077
0.029872
0.031409
0.027252
0.028682
0.029730
0.031062
0.028435
0.029559
0.040560
0.031000
0.032321
0.028179
0.031199
0.036602
0.055390
0.051984
0.043466
0.050470
0.041539
0.043230
0.045881
0.044614
0.060161
0.043259
0.058550
0.063584
0.060561
0.035889
0.032755
0.039258
0.037361
0.032598
0.021942
0.021517
0.023378
0.021537
0.024422
0.026214
0.022512
0.021362
0.021267
0.025763
0.019270
0.021173
0.022935
0.021392
0.019713
0.016180
0.019215
0.029056
0.022230
0.034763
0.030386
0.029487
0.020599
0.021360
0.027135
0.030879
0.029454
0.034848
0.031416
0.020897
0.032891
0.036446
0.043687
0.016771
0.018937
0.020655
0.024146
0.023859
0.020798
0.022103
0.021357
0.033362
0.020791
0.021136
0.020775
0.022097
0.021099
0.021053
0.021404
0.029178
0.026692
0.029214
0.029095
0.026147
0.026486
0.028904
0.026309
0.038121
0.043532
0.038584
0.026057
0.027274
0.044871
0.034625
0.031177
0.036190
0.017656
0.017469
0.017258
0.021337
0.038288
0.031334
0.036162
0.038579
0.035598
0.022155
0.037668
0.026315
0.027911
0.030738
0.028711
0.026214
0.026672
0.026114
0.040721
0.041484
0.037571
0.037431
0.022810
0.025226
0.030471
0.022551
0.025052
0.021923
0.022940
0.022802
0.021917
0.034324
0.032087
0.013886
0.015567
0.014619
0.023497
0.012646
0.019222
0.045981
0.021664
0.023152
0.028088
0.014218
0.012766
0.012126
0.018762
0.014783
0.021838
0.068645
0.019449
0.028846
0.022841
0.028385
0.032465
0.022209
0.015690
0.014728
0.016043
0.032667
0.036968
0.028413
0.041528
0.027172
0.028103
0.020917
0.034570
0.017614
0.017283
0.018268
0.023270
0.017190
0.019875
0.017616
0.017261
0.017141
0.034485
0.024271
0.025468
0.039115
0.038781
0.041626
0.028199
0.018821
0.024494
0.018774
0.018792
0.030191
0.019769
0.030396
0.031482
0.044089
0.031303
0.031332
0.031866
0.023753
0.026379
0.030953
0.048366
0.032260
0.023275
0.023973
0.024476
0.023349
0.043464
0.036511
0.044230
0.044625
0.041479
0.023969
0.025470
0.040690
0.042817
0.025774
0.033201
0.048159
0.020494
0.021141
0.018066
0.022858
0.033642
0.020410
0.019810
0.050156
0.031308
0.030822
0.034932
0.034411
0.047130
0.033149
0.039323
0.034832
0.031186
0.021610
0.021934
0.024342
0.024970
0.031210
0.037623
0.032163
0.023022
0.024308
0.022397
0.043720
0.025265
0.024089
0.028023
0.051609
0.039841
0.036810
0.026557
0.029504
0.029752
0.028917
0.045808
0.044617
0.033050
0.039756
0.042667
0.042362
0.049515
0.067405
0.042704
0.044591
0.051385
0.061786
0.041335
0.047390
0.042163
0.066575
0.030039
0.018147
0.016379
0.030217
0.022906
0.023328
0.021427
0.023539
0.023735
0.020695
0.020335
0.020710
0.020253
0.021699
0.025775
0.023227
0.021248
0.024598
0.020737
0.021896
0.027658
0.023271
0.023642
0.029410
0.030277
0.024942
0.031397
0.033806
0.035755
0.030360
0.031381
0.031645
0.027434
0.034825
0.028525
0.024357
0.025539
0.026441
0.030484
0.025249
0.034383
0.026438
0.029860
0.035720
0.032256
0.028561
0.027390
0.032897
0.029073
0.042556
0.044902
0.042237
0.048321
0.042364
0.049753
0.041597
0.049685
0.046531
0.039895
0.046709
0.040252
0.041902
0.027729
0.029010
0.025053
0.028351
0.030020
0.030724
0.033756
0.030126
0.033977
0.037059
0.033995
0.035527
0.026249
0.023649
0.028603
0.024563
0.024607
0.024166
0.028111
0.030423
0.028570
0.027622
0.027531
0.028788
0.028462
0.030268
0.027829
0.027452
0.029653
0.031161
0.029697
0.029696
0.030947
0.032083
0.032960
0.031864
0.030668
0.032014
0.035664
0.034253
0.034963
0.034111
0.034487
0.034465
0.030072
0.030359
0.039319
0.050471
0.029545
0.034431
0.033635
0.029796
0.040653
0.047042
0.031113
0.029722
0.031249
0.030331
0.040584
0.034210
0.016081
0.014449
0.015762
0.018740
0.020979
0.021386
0.026999
0.024075
0.035762
0.023043
0.027133
0.025691
0.025201
0.026234
0.026448
0.026518
0.026632
0.025883
0.026619
0.026899
0.027087
0.031902
0.044509
0.031424
0.032690
0.028010
0.029302
0.030485
0.029807
0.026922
0.022429
0.025402
0.030998
0.028451
0.032546
0.028382
0.029776
0.027714
0.023310
0.031261
0.024152
0.022737
0.028149
0.029385
0.044201
0.033956
0.021906
0.024417
0.021822
0.020542
0.038081
0.024139
0.023530
0.028281
0.021195
0.020305
0.026382
0.035274
0.030843
0.032910
0.030408
0.037464
0.035341
0.027570
0.032871
0.030405
0.029316
0.031123
0.035475
0.029579
0.031637
0.031467
0.036976
0.036250
0.029749
0.029410
0.034321
0.031567
0.031072
0.034746
0.031214
0.030436
0.034746
0.027961
0.034620
0.027067
0.025879
0.027671
0.046932
0.041178
0.029135
0.033218
0.031695
0.033564
0.047003
0.036433
0.029440
0.030102
0.031330
0.030136
0.028811
0.027821
0.035405
0.030333
0.023375
0.019432
0.039017
0.030602
0.033249
0.039063
0.032020
0.031910
0.035279
0.035224
0.032490
0.034667
0.024275
0.028157
0.022325
0.024870
0.036340
0.025540
0.032498
0.015518
0.018605
0.014315
0.021744
0.015489
0.016571
0.022723
0.018580
0.016402
0.032133
0.022650
0.021773
0.038848
0.026900
0.026276
0.034176
0.030072
0.026708
0.037555
0.027379
0.026111
0.027428
0.030267
0.025870
0.028405
0.026690
0.025918
0.034450
0.024355
0.028156
0.024161
0.032962
0.025076
0.030501
0.023938
0.022175
0.022856
0.027565
0.043664
0.028418
0.057359
0.032520
0.029606
0.045398
0.030154
0.034072
0.035186
0.050628
0.033684
0.040516
0.032161
0.031755
0.049029
0.034111
0.032443
0.048280
0.032652
0.032209
0.030867
0.045508
0.029299
0.028300
0.054114
0.047440
0.042338
0.037989
0.073091
0.046215
0.035600
0.034630
0.047878
0.037305
0.034620
0.054743
0.035814
0.058195
0.045169
0.037071
0.056829
0.066984
0.057219
0.036630
0.054590
0.057775
0.035949
0.041804
0.044629
0.063524
0.056377
0.038059
0.037850
0.043169
0.041173
0.060379
0.087049
0.062789
0.046452
0.043458
0.057318
0.028409
0.060326
0.039945
0.040784
0.039897
0.043374
0.063367
0.049763
0.040277
0.040534
0.040100
0.045712
0.028394
0.041432
0.041555
0.030346
0.027680
0.061099
0.027808
0.034799
0.050649
0.031199
0.029519
0.028344
0.028860
0.028266
0.028133
0.029001
0.028275
0.028678
0.027388
0.031591
0.040305
0.027535
0.041540
0.041432
0.027859
0.033661
0.029027
0.028661
0.027755
0.029587
0.027869
0.029377
0.028294
0.029079
0.027576
0.029688
0.028400
0.040441
0.028191
0.029085
0.040138
0.040526
0.040290
0.039605
0.052191
0.047800
0.039994
0.041676
0.040252
0.049031
0.059752
0.043278
0.040520
0.060042
0.040155
0.046066
0.041042
0.044886
0.046799
0.032382
0.033242
0.036897
0.040305
0.032543
0.036699
0.045696
0.035708
0.041086
0.040127
0.047131
0.040755
0.038709
0.040006
0.049068
0.036551
0.036278
0.025549
0.031545
0.025905
0.032800
0.029143
0.017383
0.030438
0.017174
0.017332
0.018469
0.024411
0.018258
0.019433
0.018757
0.018601
0.023021
0.029177
0.019439
0.029266
0.025214
0.021477
0.019504
0.020314
0.028346
0.020100
0.019597
0.019403
0.020669
0.023172
0.018949
0.018180
0.019654
0.020445
0.020973
0.022625
0.024721
0.022271
0.023698
0.036148
0.024899
0.038327
0.035402
0.020941
0.023578
0.021607
0.016623
0.014241
0.015033
0.010815
0.013164
0.009231
0.033880
0.018250
0.013906
0.010754
0.019800
0.018729
0.034786
0.033329
0.021188
0.031047
0.035938
0.052846
0.031285
0.032552
0.044237
0.026177
0.023346
0.022929
0.023155
0.053201
0.022790
0.020142
0.020181
0.021646
0.019673
0.019065
0.018718
0.022490
0.020931
0.019422
0.019588
0.019143
0.019317
0.019236
0.028064
0.019958
0.020594
0.021301
0.040158
0.023437
0.023119
0.035291
0.029713
0.024460
0.029591
0.026172
0.040032
0.041626
0.025485
0.026670
0.026565
0.023385
0.025784
0.051463
0.029083
0.029690
0.025586
0.025118
0.025285
0.039234
0.025646
0.041435
0.027813
0.027045
0.039685
0.026685
0.029187
0.037890
0.052627
0.036964
0.043111
0.037226
0.050184
0.036798
0.032939
0.034209
0.036185
0.034554
0.035853
0.033793
0.035697
0.034307
0.033381
0.032195
0.026617
0.025970
0.025215
0.037482
0.042150
0.027353
0.025212
0.028647
0.036924
0.017485
0.025242
0.029635
0.022044
0.037356
0.050088
0.053769
0.050144
0.037458
0.030479
0.031707
0.030735
0.032334
0.035645
0.032279
0.035570
0.033003
0.032106
0.022776
0.034533
0.034570
0.023649
0.031873
0.022462
0.022780
0.024596
0.030611
0.031920
0.034222
0.038850
0.035355
0.036527
0.036327
0.035549
0.042084
0.036943
0.037751
0.037402
0.038416
0.037472
0.042091
0.038785
0.037726
0.028335
0.026840
0.028782
0.044065
0.038002
0.037635
0.040825
0.038911
0.025951
0.037164
0.038715
0.038203
0.037996
0.040732
0.044564
0.043064
0.045610
0.031857
0.046643
0.030378
0.044911
0.037952
0.047181
0.047558
0.043708
0.045840
0.043765
0.044111
0.043786
0.044420
0.044936
0.041749
0.039807
0.035287
0.034233
0.030813
0.037990
0.030956
0.032677
0.030956
0.034928
0.031820
0.033086
0.032393
0.032644
0.035715
0.033999
0.035283
0.035667
0.037525
0.037940
0.040120
0.040798
0.038457
0.046239
0.039059
0.037394
0.041500
0.039602
0.040921
0.033176
0.040400
0.037639
0.037750
0.036974
0.035760
0.038397
0.036427
0.040788
0.035515
0.039388
0.038786
0.036540
0.036545
0.043286
0.033815
0.036328
0.047676
0.038307
0.035808
0.033778
0.030085
0.031252
0.037970
0.044833
0.043428
0.039268
0.043162
0.039328
0.054231
0.035655
0.064905
0.052922
0.048628
0.057350
0.045873
0.039527
0.044014
0.038057
0.037686
0.042760
0.039190
0.041734
0.040136
0.040383
0.042690
0.038454
0.054905
0.036294
0.052778
0.030566
0.030234
0.034704
0.030262
0.038803
0.042385
0.030987
0.048513
0.047336
0.045222
0.034276
0.041389
0.039971
0.048625
0.037131
0.042800
0.038704
0.038684
0.039903
0.040396
0.039190
0.040668
0.040763
0.043975
0.040680
0.039347
0.042837
0.040546
0.039840
0.046184
0.041109
0.045840
0.047295
0.043502
0.052102
0.042459
0.043392
0.030645
0.049111
0.030773
0.030636
0.043460
0.037467
0.042978
0.030466
0.030435
0.047983
0.032043
0.049126
0.043607
0.070903
0.043225
0.046405
0.047817
0.045772
0.055438
0.058705
0.045091
0.045517
0.048875
0.028278
0.037517
0.038652
0.039931
0.040218
0.039384
0.052054
0.052274
0.040968
0.041076
0.045372
0.042037
0.042997
0.042620
0.043548
0.043731
0.044739
0.041679
0.042270
0.048318
0.041807
0.047986
0.054349
0.044227
0.044328
0.048652
0.044994
0.051577
0.048928
0.048924
0.050270
0.049068
0.049379
0.049560
0.057770
0.049758
0.048554
0.050559
0.048303
0.048592
0.054115
0.053021
0.052630
0.052025
0.049328
0.049668
0.054230
0.048370
0.048100
0.048941
0.046186
0.049257
0.057481
0.049432
0.046857
0.050478
0.045726
0.047515
0.047906
0.045879
0.025582
0.021831
0.033927
0.040001
0.037931
0.036456
0.033493
0.033011
0.035519
0.032736
0.032882
0.033067
0.041821
0.033484
0.035304
0.033180
0.036639
0.038118
0.041091
0.045975
0.041999
0.039137
0.041358
0.037286
0.034129
0.034681
0.033126
0.031772
0.036949
0.042149
0.056003
0.057786
0.050618
0.032293
0.031618
0.031096
0.035791
0.031422
0.038401
0.032081
0.033528
0.043390
0.032006
0.031119
0.034777
0.032864
0.036971
0.031822
0.033264
0.036533
0.037556
0.034916
0.047208
0.036492
0.054732
0.027190
0.032227
0.027467
0.028157
0.038717
0.034430
0.033059
0.036496
0.039047
0.034824
0.035058
0.033743
0.034829
0.042853
0.034261
0.033685
0.034158
0.026767
0.028414
0.052048
0.029429
0.032533
0.042614
0.039407
0.034219
0.051286
0.029497
0.038246
0.035194
0.036711
0.050856
0.042823
0.034590
0.040644
0.059489
0.034365
0.059214
0.037767
0.039946
0.042207
0.055493
0.035182
0.040771
0.039616
0.059068
0.046705
0.040696
0.028061
0.023279
0.023918
0.025078
0.030632
0.041541
0.029200
0.025124
0.030757
0.028409
0.028064
0.028478
0.022953
0.022959
0.028696
0.026012
0.024806
0.026609
0.023914
0.023993
0.030267
0.034790
0.028949
0.027553
0.025727
0.030201
0.026139
0.025840
0.032756
0.028843
0.029902
0.031478
0.023208
0.035950
0.044605
0.040563
0.049855
0.026559
0.028592
0.026476
0.035810
0.034906
0.027027
0.040016
0.038885
0.041384
0.033057
0.017428
0.053264
0.047102
0.021282
0.027424
0.028692
0.028891
0.033220
0.032539
0.033728
0.036069
0.033525
0.033888
0.033541
0.041417
0.044745
0.037187
0.022763
0.021206
0.024999
0.022472
0.024614
0.021235
0.021722
0.033346
0.021830
0.027450
0.021936
0.027949
0.019271
0.021079
0.021730
0.018581
0.025169
0.023038
0.028130
0.019130
0.024429
0.018934
0.026339
0.023946
0.021994
0.020808
0.021069
0.027371
0.023035
0.023476
0.021781
0.022148
0.021955
0.024000
0.021377
0.026282
0.024971
0.022577
0.028528
0.027267
0.022031
0.021550
0.020063
0.019265
0.033058
0.022261
0.025266
0.024230
0.023916
0.020021
0.019274
0.031355
0.035774
0.022378
0.028034
0.030073
0.016445
0.016244
0.019578
0.016421
0.025962
0.017048
0.016933
0.032116
0.033053
0.024584
0.059271
0.025390
0.024770
0.027443
0.036525
0.037412
0.035470
0.027606
0.027203
0.029410
0.031421
0.034334
0.031562
0.029542
0.027807
0.028892
0.035025
0.038968
0.030172
0.031833
0.037691
0.030081
0.025486
0.031212
0.027554
0.027492
0.030129
0.028529
0.029354
0.027329
0.030257
0.028648
0.027614
0.028340
0.047269
0.041048
0.040672
0.040936
0.031700
0.031299
0.036803
0.038093
0.031357
0.043792
0.043783
0.044930
0.043878
0.030379
0.030208
0.037349
0.043828
0.030166
0.030778
0.032333
0.030300
0.036556
0.042936
0.039296
0.031388
0.033618
0.031013
0.051434
0.033525
0.045714
0.046420
0.043725
0.048609
0.044847
0.046251
0.044868
0.068687
0.044192
0.071272
0.044787
0.030782
0.032968
0.030170
0.034181
0.030393
0.031133
0.050279
0.032152
0.030180
0.031671
0.044336
0.045163
0.030242
0.030278
0.025255
0.026039
0.026451
0.026682
0.027611
0.031414
0.027567
0.027999
0.029035
0.046393
0.048506
0.044959
0.046070
0.044359
0.046459
0.044091
0.049191
0.045277
0.045477
0.045580
0.034984
0.043925
0.038642
0.029015
0.028781
0.042433
0.039900
0.069892
0.033911
0.038529
0.032996
0.027899
0.039424
0.029248
0.041628
0.042366
0.040770
0.027531
0.043918
0.032045
0.044672
0.040624
0.045371
0.062652
0.042359
0.033075
0.042191
0.028160
0.043552
0.028520
0.028065
0.028986
0.051458
0.031661
0.036787
0.041828
0.057181
0.038227
0.039927
0.040565
0.038552
0.040095
0.038935
0.026270
0.026248
0.039766
0.039611
0.037858
0.035578
0.046251
0.045789
0.047009
0.046686
0.030087
0.034081
0.042997
0.045717
0.043678
0.029648
0.045863
0.043121
0.035452
0.043069
0.030512
0.044021
0.029490
0.030152
0.047187
0.048061
0.046880
0.049553
0.046315
0.054667
0.044238
0.047513
0.044666
0.044050
0.045171
0.050832
0.029591
0.041496
0.038107
0.042040
0.041306
0.043797
0.040310
0.044832
0.038947
0.040985
0.025814
0.027867
0.039054
0.026679
0.025760
0.025860
0.036501
0.038124
0.038634
0.039244
0.039311
0.040594
0.026285
0.042252
0.043385
0.029414
0.041875
0.042620
0.044848
0.043685
0.039686
0.043769
0.042196
0.038585
0.042030
0.056906
0.052494
0.051020
0.045672
0.046609
0.045982
0.048645
0.052761
0.044557
0.048802
0.045917
0.051179
0.044455
0.051182
0.046983
0.048880
0.044213
0.046038
0.046136
0.046327
0.045045
0.047823
0.047297
0.046136
0.046358
0.046411
0.046982
0.046972
0.042853
0.044566
0.041431
0.041331
0.043661
0.041511
0.043591
0.042553
0.043125
0.041691
0.042844
0.045581
0.051463
0.041364
0.045943
0.044461
0.042881
0.044237
0.028223
0.046596
0.038065
0.034091
0.037736
0.039785
0.039262
0.039985
0.042794
0.036586
0.041455
0.038656
0.030980
0.037627
0.029250
0.027770
0.028467
0.031784
0.055147
0.032175
0.028911
0.032871
0.031291
0.029043
0.033621
0.043677
0.028803
0.032857
0.024093
0.028285
0.028315
0.029133
0.027578
0.040273
0.020175
0.027236
0.029075
0.028686
0.033745
0.039295
0.024374
0.030257
0.027514
0.024683
0.023155
0.031293
0.030073
0.042826
0.029006
0.051636
0.029477
0.032169
0.032319
0.023052
0.029222
0.036227
0.032662
0.030429
0.048631
0.033580
0.034516
0.029751
0.029658
0.031034
0.049700
0.030122
0.030962
0.032768
0.043212
0.028841
0.050492
0.043253
0.030851
0.019755
0.023227
0.036267
0.038096
0.037608
0.041896
0.023047
0.039831
0.029367
0.041786
0.045291
0.050674
0.060941
0.046567
0.048732
0.046115
0.047197
0.043675
0.053771
0.055066
0.043791
0.043427
0.046108
0.029546
0.042380
0.044915
0.038094
0.037527
0.033826
0.040653
0.046491
0.045800
0.039875
0.030887
0.030753
0.031311
0.030533
0.033278
0.031359
0.030672
0.029191
0.028899
0.031422
0.029094
0.029579
0.057759
0.028738
0.048013
0.042136
0.060240
0.043921
0.034324
0.059911
0.065721
0.043531
0.044551
0.043677
0.058787
0.051130
0.045850
0.042098
0.055367
0.044647
0.028927
0.065590
0.055231
0.043331
0.041250
0.045421
0.043429
0.060134
0.058180
0.042911
0.037615
0.057679
0.042478
0.061745
0.041344
0.045189
0.043344
0.036994
0.035057
0.032270
0.031441
0.039788
0.037080
0.034095
0.032998
0.037149
0.039471
0.037837
0.044509
0.040067
0.038093
0.051106
0.046511
0.040780
0.043407
0.038036
0.044079
0.044712
0.043433
0.057201
0.046292
0.038564
0.039205
0.025271
0.028602
0.032376
0.029933
0.034837
0.030916
0.036430
0.026729
0.027304
0.030827
0.026934
0.028625
0.027385
0.033712
0.036164
0.044967
0.025653
0.038105
0.027308
0.028903
0.027778
0.050328
0.033102
0.049880
0.036535
0.024248
0.026644
0.043966
0.037017
0.050280
0.042819
0.042303
0.060383
0.040266
0.050893
0.042690
0.042500
0.044666
0.043940
0.052884
0.043822
0.044811
0.050584
0.044199
0.047940
0.047421
0.046714
0.048508
0.041514
0.034942
0.023426
0.041969
0.021757
0.023741
0.024078
0.040946
0.034031
0.043373
0.033818
0.033237
0.033306
0.024274
0.034946
0.021260
0.024460
0.035318
0.020977
0.031321
0.023226
0.021198
0.022825
0.020993
0.033736
0.033067
0.023062
0.014398
0.016762
0.018198
0.036833
0.021421
0.020085
0.032901
0.015550
0.026447
0.015231
0.021403
0.042767
0.026102
0.030698
0.022173
0.020111
0.029328
0.026062
0.027613
0.029132
0.018283
0.021114
0.019444
0.013813
0.018206
0.024529
0.041186
0.023062
0.025974
0.021922
0.029364
0.027349
0.034889
0.025013
0.038904
0.025840
0.029152
0.017259
0.024004
0.035301
0.025933
0.027724
0.031811
0.041205
0.027694
0.027283
0.020031
0.025957
0.029362
0.020772
0.031823
0.030032
0.031667
0.029494
0.031700
0.030095
0.033174
0.022830
0.034741
0.030788
0.020627
0.021531
0.020900
0.016038
0.020689
0.021373
0.028663
0.035401
0.027946
0.022656
0.026234
0.026516
0.029090
0.025925
0.030319
0.029617
0.020225
0.028423
0.028349
0.031753
0.051028
0.029046
0.056628
0.035836
0.036574
0.022506
0.023184
0.037552
0.035856
0.036208
0.034811
0.034377
0.028238
0.025367
0.023166
0.027844
0.019311
0.020593
0.030241
0.028570
0.034803
0.029600
0.033714
0.028453
0.020024
0.032652
0.020357
0.019799
0.044861
0.034854
0.032360
0.033114
0.035178
0.029417
0.040665
0.040957
0.032618
0.031571
0.031509
0.032204
0.037388
0.041867
0.034989
0.034893
0.032408
0.038820
0.035482
0.032736
0.033971
0.035772
0.032693
0.032440
0.035194
0.037297
0.036472
0.032721
0.033876
0.034096
0.034046
0.034558
0.035480
0.040832
0.033097
0.032538
0.033668
0.036762
0.033502
0.032740
0.040814
0.033699
0.035964
0.032877
0.034600
0.039699
0.036382
0.034879
0.037415
0.038224
0.036913
0.038475
0.038695
0.035741
0.024687
0.037680
0.023842
0.028465
0.030542
0.023592
0.021045
0.021219
0.025009
0.030785
0.030713
0.033532
0.029106
0.029366
0.019691
0.029963
0.031257
0.030401
0.033103
0.032968
0.022404
0.023685
0.025462
0.024012
0.022337
0.021993
0.024068
0.027251
0.023858
0.022232
0.026883
0.023031
0.022023
0.030924
0.028222
0.033384
0.027151
0.029758
0.025216
0.024603
0.026119
0.029629
0.026561
0.027040
0.027418
0.029066
0.029642
0.027673
0.026706
0.028178
0.026872
0.028914
0.026940
0.047359
0.027849
0.027830
0.033126
0.034284
0.030519
0.029152
0.029347
0.029795
0.032251
0.027812
0.028443
0.035978
0.027961
0.028696
0.027758
0.028103
0.028444
0.028248
0.029763
0.028667
0.032722
0.029284
0.031770
0.031317
0.041278
0.024652
0.040748
0.026600
0.023054
0.028006
0.026359
0.026582
0.030414
0.027952
0.024893
0.024784
0.026385
0.026874
0.027737
0.028482
0.029723
0.020809
0.020649
0.023674
0.022175
0.023952
0.022048
0.038000
0.039987
0.022533
0.026536
0.037967
0.021628
0.021990
0.021226
0.021186
0.022256
0.019532
0.034637
0.030623
0.032690
0.032090
0.029962
0.031355
0.032348
0.038254
0.040145
0.042611
0.039771
0.034593
0.032842
0.037472
0.022842
0.026978
0.036124
0.035653
0.029783
0.025848
0.034936
0.036344
0.037552
0.035424
0.037301
0.034140
0.030501
0.031669
0.028109
0.028560
0.032709
0.033980
0.032480
0.032239
0.031948
0.035045
0.032169
0.039018
0.038769
0.027739
0.030026
0.028133
0.026462
0.030812
0.028999
0.026284
0.027062
0.031812
0.027836
0.030894
0.030673
0.030683
0.027018
0.028332
0.037351
0.032359
0.031277
0.032844
0.038066
0.031826
0.034183
0.034074
0.031960
0.029794
0.031193
0.035150
0.031634
0.028176
0.030174
0.029869
0.030257
0.028862
0.032366
0.040904
0.027136
0.035294
0.026754
0.035560
0.028185
0.030281
0.037792
0.038100
0.034535
0.038969
0.037329
0.035501
0.041246
0.035583
0.039773
0.036496
0.039643
0.036025
0.041009
0.034315
0.049300
0.033696
0.032995
0.033491
0.033424
0.038432
0.046915
0.041048
0.029368
0.027070
0.027195
0.028335
0.026867
0.029139
0.028108
0.036245
0.032905
0.034313
0.032881
0.049959
0.056249
0.032944
0.033640
0.034377
0.034712
0.032685
0.041986
0.039663
0.036005
0.059555
0.043124
0.037381
0.034909
0.035872
0.034761
0.033585
0.034992
0.035965
0.035697
0.033922
0.033338
0.034555
0.037915
0.034091
0.031400
0.037119
0.035921
0.039664
0.035894
0.036716
0.045380
0.036450
0.036567
0.040002
0.037570
0.038417
0.041385
0.039921
0.040127
0.041581
0.040338
0.040487
0.041776
0.043624
0.041446
0.042302
0.045924
0.041483
0.040285
0.041118
0.040381
0.045142
0.044762
0.044598
0.041561
0.041809
0.048728
0.044888
0.043704
0.045183
0.044964
0.043562
0.042657
0.051400
0.042943
0.043547
0.043799
0.043338
0.043941
0.045353
0.028985
0.022292
0.029159
0.027048
0.025620
0.024997
0.042368
0.047702
0.036879
0.031996
0.037623
0.049066
0.048591
0.046806
0.056791
0.048048
0.036663
0.039095
0.036970
0.036034
0.039819
0.034483
0.034635
0.039207
0.039392
0.036026
0.038519
0.041278
0.060448
0.040183
0.043972
0.031978
0.033218
0.031362
0.031114
0.035840
0.031050
0.031172
0.037358
0.053026
0.049837
0.038330
0.040243
0.040242
0.042280
0.066018
0.042828
0.050787
0.046405
0.047946
0.046499
0.051131
0.055589
0.060838
0.059846
0.061573
0.055041
0.056256
0.063643
0.064151
0.041265
0.052051
0.036876
0.038387
0.041362
0.053559
0.043937
0.039935
0.047965
0.050187
0.050384
0.039357
0.036037
0.053452
0.040863
0.035508
0.038716
0.029213
0.032047
0.031596
0.029137
0.035535
0.031253
0.031427
0.037415
0.034588
0.035104
0.035420
0.031927
0.036814
0.037255
0.032269
0.029235
0.049051
0.022141
0.022955
0.023730
0.026595
0.023832
0.028244
0.022242
0.025384
0.025789
0.023690
0.025827
0.024633
0.032662
0.029860
0.030769
0.029520
0.022325
0.024697
0.024513
0.025318
0.031266
0.022902
0.031343
0.022088
0.028041
0.023251
0.021358
0.030739
0.024550
0.022962
0.024592
0.024438
0.022998
0.022027
0.023848
0.022347
0.022829
0.025349
0.022798
0.021220
0.027768
0.022419
0.031868
0.036824
0.029446
0.028334
0.032431
0.028905
0.028132
0.029117
0.028409
0.029578
0.030746
0.031728
0.033882
0.028422
0.028343
0.033190
0.028682
0.028772
0.035343
0.028031
0.038518
0.031375
0.030243
0.035393
0.032873
0.031035
0.028117
0.031628
0.028806
0.028566
0.030080
0.030011
0.028227
0.029490
0.029293
0.030738
0.028758
0.029027
0.029279
0.035520
0.029858
0.032363
0.030470
0.031657
0.028579
0.029683
0.029290
0.029084
0.036544
0.031784
0.030515
0.030145
0.036824
0.034415
0.040545
0.033034
0.035569
0.059585
0.036299
0.038896
0.039582
0.038416
0.043623
0.037698
0.038630
0.037665
0.041601
0.028139
0.027947
0.028347
0.028340
0.026948
0.029258
0.027235
0.027531
0.027711
0.033118
0.029472
0.062409
0.037104
0.035094
0.037418
0.061864
0.038229
0.058270
0.039169
0.054277
0.039841
0.041295
0.063483
0.046901
0.028759
0.029366
0.030828
0.034919
0.044111
0.040631
0.040323
0.045842
0.038950
0.041147
0.050947
0.042681
0.040536
0.038416
0.041769
0.051341
0.038417
0.041616
0.042985
0.039869
0.039407
0.048913
0.037607
0.048806
0.036834
0.029524
0.047709
0.034905
0.030695
0.034428
0.037040
0.035427
0.053161
0.031664
0.039024
0.030436
0.049355
0.050933
0.031078
0.033491
0.030295
0.030278
0.033496
0.037547
0.042598
0.025992
0.032488
0.031475
0.061563
0.035845
0.036177
0.055550
0.038211
0.045203
0.056516
0.033006
0.036438
0.035716
0.030699
0.030363
0.036007
0.036721
0.032445
0.032413
0.037819
0.037737
0.046487
0.039613
0.043583
0.040396
0.042378
0.040792
0.041893
0.047567
0.036094
0.031973
0.032228
0.036040
0.033427
0.042291
0.032952
0.041176
0.026728
0.029520
0.031425
0.032957
0.031610
0.035274
0.035338
0.033515
0.037333
0.029623
0.047702
0.024014
0.023837
0.024736
0.028156
0.032309
0.029868
0.041163
0.032751
0.029912
0.032730
0.030187
0.029311
0.033625
0.038564
0.031440
0.034340
0.029129
0.032935
0.043635
0.041176
0.034617
0.033171
0.034643
0.037337
0.037259
0.043714
0.048324
0.043094
0.040228
0.044118
0.063237
0.045552
0.047017
0.043641
0.042567
0.046067
0.043712
0.044110
0.046617
0.045553
0.050461
0.038020
0.041412
0.039482
0.047385
0.041716
0.042136
0.038865
0.039216
0.041267
0.039350
0.040286
0.040234
0.039133
0.039762
0.038998
0.041351
0.041691
0.042915
0.049038
0.048430
0.046767
0.051873
0.046628
0.052631
0.050359
0.049842
0.047312
0.054925
0.048633
0.042443
0.030290
0.024433
0.025165
0.041047
0.026928
0.021278
0.025794
0.025189
0.028933
0.042556
0.026477
0.049125
0.027375
0.028619
0.027540
0.028561
0.029335
0.033404
0.033042
0.032853
0.026713
0.031296
0.024723
0.024884
0.024396
0.030855
0.025656
0.025683
0.026861
0.024634
0.026628
0.026162
0.027529
0.031737
0.026805
0.026624
0.029080
0.027660
0.026700
0.032529
0.028199
0.027391
0.027306
0.030713
0.032321
0.029338
0.027307
0.028829
0.026680
0.028199
0.028861
0.024264
0.041514
0.026932
0.040068
0.030162
0.024666
0.024996
0.029276
0.029594
0.026652
0.035166
0.026647
0.026655
0.026482
0.026881
0.032593
0.027161
0.028932
0.027738
0.033333
0.028258
0.026812
0.030020
0.028389
0.028518
0.028516
0.028565
0.030023
0.027299
0.026809
0.026443
0.029237
0.028227
0.026740
0.032232
0.028516
0.029954
0.028926
0.028298
0.027425
0.038003
0.035228
0.043679
0.042193
0.042449
0.035591
0.028174
0.042266
0.032792
0.023855
0.023046
0.025567
0.024598
0.028226
0.030147
0.034334
0.026643
0.025929
0.029539
0.028293
0.036834
0.032076
0.036010
0.033365
0.037192
0.047161
0.036263
0.041251
0.040091
0.033010
0.031647
0.032632
0.033794
0.038525
0.038871
0.034012
0.035480
0.044348
0.024560
0.040920
0.037854
0.042931
0.041869
0.036011
0.042295
0.040381
0.041847
0.047866
0.038483
0.046911
0.039282
0.055368
0.043699
0.038504
0.042407
0.038504
0.042929
0.043718
0.047738
0.040454
0.039509
0.040508
0.039632
0.051917
0.044392
0.055237
0.059586
0.062685
0.038987
0.044225
0.038369
0.027026
0.041456
0.039226
0.039274
0.039119
0.041814
0.039243
0.044070
0.039759
0.043516
0.040962
0.030893
0.047772
0.035330
0.038824
0.038365
0.035602
0.069870
0.036390
0.038266
0.037650
0.045783
0.045270
0.043594
0.045498
0.043953
0.046303
0.046879
0.048253
0.045292
0.045614
0.061078
0.048025
0.049093
0.046474
0.050571
0.047678
0.046846
0.046427
0.047339
0.034633
0.028618
0.031096
0.032024
0.035866
0.040245
0.042831
0.040596
0.041034
0.040096
0.045731
0.054842
0.047895
0.048375
0.044208
0.054695
0.048282
0.050502
0.044574
0.052797
0.045861
0.055755
0.048762
0.046252
0.047859
0.044437
0.044579
0.044229
0.047624
0.044868
0.040959
0.053895
0.043322
0.050651
0.049266
0.053388
0.057155
0.046571
0.052910
0.045914
0.044966
0.047350
0.045702
0.045494
0.044837
0.045349
0.044360
0.048269
0.044906
0.044275
0.056898
0.058263
0.045367
0.044201
0.055331
0.055045
0.045264
0.051770
0.044341
0.045057
0.046153
0.044798
0.044166
0.046764
0.045974
0.045859
0.055088
0.046047
0.041428
0.037866
0.043511
0.045613
0.043788
0.044999
0.043610
0.042700
0.056634
0.048641
0.043924
0.047710
0.046140
0.053407
0.058226
0.048141
0.051377
0.047468
0.046652
0.052170
0.052303
0.051397
0.052609
0.050895
0.062327
0.046480
0.054770
0.055928
0.052566
0.047015
0.047915
0.048114
0.048542
0.049886
0.046859
0.046720
0.051920
0.044723
0.048347
0.047609
0.055901
0.060112
0.046003
0.043292
0.058775
0.044627
0.051027
0.043618
0.056966
0.044960
0.044870
0.044851
0.046336
0.044240
0.044405
0.052601
0.043338
0.045493
0.040452
0.039307
0.053896
0.040754
0.047740
0.044312
0.044519
0.047540
0.049264
0.048339
0.051779
0.043318
0.040103
0.048813
0.045945
0.045744
0.043694
0.043987
0.045763
0.045594
0.043751
0.045635
0.044962
0.045746
0.051121
0.053545
0.045962
0.043834
0.043617
0.046041
0.047803
0.048803
0.041743
0.039943
0.045332
0.046133
0.046580
0.042958
0.045443
0.045599
0.045232
0.051553
0.047801
0.043610
0.043941
0.043192
0.043519
0.053964
0.046443
0.051927
0.048197
0.047712
0.051025
0.049207
0.046116
0.053281
0.047887
0.047332
0.046726
0.063787
0.047227
0.047811
0.046605
0.057512
0.047154
0.046031
0.047490
0.046927
0.046452
0.054826
0.048683
0.046502
0.052476
0.046632
0.059225
0.047358
0.050971
0.048774
0.046748
0.047461
0.047299
0.049509
0.046355
0.048142
0.049699
0.047905
0.047223
0.049287
0.048285
0.045877
0.042913
0.045751
0.051780
0.045278
0.043199
0.043795
0.045260
0.043794
0.046367
0.044652
0.046185
0.045006
0.043870
0.047321
0.045004
0.054669
0.047727
0.052200
0.046026
0.044069
0.049787
0.048767
0.043663
0.063187
0.061057
0.050188
0.044098
0.043150
0.044761
0.068372
0.043071
0.047628
0.058251
0.043412
0.050758
0.059236
0.066214
0.042980
0.044661
0.042762
0.064090
0.043944
0.061087
0.045072
0.048250
0.058301
0.050149
0.043447
0.045737
0.045565
0.043972
0.079242
0.046558
0.045544
0.050850
0.058015
0.045781
0.043208
0.059535
0.044380
0.059470
0.045644
0.043181
0.058487
0.047683
0.045850
0.043140
0.047307
0.044025
0.066037
0.044002
0.067459
0.043031
0.046175
0.042736
0.061630
0.059940
0.045451
0.043692
0.042711
0.062101
0.047634
0.055929
0.052188
0.070310
0.064528
0.070240
0.049571
0.063727
0.048752
0.064873
0.051599
0.046374
0.046039
0.068222
0.051643
0.050063
0.046942
0.066739
0.046002
0.049550
0.046104
0.063636
0.051826
0.046216
0.049567
0.060076
0.053877
0.052665
0.066154
0.067188
0.066462
0.060563
0.048742
0.049502
0.047454
0.054528
0.056751
0.050002
0.051989
0.059104
0.047291
0.048667
0.045943
0.046685
0.048444
0.054089
0.048325
0.046495
0.050278
0.056190
0.056094
0.046733
0.054020
0.057290
0.057948
0.062135
0.058244
0.051100
0.049884
0.049634
0.046357
0.048151
0.050560
0.057242
0.059243
0.066689
0.048216
0.055026
0.061031
0.045928
0.041147
0.044175
0.041763
0.040631
0.047538
0.041359
0.047448
0.043654
0.044319
0.048752
0.042925
0.043076
0.042037
0.047649
0.045186
0.043428
0.041678
0.043772
0.044007
0.041639
0.041721
0.038548
0.039968
0.040668
0.042050
0.041422
0.047246
0.043293
0.048831
0.042742
0.044338
0.043325
0.043107
0.049620
0.045296
0.043031
0.044096
0.044203
0.057162
0.043996
0.043994
0.044549
0.044248
0.056292
0.044475
0.042754
0.048668
0.045971
0.048338
0.043141
0.043703
0.050516
0.043662
0.045565
0.057008
0.044003
0.055987
0.044459
0.045675
0.044869
0.045237
0.044641
0.049570
0.053794
0.046075
0.043114
0.048432
0.043499
0.044202
0.051577
0.031527
0.038646
0.023871
0.024601
0.023598
0.028923
0.026751
0.023955
0.023828
0.045335
0.037617
0.034230
0.024317
0.024269
0.026944
0.031384
0.023758
0.032554
0.025684
0.028148
0.025680
0.031557
0.032297
0.034792
0.035554
0.037657
0.049792
0.031795
0.034519
0.032942
0.031939
0.043575
0.035624
0.032071
0.046906
0.044736
0.038985
0.035630
0.032084
0.034961
0.041444
0.036140
0.037931
0.042543
0.034394
0.034134
0.038671
0.046062
0.034021
0.052710
0.055026
0.042163
0.031800
0.034937
0.033520
0.035792
0.033265
0.034712
0.033568
0.033316
0.032325
0.032059
0.036833
0.037334
0.036953
0.034726
0.036455
0.038198
0.043176
0.058299
0.046140
0.038503
0.046105
0.043953
0.040590
0.047529
0.041670
0.043636
0.040118
0.040322
0.046458
0.042931
0.041357
0.047044
0.041427
0.040242
0.047050
0.037298
0.025859
0.029292
0.027482
0.019744
0.027887
0.035627
0.030501
0.033118
0.030234
0.034326
0.032673
0.031740
0.034081
0.031392
0.029989
0.031275
0.030030
0.035404
0.032780
0.028312
0.030704
0.028072
0.033672
0.032985
0.031316
0.036469
0.035125
0.036100
0.033776
0.035980
0.038186
0.033837
0.036071
0.034478
0.032668
0.032884
0.031487
0.030210
0.028135
0.029922
0.030352
0.028029
0.030808
0.028129
0.028116
0.031126
0.030473
0.028226
0.028018
0.031134
0.030294
0.032153
0.037034
0.046833
0.046172
0.057353
0.036865
0.036662
0.044145
0.038030
0.038107
0.048110
0.049984
0.039786
0.039778
0.038683
0.038837
0.038860
0.040231
0.038278
0.041763
0.038591
0.040027
0.025831
0.028491
0.030629
0.028048
0.019248
0.029222
0.032401
0.030316
0.031574
0.031393
0.033399
0.035855
0.032192
0.036004
0.034416
0.034138
0.034057
0.037644
0.036641
0.036174
0.038256
0.036841
0.036741
0.039405
0.041830
0.038490
0.038971
0.037902
0.038081
0.040031
0.039945
0.038463
0.038971
0.038200
0.040943
0.042667
0.039046
0.038595
0.049647
0.039779
0.042825
0.041203
0.042861
0.041623
0.041331
0.043420
0.050307
0.048245
0.042735
0.040476
0.040586
0.045600
0.043934
0.047333
0.043654
0.045484
0.045085
0.044010
0.046882
0.030568
0.030407
0.044563
0.044500
0.030549
0.044330
0.030371
0.030731
0.049270
0.030292
0.044080
0.031231
0.031031
0.036124
0.030328
0.047958
0.032131
0.041264
0.030956
0.030917
0.030972
0.032413
0.030231
0.030165
0.044091
0.043890
0.043428
0.047700
0.032356
0.031893
0.046071
0.048122
0.049089
0.045682
0.048853
0.046225
0.047919
0.050462
0.046324
0.046693
0.049741
0.046582
0.048448
0.048498
0.045915
0.051315
0.052680
0.046341
0.046087
0.043436
0.039989
0.042161
0.046704
0.030459
0.045396
0.033664
0.042521
0.035808
0.046433
0.047069
0.042978
0.044548
0.032456
0.045915
0.045460
0.037320
0.053321
0.038612
0.048078
0.043013
0.038723
0.055850
0.031781
0.051531
0.032801
0.032247
0.032905
0.022224
0.026447
0.051543
0.040182
0.030771
0.026000
0.039548
0.032310
0.047616
0.034756
0.028243
0.024994
0.031213
0.026991
0.026185
0.029110
0.026453
0.031339
0.029335
0.034217
0.026014
0.026007
0.030908
0.036544
0.044716
0.038129
0.045307
0.029458
0.030508
0.036249
0.027404
0.027222
0.024991
0.025891
0.046090
0.053323
0.027642
0.029084
0.027482
0.033623
0.032265
0.046210
0.031062
0.044617
0.034437
0.028476
0.028036
0.028118
0.030356
0.044327
0.045310
0.040071
0.028163
0.028027
0.044463
0.032827
0.027575
0.030497
0.058731
0.045875
0.027909
0.043051
0.052118
0.028208
0.049116
0.042615
0.058036
0.060817
0.048449
0.045142
0.045236
0.073044
0.050593
0.044108
0.059353
0.046866
0.044375
0.047519
0.045045
0.061553
0.050174
0.061210
0.048925
0.045204
0.065488
0.062771
0.074162
0.061244
0.036717
0.036498
0.043537
0.037749
0.037611
0.052161
0.050470
0.039586
0.035749
0.036764
0.032414
0.036199
0.046351
0.052739
0.032022
0.032532
0.037426
0.034845
0.030392
0.025998
0.034964
0.034133
0.032067
0.032592
0.032732
0.036316
0.037769
0.024787
0.035694
0.041838
0.036257
0.036064
0.024862
0.024920
0.039230
0.037548
0.018025
0.019045
0.019432
0.024025
0.019412
0.022971
0.021912
0.021800
0.025873
0.020235
0.023350
0.024283
0.025745
0.038713
0.036243
0.024714
0.028157
0.041727
0.040277
0.027391
0.048018
0.042418
0.041813
0.042003
0.046509
0.041563
0.043518
0.043877
0.043528
0.043182
0.042347
0.025024
0.028811
0.043846
0.042884
0.042408
0.043533
0.046301
0.045539
0.045530
0.047106
0.049455
0.042731
0.055081
0.038236
0.037683
0.035191
0.036805
0.037826
0.035129
0.046244
0.028590
0.037466
0.027078
0.025828
0.025402
0.040479
0.039022
0.033213
0.041177
0.047636
0.039788
0.046699
0.045459
0.039756
0.059395
0.041056
0.041511
0.045923
0.059659
0.057282
0.047163
0.043641
0.031045
0.044114
0.030068
0.034846
0.044447
0.048619
0.039227
0.042247
0.047358
0.049721
0.048326
0.048973
0.046209
0.050522
0.036645
0.045859
0.034252
0.047295
0.047209
0.046330
0.033092
0.049918
0.038866
0.040261
0.061836
0.029068
0.042724
0.042152
0.059561
0.054355
0.044501
0.045316
0.043574
0.031829
0.034247
0.036623
0.038049
0.034993
0.033942
0.031223
0.029835
0.044165
0.031057
0.015945
0.020695
0.025581
0.027937
0.026979
0.032029
0.035784
0.046840
0.029330
0.035147
0.023940
0.023802
0.028695
0.035302
0.029375
0.027756
0.025828
0.047093
0.025143
0.016932
0.017924
0.017190
0.016723
0.028489
0.033380
0.049655
0.044501
0.039896
0.032075
0.024131
0.038280
0.044805
0.026274
0.035332
0.048920
0.051385
0.042136
0.034552
0.037282
0.024015
0.040101
0.044280
0.034847
0.026534
0.029002
0.029022
0.025909
0.033446
0.038427
0.027079
0.027999
0.027914
0.026937
0.034550
0.027557
0.039524
0.040980
0.039228
0.027855
0.030117
0.029432
0.030312
0.029855
0.035235
0.031090
0.035360
0.035624
0.043864
0.027787
0.015676
0.017427
0.018112
0.018070
0.027130
0.052292
0.015940
0.013747
0.014195
0.016570
0.012626
0.023654
0.037979
0.041333
0.013876
0.018276
0.017291
0.020154
0.013812
0.038272
0.030780
0.042269
0.046930
0.029586
0.035904
0.026952
0.027097
0.028692
0.030917
0.030130
0.023574
0.024269
0.033131
0.031013
0.037734
0.031908
0.019421
0.026148
0.018206
0.018173
0.024214
0.040554
0.028119
0.032812
0.037098
0.047092
0.050250
0.030898
0.030009
0.032718
0.049720
0.033274
0.032634
0.022231
0.023634
0.023163
0.033452
0.026695
0.026321
0.037228
0.025191
0.027317
0.027393
0.037110
0.028934
0.039576
0.036486
0.039541
0.037700
0.036761
0.027214
0.026396
0.025079
0.027255
0.027713
0.025151
0.025019
0.026053
0.027127
0.025043
0.025770
0.029136
0.035057
0.041095
0.043479
0.028970
0.042402
0.044769
0.043819
0.046486
0.028098
0.033710
0.027823
0.034301
0.023985
0.023631
0.037262
0.042384
0.026230
0.046802
0.039361
0.037854
0.028675
0.042232
0.026426
0.037892
0.057574
0.041760
0.030449
0.041579
0.043480
0.063046
0.041986
0.043216
0.042419
0.045232
0.042567
0.031122
0.028905
0.029709
0.042527
0.029032
0.041733
0.034308
0.031137
0.032380
0.032630
0.040707
0.036421
0.038304
0.035308
0.036299
0.036500
0.035095
0.034562
0.039055
0.025132
0.035813
0.035658
0.040810
0.034846
0.039283
0.036216
0.038696
0.041829
0.037665
0.038437
0.040560
0.038876
0.037742
0.042104
0.039278
0.038764
0.041113
0.027954
0.051075
0.030601
0.038171
0.039100
0.040705
0.046824
0.036170
0.044139
0.056579
0.053198
0.044801
0.043700
0.047786
0.037533
0.037523
0.055336
0.053718
0.039635
0.028853
0.024105
0.027205
0.038506
0.026751
0.029356
0.029810
0.026506
0.026021
0.026070
0.028530
0.030276
0.030201
0.031749
0.029936
0.035997
0.032859
0.032398
0.032880
0.034104
0.032387
0.039793
0.037452
0.035331
0.050779
0.045558
0.047501
0.045752
0.037336
0.047243
0.037126
0.040054
0.038687
0.037210
0.044072
0.040553
0.039855
0.039694
0.049601
0.042237
0.039235
0.039895
0.045531
0.039715
0.040603
0.039147
0.041658
0.038888
0.039384
0.037116
0.032777
0.033781
0.034618
0.035851
0.037320
0.034718
0.041181
0.033773
0.040386
0.036461
0.040428
0.033768
0.036049
0.023669
0.032112
0.033581
0.026589
0.038267
0.033751
0.040385
0.031615
0.040746
0.041559
0.038628
0.031702
0.035467
0.032665
0.034192
0.035498
0.032866
0.034586
0.032962
0.031609
0.031821
0.032172
0.027204
0.033719
0.032315
0.035402
0.027793
0.028147
0.027233
0.017682
0.027474
0.019509
0.028761
0.022623
0.038051
0.028341
0.029091
0.036288
0.033344
0.017604
0.016235
0.018087
0.015677
0.020222
0.017088
0.017118
0.016457
0.016141
0.023960
0.023548
0.024054
0.019804
0.023954
0.020703
0.019920
0.023633
0.020181
0.027828
0.029682
0.028445
0.028468
0.034980
0.030035
0.028144
0.034809
0.028902
0.028887
0.031548
0.030572
0.019483
0.019428
0.024395
0.019851
0.029883
0.019232
0.030038
0.028847
0.029028
0.029515
0.021976
0.035491
0.022834
0.024531
0.021629
0.018808
0.028423
0.024535
0.019752
0.019572
0.026229
0.020946
0.022700
0.021957
0.023585
0.027256
0.031041
0.025721
0.025005
0.022089
0.024158
0.034180
0.023356
0.020951
0.023201
0.021413
0.020967
0.020980
0.016612
0.036940
0.019337
0.018292
0.020011
0.023584
0.021664
0.021656
0.019673
0.022469
0.020839
0.029752
0.038061
0.039771
0.030620
0.025177
0.023186
0.034617
0.031481
0.024991
0.022650
0.033149
0.039599
0.046605
0.031296
0.028281
0.044402
0.054750
0.031506
0.035958
0.026248
0.022236
0.047926
0.056492
0.023679
0.025173
0.039653
0.049632
0.040508
0.036302
0.038727
0.035794
0.042527
0.037007
0.036674
0.036474
0.035864
0.038408
0.036115
0.035776
0.035529
0.026418
0.022878
0.034803
0.033804
0.033734
0.037665
0.034642
0.023390
0.029921
0.036012
0.037176
0.037398
0.035941
0.035006
0.039880
0.035209
0.036697
0.034868
0.038868
0.037874
0.049350
0.035090
0.038816
0.036958
0.037080
0.037007
0.037039
0.027115
0.039406
0.032887
0.043293
0.041271
0.035890
0.037137
0.048311
0.034941
0.035274
0.038300
0.034737
0.036361
0.039217
0.034646
0.038296
0.035225
0.024851
0.030307
0.029232
0.027113
0.039469
0.028526
0.027429
0.030461
0.030579
0.045022
0.041301
0.048941
0.049281
0.040465
0.045488
0.042103
0.041566
0.043022
0.046659
0.044178
0.029199
0.045823
0.043462
0.045440
0.043579
0.041571
0.041516
0.051944
0.043597
0.040652
0.045583
0.030413
0.028303
0.028042
0.027789
0.032897
0.031806
0.060892
0.031081
0.041436
0.049048
0.045132
0.045911
0.053431
0.045770
0.046566
0.043895
0.045116
0.046317
0.044003
0.055807
0.065881
0.044146
0.047223
0.044629
0.044225
0.030284
0.028972
0.030663
0.031881
0.041003
0.037608
0.045248
0.042014
0.045006
0.044844
0.029739
0.049337
0.029914
0.044896
0.052773
0.046739
0.040047
0.046170
0.041905
0.046174
0.043996
0.040720
0.033748
0.028767
0.041882
0.042214
0.028318
0.029485
0.028565
0.029583
0.042664
0.030455
0.030151
0.031713
0.047856
0.043049
0.029663
0.030379
0.032115
0.044759
0.054106
0.043701
0.044519
0.047184
0.032154
0.030835
0.036955
0.044302
0.044464
0.029694
0.046902
0.043477
0.031544
0.039680
0.032565
0.029924
0.029873
0.053921
0.032211
0.030478
0.031312
0.032764
0.029624
0.029810
0.031122
0.033030
0.029498
0.051114
0.043601
0.041960
0.045285
0.041952
0.033956
0.037389
0.046330
0.039541
0.042315
0.054492
0.043817
0.043849
0.043912
0.029562
0.045218
0.029450
0.029485
0.028740
0.030647
0.031930
0.039784
0.052144
0.046194
0.031693
0.034648
0.042850
0.026994
0.039329
0.026945
0.029879
0.026280
0.031188
0.030719
0.027658
0.028561
0.033876
0.030381
0.029896
0.029162
0.029049
0.033642
0.029873
0.030344
0.031019
0.029092
0.024374
0.027439
0.026593
0.040168
0.032441
0.035882
0.027502
0.030309
0.026327
0.029489
0.027542
0.041705
0.029704
0.030660
0.023229
0.024894
0.023219
0.025568
0.045335
0.039917
0.043175
0.028168
0.027925
0.028475
0.029927
0.031459
0.027979
0.031704
0.036979
0.030581
0.028972
0.047026
0.041199
0.028363
0.027586
0.046643
0.043604
0.044664
0.028920
0.027332
0.032622
0.036759
0.031909
0.030287
0.031066
0.031486
0.030255
0.034277
0.030565
0.035517
0.030998
0.031061
0.030605
0.045951
0.032722
0.044763
0.040981
0.043876
0.043952
0.038297
0.041552
0.026600
0.030775
0.041022
0.027548
0.029281
0.028543
0.027930
0.028149
0.022739
0.028860
0.025373
0.026162
0.025080
0.027565
0.030998
0.027006
0.028004
0.027225
0.026716
0.027970
0.026443
0.026457
0.033350
0.027007
0.026582
0.028882
0.027823
0.034105
0.031021
0.029343
0.029754
0.029166
0.058719
0.046593
0.029269
0.029772
0.045824
0.044344
0.042461
0.043710
0.043343
0.033990
0.032258
0.030642
0.029129
0.029905
0.046549
0.042747
0.030307
0.048498
0.046887
0.031719
0.042828
0.052102
0.046871
0.043409
0.045272
0.052595
0.043276
0.043871
0.042812
0.045514
0.062255
0.042937
0.049177
0.046295
0.043483
0.047825
0.050199
0.046210
0.044163
0.045469
0.045006
0.043283
0.044217
0.045417
0.049521
0.047545
0.043417
0.046109
0.042759
0.044144
0.043056
0.029174
0.045986
0.043639
0.029635
0.033637
0.031233
0.031335
0.029320
0.029252
0.033850
0.030266
0.029068
0.031974
0.030511
0.032233
0.031090
0.027576
0.036986
0.045169
0.040410
0.048488
0.031831
0.047266
0.047259
0.046448
0.048787
0.048063
0.049507
0.047826
0.048718
0.049252
0.035734
0.042835
0.045223
0.043458
0.040555
0.042978
0.044730
0.042742
0.042978
0.041558
0.046258
0.049760
0.041986
0.042996
0.044246
0.044534
0.044078
0.053048
0.049672
0.046838
0.050916
0.046819
0.040794
0.050065
0.046662
0.039066
0.052022
0.043780
0.046150
0.043754
0.043277
0.046573
0.045274
0.045995
0.048944
0.046324
0.047377
0.046599
0.046687
0.051016
0.050287
0.046285
0.052082
0.050285
0.047282
0.046818
0.054495
0.046603
0.049504
0.046556
0.046149
0.047846
0.032814
0.046110
0.057638
0.047641
0.047189
0.049497
0.046541
0.045959
0.050995
0.046432
0.052831
0.045976
0.050869
0.047007
0.050817
0.046541
0.048453
0.046128
0.049206
0.046515
0.047592
0.048961
0.049383
0.045886
0.052889
0.047393
0.049058
0.046497
0.054086
0.046624
0.047629
0.046159
0.048787
0.048208
0.049467
0.048472
0.048005
0.046445
0.046363
0.031688
0.033109
0.047253
0.046536
0.048999
0.032556
0.047505
0.045920
0.052950
0.047151
0.047652
0.046168
0.048319
0.047777
0.045696
0.048637
0.046382
0.045743
0.043149
0.047857
0.042944
0.046411
0.042639
0.043671
0.052086
0.050448
0.045810
0.048744
0.046180
0.045692
0.035112
0.047553
0.048998
0.048111
0.048656
0.032185
0.048654
0.026692
0.050358
0.048714
0.052318
0.033035
0.036522
0.033998
0.028344
0.048941
0.040071
0.038340
0.045139
0.048869
0.045991
0.054537
0.037000
0.032048
0.037020
0.034414
0.032248
0.040897
0.050868
0.042517
0.028565
0.029533
0.035856
0.024041
0.034822
0.039234
0.034909
0.034234
0.033998
0.036600
0.036612
0.023699
0.033700
0.042165
0.034633
0.025600
0.037080
0.034538
0.033670
0.034071
0.034779
0.039223
0.041672
0.040315
0.040447
0.041949
0.042706
0.042602
0.042434
0.064884
0.051550
0.043269
0.045330
0.044738
0.047558
0.045470
0.046332
0.043185
0.042203
0.048190
0.063606
0.044806
0.047816
0.041979
0.045256
0.043091
0.043334
0.043510
0.041921
0.042570
0.043215
0.043455
0.042019
0.043643
0.052386
0.049582
0.045658
0.042010
0.043913
