0.461966
0.019794
0.020582
0.020240
0.019486
0.013065
0.017538
0.032280
0.016466
0.015802
0.016233
0.040510
0.019854
0.015605
0.015882
0.022081
0.031190
0.020571
0.015912
0.023067
0.015788
0.031686
0.016312
0.016345
0.016358
0.020684
0.025087
0.033300
0.046789
0.026610
0.017005
0.024888
0.021515
0.023235
0.022534
0.016794
0.050667
0.032952
0.021059
0.021952
0.020994
0.026452
0.022625
0.039898
0.017943
0.017092
0.019982
0.023039
0.021391
0.026731
0.028762
0.019321
0.018164
0.018152
0.014781
0.018335
0.020881
0.016388
0.018044
0.018151
0.019228
0.021852
0.027323
0.025285
0.026260
0.029625
0.053221
0.025458
0.040703
0.033276
0.024481
0.055916
0.023165
0.026995
0.027894
0.016111
0.034969
0.023859
0.026957
0.028493
0.030268
0.032602
0.029347
0.026683
0.042487
0.028945
0.031718
0.057402
0.045415
0.035986
0.031108
0.025418
0.019898
0.033562
0.021146
0.026207
0.020435
0.026667
0.032480
0.032578
0.034886
0.028127
0.041903
0.034989
0.021300
0.024213
0.026146
0.025207
0.034334
0.031882
0.033799
0.024105
0.022132
0.025707
0.027138
0.034554
0.022798
0.028774
0.020425
0.026614
0.025441
0.038664
0.037559
0.019537
0.022350
0.028927
0.026223
0.025900
0.024502
0.026248
0.031984
0.026590
0.025419
0.029859
0.026730
0.024998
0.027701
0.025906
0.020714
0.016014
0.018952
0.019705
0.023650
0.021786
0.021393
0.022311
0.020697
0.020842
0.020849
0.020982
0.018821
0.030054
0.019975
0.019191
0.030833
0.023926
0.023405
0.022883
0.025159
0.022969
0.023754
0.019230
0.023355
0.023450
0.024301
0.017642
0.018567
0.018279
0.023756
0.023612
0.023317
0.023525
0.018068
0.017724
0.023045
0.031134
0.024999
0.023041
0.023713
0.024039
0.024914
0.024180
0.025620
0.023399
0.023530
0.028790
0.016599
0.011433
0.015705
0.013588
0.014175
0.025323
0.017168
0.016033
0.015393
0.014551
0.014632
0.014841
0.018431
0.017437
0.015454
0.020154
0.019233
0.021554
0.022769
0.014944
0.014853
0.018930
0.014545
0.015227
0.016705
0.021635
0.020460
0.019011
0.054098
0.021400
0.019303
0.022423
0.021361
0.021032
0.024129
0.021691
0.027879
0.023026
0.018663
0.018350
0.017847
0.018064
0.021196
0.022831
0.018306
0.017583
0.022873
0.017728
0.028583
0.018096
0.021535
0.019008
0.019608
0.019048
0.029840
0.021284
0.022926
0.015540
0.016962
0.015228
0.017910
0.017808
0.023452
0.036009
0.016647
0.020271
0.032252
0.019380
0.023835
0.031235
0.022810
0.024165
0.023027
0.020940
0.020089
0.022099
0.027920
0.025087
0.022301
0.018135
0.020754
0.020734
0.020997
0.020680
0.019072
0.016205
0.020600
0.040806
0.020454
0.020426
0.022100
0.023960
0.023311
0.022525
0.022603
0.026746
0.033451
0.024092
0.028527
0.023407
0.037121
0.029471
0.027117
0.026260
0.020511
0.021516
0.019450
0.025188
0.019777
0.028154
0.021501
0.027289
0.019919
0.019547
0.024498
0.019582
0.023614
0.019103
0.019126
0.015479
0.021942
0.019564
0.019526
0.021059
0.019341
0.015481
0.025174
0.021752
0.027068
0.017400
0.021292
0.023225
0.026349
0.028442
0.027058
0.037148
0.025533
0.030311
0.026400
0.030032
0.025543
0.019366
0.024419
0.038152
0.025012
0.021355
0.027133
0.033342
0.025941
0.025519
0.042558
0.027993
0.026701
0.025844
0.034595
0.039025
0.025390
0.025279
0.038110
0.026998
0.018361
0.018939
0.023497
0.023532
0.022993
0.022952
0.027737
0.041035
0.024418
0.024816
0.025695
0.025720
0.029866
0.026094
0.024783
0.017250
0.019755
0.021480
0.034286
0.028037
0.026567
0.030934
0.026916
0.028638
0.029334
0.027924
0.030130
0.033787
0.028735
0.028035
0.028460
0.032208
0.028673
0.027794
0.019292
0.018059
0.015447
0.026403
0.022307
0.021795
0.024631
0.024362
0.023779
0.025045
0.024812
0.028583
0.023729
0.025520
0.023726
0.023741
0.023645
0.023465
0.034272
0.025409
0.034295
0.026282
0.026485
0.032043
0.025298
0.027796
0.026066
0.025390
0.025643
0.032068
0.028382
0.025210
0.036999
0.019521
0.024052
0.030496
0.023842
0.035474
0.025934
0.027717
0.031585
0.027821
0.019450
0.018188
0.021301
0.017912
0.046366
0.034219
0.040458
0.030213
0.024039
0.023503
0.033276
0.033381
0.036687
0.035256
0.031804
0.032016
0.031325
0.028099
0.028392
0.040711
0.032643
0.027845
0.021829
0.020586
0.025528
0.023483
0.020891
0.020577
0.033336
0.034691
0.018537
0.020294
0.023017
0.023218
0.023301
0.020384
0.020753
0.021743
0.022133
0.024532
0.027818
0.023811
0.024444
0.023619
0.023480
0.024196
0.023922
0.026564
0.024362
0.023672
0.019505
0.019692
0.019810
0.020076
0.020505
0.021433
0.020197
0.019852
0.019548
0.023203
0.020196
0.019849
0.022929
0.019481
0.023060
0.029311
0.021679
0.019642
0.022056
0.021010
0.020220
0.020624
0.020038
0.021428
0.027724
0.022534
0.023693
0.021943
0.023335
0.024655
0.020271
0.018144
0.016689
0.016634
0.017470
0.017635
0.016725
0.018777
0.017972
0.018822
0.018579
0.025629
0.016640
0.023366
0.022059
0.018903
0.025347
0.016861
0.017534
0.023906
0.022914
0.026353
0.024135
0.023331
0.018304
0.018260
0.018222
0.025737
0.021832
0.026696
0.026919
0.018773
0.018629
0.018326
0.018204
0.018063
0.019319
0.018281
0.020519
0.020583
0.018070
0.024226
0.030294
0.020286
0.020300
0.024177
0.020695
0.026177
0.023886
0.020093
0.021975
0.020531
0.020224
0.021868
0.023590
0.026223
0.021075
0.021836
0.021615
0.022043
0.020343
0.021816
0.020975
0.021891
0.030248
0.020144
0.022072
0.021052
0.020743
0.020627
0.021120
0.020207
0.021861
0.029504
0.020170
0.020037
0.020004
0.032604
0.021891
0.023520
0.027107
0.023796
0.028500
0.025459
0.024456
0.030659
0.022173
0.022032
0.026907
0.024000
0.022286
0.023278
0.022402
0.024540
0.031119
0.022154
0.024252
0.023261
0.021451
0.020248
0.020870
0.023626
0.021821
0.021438
0.020884
0.023705
0.019968
0.024759
0.021964
0.033412
0.020253
0.030974
0.020644
0.021656
0.021384
0.022053
0.022330
0.027505
0.026878
0.019599
0.022270
0.026274
0.020535
0.020912
0.022162
0.021988
0.021992
0.020525
0.024613
0.020488
0.022907
0.020436
0.022006
0.021643
0.020700
0.021526
0.020675
0.025268
0.020984
0.021397
0.020656
0.017121
0.021674
0.017796
0.020486
0.021023
0.021445
0.027793
0.027296
0.026480
0.031735
0.030723
0.032607
0.020447
0.020721
0.021925
0.020750
0.029252
0.023130
0.017177
0.022506
0.021620
0.024814
0.024760
0.022840
0.023505
0.034664
0.031869
0.022801
0.022510
0.022853
0.017642
0.018694
0.023301
0.022487
0.019825
0.021088
0.028204
0.030663
0.026831
0.026629
0.030211
0.026216
0.047261
0.032455
0.025889
0.022512
0.028217
0.025639
0.024890
0.032679
0.023164
0.028008
0.035142
0.033067
0.030127
0.027845
0.033507
0.029856
0.019681
0.019531
0.017715
0.017041
0.016703
0.017086
0.026193
0.026163
0.028974
0.028615
0.018167
0.015909
0.016131
0.023709
0.018311
0.022110
0.019159
0.019798
0.021713
0.019498
0.025808
0.018772
0.031109
0.036932
0.033878
0.029330
0.029886
0.022371
0.019204
0.021836
0.021610
0.029514
0.031364
0.036518
0.028507
0.023768
0.022251
0.025622
0.020268
0.020261
0.021389
0.021123
0.021977
0.022234
0.017225
0.016214
0.017833
0.016234
0.035769
0.027870
0.035568
0.033425
0.033068
0.031944
0.030827
0.020685
0.022126
0.020798
0.020669
0.027268
0.034050
0.028773
0.029661
0.023824
0.025783
0.034282
0.029320
0.032786
0.031003
0.030441
0.029567
0.021604
0.021829
0.021667
0.026576
0.021594
0.023568
0.021482
0.036450
0.034864
0.033258
0.035616
0.031566
0.025683
0.019584
0.022665
0.023371
0.024225
0.022785
0.021471
0.022665
0.025965
0.022214
0.025505
0.028342
0.030004
0.024860
0.022466
0.021789
0.021736
0.021931
0.021441
0.024731
0.022617
0.027811
0.026991
0.027844
0.030156
0.028690
0.027845
0.031079
0.028641
0.027953
0.027686
0.032600
0.028040
0.028277
0.027839
0.028978
0.028967
0.027423
0.018306
0.028146
0.026811
0.033426
0.032397
0.032575
0.034497
0.030966
0.031948
0.030127
0.021111
0.020133
0.022764
0.019395
0.020138
0.029192
0.027551
0.036039
0.033386
0.036416
0.032709
0.032055
0.032024
0.032757
0.033225
0.032679
0.037413
0.033631
0.032180
0.033973
0.032226
0.032421
0.038865
0.032879
0.034853
0.032984
0.037242
0.032312
0.032234
0.042730
0.037159
0.033880
0.034442
0.032871
0.033969
0.036330
0.034105
0.034641
0.035453
0.034706
0.037107
0.032628
0.032562
0.040160
0.043103
0.038218
0.031590
0.032038
0.032655
0.033700
0.032346
0.033590
0.029783
0.029230
0.040100
0.030830
0.029591
0.029330
0.030590
0.032353
0.029960
0.029908
0.030656
0.031127
0.031278
0.028726
0.029854
0.037295
0.033767
0.030022
0.032577
0.034188
0.029742
0.030210
0.023085
0.029299
0.029622
0.023762
0.031250
0.029799
0.029052
0.035957
0.030597
0.029685
0.030895
0.029951
0.031881
0.029601
0.033202
0.029856
0.029238
0.047142
0.041553
0.030350
0.031905
0.029802
0.030940
0.029275
0.027730
0.022506
0.031663
0.037416
0.031090
0.035858
0.035132
0.027307
0.027328
0.027061
0.028258
0.027974
0.028556
0.026961
0.030137
0.030806
0.027891
0.032990
0.027957
0.027254
0.030101
0.026792
0.029978
0.030213
0.021677
0.027050
0.029514
0.032691
0.027953
0.027109
0.027730
0.027548
0.026397
0.025110
0.035755
0.026581
0.025930
0.026068
0.025125
0.033853
0.031952
0.027260
0.031588
0.028028
0.028019
0.027662
0.027491
0.028087
0.028612
0.028607
0.028520
0.029769
0.030922
0.032129
0.029720
0.029762
0.029977
0.031731
0.030182
0.030079
0.032629
0.033609
0.034384
0.034982
0.039114
0.036660
0.033825
0.035130
0.034847
0.035035
0.035875
0.043126
0.033468
0.034441
0.034159
0.033945
0.036973
0.046844
0.038265
0.037513
0.035566
0.035881
0.036364
0.041433
0.043572
0.038713
0.040617
0.038424
0.041163
0.040726
0.055376
0.050361
0.040906
0.041056
0.040665
0.040343
0.052513
0.040550
0.040437
0.040966
0.043188
0.049050
0.031054
0.039483
0.030259
0.042400
0.046371
0.042885
0.030409
0.030530
0.043695
0.042848
0.043280
0.043692
0.030800
0.043045
0.043725
0.032632
0.044015
0.042717
0.031514
0.032504
0.042233
0.031950
0.034256
0.031339
0.030715
0.030855
0.031384
0.032580
0.031764
0.030870
0.034525
0.030711
0.030709
0.033747
0.031352
0.030671
0.033811
0.042361
0.030974
0.030685
0.030901
0.033347
0.031884
0.032260
0.042061
0.030754
0.045679
0.043638
0.031662
0.044912
0.042331
0.043540
0.042833
0.043056
0.042701
0.042514
0.043318
0.044081
0.043211
0.043961
0.042658
0.042071
0.043533
0.052086
0.044704
0.051775
0.044369
0.040735
0.040027
0.040737
0.045236
0.042914
0.044868
0.044694
0.045434
0.042451
0.044156
0.042329
0.042701
0.043847
0.039614
0.043170
0.026130
0.037333
0.029205
0.030963
0.028722
0.028672
0.044582
0.039410
0.043166
0.042222
0.028827
0.040547
0.039362
0.042708
0.028781
0.041526
0.042256
0.039350
0.041527
0.041096
0.039625
0.029132
0.028814
0.037374
0.037350
0.042529
0.037165
0.039926
0.036873
0.035471
0.037292
0.037964
0.041615
0.038570
0.038416
0.038330
0.037321
0.041544
0.036025
0.035309
0.038617
0.041252
0.035903
0.038853
0.035275
0.035889
0.040008
0.035904
0.035655
0.035492
0.035489
0.036140
0.040767
0.037785
0.037660
0.040046
0.051796
0.048498
0.038110
0.037821
0.037461
0.044688
0.053125
0.040062
0.038103
0.037518
0.043791
0.038853
0.037465
0.037972
0.038635
0.040171
0.040363
0.039403
0.042928
0.041970
0.040545
0.039335
0.039881
0.043272
0.039421
0.040709
0.039413
0.040942
0.040267
0.039567
0.039773
0.039411
0.040305
0.037709
0.037485
0.037433
0.040909
0.037666
0.037720
0.037473
0.039450
0.039571
0.037592
0.042291
0.038536
0.040662
0.038316
0.040454
0.045059
0.043473
0.036109
0.036156
0.031142
0.032824
0.031308
0.031061
0.028741
0.021026
0.045654
0.035278
0.045315
0.039345
0.033601
0.033719
0.032922
0.035737
0.034352
0.033590
0.034128
0.033661
0.033613
0.034761
0.034884
0.033546
0.033910
0.038492
0.033124
0.034294
0.033964
0.034596
0.033040
0.035112
0.033123
0.033714
0.038017
0.032966
0.034620
0.032913
0.034861
0.033916
0.039207
0.047105
0.033690
0.033325
0.032828
0.033028
0.033060
0.033406
0.047271
0.033005
0.033123
0.032954
0.033740
0.033426
0.032958
0.034900
0.034478
0.033472
0.032913
0.036026
0.034436
0.034037
0.033344
0.035183
0.032401
0.039629
0.034791
0.033655
0.032987
0.032853
0.034476
0.037023
0.034709
0.035726
0.036886
0.036201
0.025977
0.032589
0.033043
0.037076
0.033067
0.034021
0.033686
0.033286
0.035070
0.028335
0.030497
0.031912
0.031070
0.027275
0.044725
0.031148
0.031075
0.032344
0.038999
0.031554
0.030770
0.043572
0.035284
0.034512
0.042183
0.032863
0.033007
0.036308
0.038975
0.035520
0.041231
0.037699
0.038174
0.036259
0.035752
0.034105
0.035335
0.035384
0.025147
0.029171
0.030475
0.030434
0.030172
0.029911
0.032391
0.032278
0.032544
0.032498
0.030970
0.031747
0.029828
0.031656
0.032337
0.030316
0.029852
0.032988
0.030147
0.029977
0.034143
0.044915
0.037090
0.036012
0.044175
0.037855
0.037583
0.040387
0.037357
0.036600
0.040011
0.036002
0.037248
0.037625
0.038247
0.036264
0.042192
0.037527
0.036106
0.025200
0.027356
0.027249
0.027800
0.030609
0.029534
0.029930
0.029645
0.031089
0.029619
0.027349
0.017937
0.032728
0.032085
0.029478
0.034529
0.028970
0.029209
0.027586
0.026960
0.029225
0.028846
0.027414
0.027831
0.024716
0.027589
0.029805
0.021709
0.023881
0.021254
0.020114
0.020174
0.020918
0.031172
0.025299
0.021796
0.023825
0.023999
0.033757
0.020693
0.022117
0.025466
0.023572
0.020068
0.020192
0.020339
0.023498
0.020329
0.021201
0.025086
0.022851
0.020834
0.020718
0.020459
0.020170
0.023967
0.020531
0.021184
0.018224
0.020554
0.024271
0.020067
0.018700
0.021759
0.018998
0.020160
0.027101
0.028916
0.028394
0.028556
0.028461
0.027927
0.035218
0.033113
0.038411
0.034390
0.032440
0.037067
0.033412
0.035802
0.029155
0.023534
0.017918
0.020915
0.025808
0.024827
0.026695
0.027569
0.019655
0.018942
0.025949
0.026091
0.028751
0.028081
0.026904
0.031213
0.027987
0.029076
0.027172
0.021579
0.019862
0.028076
0.027531
0.027405
0.021712
0.027368
0.027012
0.042333
0.038408
0.023095
0.025553
0.022135
0.021505
0.028659
0.028201
0.041333
0.034525
0.034613
0.034655
0.038213
0.035882
0.025294
0.025221
0.027663
0.034644
0.035444
0.027582
0.036505
0.036010
0.025645
0.050351
0.033168
0.025557
0.020690
0.033394
0.033947
0.043223
0.049612
0.039203
0.050029
0.034570
0.036091
0.032867
0.033491
0.031321
0.026576
0.026235
0.029169
0.026853
0.025927
0.026386
0.028537
0.026015
0.027677
0.026476
0.025815
0.027041
0.028614
0.026353
0.025901
0.023724
0.023496
0.029181
0.018767
0.018232
0.022341
0.018754
0.017472
0.019449
0.017878
0.013770
0.017480
0.017447
0.017227
0.023499
0.019751
0.023014
0.019816
0.021442
0.020573
0.019807
0.022773
0.017338
0.017510
0.018692
0.017601
0.019187
0.020690
0.017552
0.017953
0.023515
0.019683
0.017754
0.018466
0.017605
0.017280
0.022439
0.020173
0.017656
0.018517
0.017256
0.017685
0.021995
0.017329
0.025582
0.022177
0.025427
0.021867
0.020125
0.018249
0.016992
0.017169
0.018478
0.017995
0.017418
0.017236
0.024321
0.016934
0.017291
0.018849
0.018797
0.023812
0.022416
0.021884
0.022268
0.023766
0.023319
0.022015
0.024859
0.022416
0.025827
0.022640
0.022332
0.022707
0.033760
0.022155
0.024060
0.025172
0.027970
0.024256
0.024272
0.031866
0.025869
0.024719
0.028243
0.024272
0.024585
0.024420
0.022552
0.017840
0.017384
0.025264
0.017415
0.022489
0.023227
0.025018
0.024208
0.030837
0.023531
0.029351
0.027259
0.025447
0.025476
0.025349
0.028148
0.028614
0.027923
0.026089
0.026147
0.024958
0.023353
0.029331
0.026130
0.023592
0.024000
0.025867
0.026664
0.022276
0.026009
0.021027
0.021276
0.021833
0.022506
0.022381
0.024283
0.024576
0.029748
0.020465
0.015889
0.017773
0.014948
0.020020
0.015071
0.019881
0.018167
0.020098
0.017970
0.021441
0.024519
0.023705
0.025377
0.027693
0.022952
0.025741
0.022178
0.017289
0.016938
0.016499
0.016489
0.016595
0.016784
0.023376
0.015181
0.021816
0.021484
0.020961
0.020762
0.020737
0.021769
0.024588
0.021872
0.021883
0.020619
0.023147
0.026113
0.021083
0.021777
0.022963
0.022584
0.025150
0.023491
0.025353
0.022779
0.023080
0.025816
0.022809
0.025167
0.026398
0.024740
0.020235
0.021068
0.026922
0.024110
0.024384
0.021324
0.025949
0.021447
0.021877
0.020825
0.022695
0.021266
0.023830
0.022002
0.016125
0.018047
0.019314
0.019849
0.021160
0.020952
0.022878
0.030128
0.017292
0.021029
0.021864
0.020784
0.021041
0.020893
0.020786
0.023040
0.023376
0.023112
0.021610
0.024190
0.021111
0.016424
0.016285
0.015993
0.014831
0.016678
0.017580
0.015343
0.015242
0.013219
0.016859
0.020131
0.016452
0.016418
0.016558
0.016818
0.012976
0.015107
0.017312
0.019505
0.013366
0.013526
0.016237
0.016458
0.016595
0.019158
0.017265
0.016644
0.017689
0.016134
0.016425
0.014578
0.014773
0.026327
0.016115
0.015087
0.014422
0.014345
0.011881
0.016879
0.016461
0.016083
0.014745
0.011783
0.011872
0.011724
0.011843
0.011698
0.011709
0.017393
0.013817
0.011766
0.013510
0.012999
0.011797
0.011914
0.012358
0.012304
0.012022
0.012062
0.017234
0.023149
0.011935
0.011673
0.011689
0.019157
0.012292
0.016685
0.011734
0.012012
0.015193
0.015635
0.019165
0.015713
0.015747
0.023342
0.019225
0.018210
0.020945
0.021958
0.021175
0.016201
0.015996
0.024324
0.018907
0.017248
0.015964
0.015774
0.015713
0.015887
0.016312
0.015944
0.016859
0.016050
0.020876
0.018411
0.023426
0.018891
0.017743
0.017465
0.023030
0.017674
0.018176
0.019825
0.017284
0.018713
0.019899
0.017503
0.017420
0.017810
0.017646
0.017894
0.017684
0.025338
0.018134
0.018050
0.023841
0.022863
0.023235
0.018072
0.024954
0.026149
0.019132
0.025476
0.018720
0.025248
0.025178
0.024994
0.022389
0.020930
0.020196
0.034297
0.054051
0.055636
0.027460
0.031709
0.035222
0.029623
0.030273
0.045089
0.030382
0.033449
0.027605
0.030776
0.028529
0.042455
0.028221
0.029572
0.022038
0.027140
0.019838
0.026793
0.020435
0.021693
0.021233
0.019913
0.020024
0.023838
0.019779
0.019856
0.019805
0.022851
0.029086
0.027464
0.026538
0.019579
0.020025
0.020613
0.019920
0.026363
0.021312
0.026831
0.026761
0.019909
0.019759
0.019692
0.019708
0.026011
0.021456
0.030325
0.028895
0.029215
0.029293
0.033944
0.028579
0.031229
0.029096
0.032593
0.032998
0.031421
0.030477
0.034926
0.030658
0.031369
0.031316
0.031060
0.031182
0.030723
0.036607
0.030694
0.031020
0.030661
0.030855
0.032264
0.032111
0.032343
0.030611
0.030619
0.034112
0.033925
0.031399
0.031602
0.030820
0.031719
0.035157
0.031271
0.030878
0.030701
0.042728
0.042270
0.042025
0.030786
0.030857
0.033786
0.032324
0.034018
0.030689
0.036822
0.031768
0.037707
0.033425
0.030873
0.031174
0.031012
0.033573
0.029358
0.032604
0.028522
0.028702
0.028845
0.029305
0.021197
0.022745
0.026566
0.021165
0.021119
0.021085
0.029544
0.021122
0.022447
0.021308
0.021856
0.023345
0.022876
0.022488
0.023936
0.022433
0.022790
0.022290
0.023891
0.023491
0.023206
0.022378
0.022582
0.021447
0.019820
0.021037
0.023243
0.022675
0.020927
0.021288
0.023339
0.022997
0.021367
0.020756
0.024377
0.021200
0.021247
0.025330
0.022228
0.021928
0.021831
0.021100
0.020943
0.020799
0.021966
0.023261
0.021676
0.021625
0.020816
0.020789
0.020929
0.023939
0.021721
0.022238
0.020954
0.022450
0.020827
0.021455
0.018581
0.016355
0.023537
0.022141
0.021057
0.020861
0.024311
0.017658
0.022352
0.024571
0.023867
0.021132
0.022586
0.024288
0.022491
0.022004
0.021143
0.021432
0.021060
0.021157
0.025331
0.023403
0.022512
0.034859
0.022252
0.022128
0.029770
0.023265
0.023728
0.023826
0.024796
0.023840
0.025398
0.024281
0.023794
0.034057
0.030762
0.024278
0.024787
0.023774
0.025740
0.024983
0.026243
0.025034
0.025224
0.025962
0.027587
0.035057
0.029161
0.025151
0.024283
0.034684
0.042028
0.025225
0.025847
0.027684
0.027815
0.026822
0.014941
0.029763
0.022364
0.020507
0.021369
0.032780
0.021565
0.022199
0.022082
0.022731
0.022259
0.020934
0.029334
0.022894
0.024548
0.024209
0.023981
0.029836
0.027121
0.024786
0.023793
0.023790
0.025160
0.024805
0.039422
0.026227
0.025984
0.024314
0.023607
0.024445
0.027304
0.030781
0.026713
0.027202
0.025859
0.025455
0.030018
0.031353
0.026591
0.026734
0.029005
0.023328
0.020608
0.022215
0.023164
0.021619
0.026063
0.023845
0.030106
0.028918
0.028880
0.030074
0.032566
0.021854
0.035836
0.030048
0.022102
0.022294
0.022749
0.023421
0.023340
0.024391
0.024076
0.023384
0.028175
0.025844
0.030882
0.024432
0.033690
0.023412
0.031094
0.034354
0.023751
0.022971
0.023837
0.024142
0.036073
0.030074
0.026038
0.025866
0.026353
0.025627
0.026416
0.028479
0.028759
0.026893
0.028425
0.030587
0.030016
0.025713
0.027369
0.028470
0.028407
0.027130
0.027800
0.028210
0.037022
0.026568
0.027601
0.027719
0.038167
0.038127
0.031154
0.027616
0.029178
0.036980
0.028723
0.037788
0.034359
0.050092
0.038798
0.031244
0.028772
0.028881
0.029868
0.029046
0.029071
0.030400
0.042425
0.029195
0.031510
0.028773
0.040881
0.030579
0.029554
0.030608
0.029073
0.030581
0.029075
0.040366
0.041528
0.031249
0.032447
0.029053
0.030936
0.029143
0.029463
0.036068
0.040792
0.040317
0.039659
0.029863
0.044798
0.047680
0.028949
0.029531
0.028776
0.027990
0.030926
0.029353
0.033616
0.045423
0.027192
0.039140
0.031178
0.037312
0.038913
0.040372
0.040245
0.040384
0.040313
0.040840
0.041661
0.043550
0.046247
0.046443
0.042770
0.045588
0.043468
0.044978
0.035821
0.031739
0.032502
0.032967
0.031729
0.032051
0.031787
0.031942
0.031656
0.033456
0.032040
0.045723
0.041725
0.033726
0.034270
0.017252
0.022610
0.026929
0.028790
0.029440
0.032984
0.022612
0.026244
0.028644
0.029297
0.033897
0.038331
0.037893
0.038226
0.040206
0.042662
0.040757
0.042125
0.042375
0.034272
0.036723
0.039253
0.040939
0.053506
0.041980
0.042791
0.042072
0.042396
0.046130
0.043592
0.042826
0.041404
0.043136
0.039179
0.015671
0.013944
0.021301
0.035708
0.036306
0.023043
0.018554
0.014302
0.015374
0.014535
0.015507
0.016988
0.016531
0.015743
0.015906
0.014895
0.015185
0.016104
0.030319
0.030011
0.029048
0.031252
0.021151
0.022880
0.023406
0.022505
0.020849
0.021510
0.020847
0.020557
0.022531
0.024015
0.023651
0.022513
0.025246
0.022939
0.024962
0.023155
0.023163
0.024823
0.022892
0.023350
0.024669
0.022780
0.023016
0.023713
0.023330
0.022938
0.025790
0.022826
0.022961
0.024112
0.027966
0.026707
0.025047
0.027368
0.026914
0.027439
0.024952
0.025909
0.026532
0.031045
0.027814
0.026931
0.030021
0.030016
0.024611
0.037525
0.030521
0.026874
0.026997
0.025220
0.025169
0.025006
0.024500
0.027316
0.025229
0.033191
0.023837
0.025829
0.027228
0.025944
0.026229
0.026366
0.026454
0.025849
0.030504
0.029594
0.028030
0.028454
0.033430
0.028002
0.028180
0.029358
0.028155
0.027886
0.027860
0.028435
0.037088
0.029864
0.037827
0.038969
0.029011
0.027904
0.031155
0.028155
0.028935
0.029356
0.038711
0.028839
0.028342
0.037440
0.030025
0.030843
0.031057
0.030013
0.031994
0.042855
0.031607
0.029324
0.029205
0.040435
0.030417
0.030334
0.030013
0.029501
0.029945
0.030483
0.030792
0.029878
0.031330
0.029239
0.036024
0.037838
0.040229
0.033300
0.032347
0.033543
0.037592
0.035211
0.037132
0.036209
0.034493
0.034601
0.036083
0.042278
0.040804
0.043064
0.040239
0.036493
0.038939
0.042242
0.043607
0.038082
0.040433
0.039561
0.040737
0.038216
0.039407
0.038579
0.038720
0.034236
0.032157
0.031723
0.031160
0.037218
0.043290
0.043348
0.039971
0.032150
0.031362
0.035788
0.037554
0.031570
0.032166
0.032537
0.031920
0.033752
0.033385
0.033290
0.036743
0.035662
0.033637
0.046330
0.033674
0.034329
0.033653
0.033418
0.033445
0.025732
0.026084
0.029878
0.032647
0.036562
0.041659
0.031531
0.031466
0.033211
0.037195
0.034368
0.040838
0.049652
0.034220
0.034398
0.042862
0.044811
0.034542
0.035403
0.034141
0.035567
0.041924
0.045258
0.040344
0.038705
0.037949
0.040406
0.038944
0.039014
0.038399
0.041042
0.038080
0.041139
0.042757
0.038102
0.053145
0.038854
0.038681
0.038120
0.038340
0.029367
0.033747
0.032356
0.031261
0.038073
0.035323
0.040382
0.039397
0.040725
0.032064
0.034397
0.036776
0.033227
0.033442
0.041956
0.033109
0.041695
0.038576
0.036134
0.035896
0.041363
0.035854
0.043820
0.041968
0.039325
0.033555
0.034239
0.035890
0.039422
0.035934
0.028416
0.034954
0.033567
0.039037
0.035675
0.035032
0.035391
0.035067
0.029379
0.035434
0.044258
0.035905
0.038614
0.041975
0.030064
0.021055
0.021479
0.030628
0.026613
0.026322
0.024800
0.021761
0.021670
0.023782
0.023982
0.030321
0.022707
0.031051
0.030466
0.028140
0.026912
0.030504
0.031103
0.028423
0.034966
0.021147
0.028613
0.023789
0.022135
0.021748
0.021128
0.032493
0.033209
0.022768
0.032118
0.030027
0.025365
0.024064
0.021429
0.022928
0.024000
0.021716
0.026044
0.025677
0.034977
0.026061
0.017562
0.025509
0.027982
0.027910
0.022596
0.030485
0.029498
0.029004
0.028992
0.024962
0.020452
0.026907
0.018856
0.020285
0.030456
0.026317
0.025090
0.027515
0.028238
0.029338
0.024924
0.026722
0.031124
0.027674
0.025922
0.024901
0.025836
0.027985
0.034197
0.029657
0.033465
0.026499
0.026619
0.017282
0.014668
0.014809
0.017899
0.016053
0.016440
0.016178
0.014792
0.020390
0.031465
0.019745
0.017813
0.014198
0.015032
0.024792
0.019169
0.019524
0.014267
0.015393
0.014640
0.018717
0.030532
0.031140
0.029111
0.029309
0.029840
0.037467
0.034304
0.032022
0.032002
0.044502
0.038897
0.037731
0.029784
0.039054
0.030245
0.033509
0.030790
0.033509
0.031686
0.039893
0.035350
0.020837
0.021822
0.025596
0.021688
0.021296
0.021935
0.020873
0.023605
0.027307
0.022183
0.021399
0.024657
0.020945
0.022744
0.035127
0.027256
0.024959
0.020897
0.024874
0.023826
0.025527
0.022056
0.020945
0.020906
0.021940
0.025625
0.021546
0.030861
0.034745
0.030373
0.029146
0.026404
0.027708
0.031390
0.032094
0.026230
0.035795
0.028873
0.035405
0.038969
0.030236
0.024497
0.021971
0.021710
0.020701
0.022303
0.020822
0.021952
0.021871
0.024220
0.022788
0.022866
0.020729
0.030674
0.020797
0.028487
0.033430
0.030891
0.014218
0.016270
0.016448
0.016468
0.023677
0.018074
0.017065
0.016860
0.016613
0.016671
0.015784
0.022933
0.017201
0.016801
0.022812
0.016418
0.017208
0.017412
0.019826
0.017245
0.017305
0.016870
0.017383
0.024774
0.017838
0.018050
0.017469
0.016741
0.020698
0.016497
0.017513
0.022149
0.028285
0.024587
0.024989
0.033937
0.030981
0.045215
0.029061
0.026743
0.027299
0.027907
0.026496
0.028004
0.026934
0.049892
0.030928
0.029554
0.028704
0.025995
0.025120
0.023807
0.037738
0.025209
0.026350
0.023389
0.023033
0.039387
0.027867
0.023290
0.024025
0.024617
0.043490
0.023461
0.029219
0.025827
0.031242
0.030579
0.027920
0.029593
0.028011
0.029629
0.032121
0.027972
0.030703
0.028436
0.028679
0.035710
0.029697
0.019801
0.015187
0.020972
0.016212
0.027470
0.015748
0.020097
0.014789
0.017710
0.018983
0.022676
0.020426
0.020929
0.021080
0.035314
0.029044
0.019555
0.020525
0.023342
0.019524
0.019924
0.020999
0.019867
0.021650
0.025225
0.024200
0.022372
0.034302
0.025718
0.021988
0.030050
0.025357
0.024723
0.022109
0.021841
0.023169
0.021732
0.021756
0.023080
0.024170
0.023620
0.020847
0.032936
0.018093
0.015655
0.027328
0.026246
0.028844
0.027412
0.028031
0.028232
0.026964
0.028579
0.030239
0.021883
0.029875
0.030466
0.026793
0.026954
0.028100
0.033098
0.030057
0.028385
0.029466
0.036861
0.028697
0.028038
0.035951
0.033963
0.044760
0.030842
0.028519
0.028101
0.037810
0.044124
0.039667
0.028164
0.026675
0.026909
0.026996
0.027787
0.033996
0.035131
0.029140
0.042857
0.029746
0.029483
0.039999
0.027493
0.026558
0.025745
0.026159
0.025068
0.024244
0.027140
0.028031
0.032655
0.032258
0.036982
0.030369
0.035726
0.030621
0.043680
0.025835
0.029265
0.022948
0.022363
0.022814
0.025709
0.030303
0.036522
0.038041
0.025633
0.022613
0.022421
0.019368
0.019743
0.021222
0.025387
0.026112
0.019287
0.028315
0.020484
0.019795
0.025104
0.026186
0.021333
0.025006
0.025932
0.019157
0.023074
0.026822
0.025141
0.021456
0.020115
0.019764
0.020477
0.022105
0.019888
0.020482
0.028881
0.031386
0.026050
0.027013
0.027190
0.023166
0.021177
0.028528
0.021110
0.027030
0.020684
0.021273
0.022573
0.027387
0.021147
0.039133
0.030351
0.023542
0.022407
0.024375
0.027036
0.023910
0.031070
0.026209
0.031770
0.031781
0.033497
0.024969
0.024590
0.034487
0.023942
0.032024
0.034062
0.018776
0.014168
0.014105
0.015094
0.015987
0.014296
0.014196
0.018147
0.014398
0.014240
0.013904
0.015466
0.018196
0.015799
0.014663
0.015667
0.019834
0.017651
0.017893
0.017647
0.024873
0.022015
0.023664
0.024652
0.026602
0.030357
0.027362
0.020768
0.021078
0.028908
0.026578
0.024671
0.025744
0.025741
0.025999
0.026774
0.021734
0.021253
0.027031
0.026652
0.023043
0.028830
0.029257
0.026728
0.033298
0.027376
0.019917
0.020083
0.020581
0.020488
0.029069
0.027518
0.032461
0.026909
0.029401
0.030923
0.025608
0.023355
0.025965
0.037598
0.018231
0.020044
0.023597
0.025925
0.026770
0.025479
0.020872
0.012754
0.016894
0.054993
0.028106
0.029722
0.035769
0.030668
0.028901
0.031479
0.028733
0.028921
0.031393
0.047391
0.028639
0.034396
0.033365
0.036088
0.029478
0.039675
0.031898
0.029255
0.029335
0.030864
0.037360
0.018690
0.022265
0.040836
0.020966
0.024033
0.023578
0.022075
0.025263
0.026983
0.028256
0.039762
0.036127
0.035550
0.034760
0.032689
0.026700
0.037445
0.038461
0.039015
0.036927
0.028325
0.037305
0.042745
0.037364
0.033227
0.045251
0.038282
0.032116
0.021910
0.021512
0.044724
0.046528
0.028165
0.028756
0.041817
0.044256
0.029494
0.028752
0.032294
0.021785
0.043056
0.043266
0.023676
0.028098
0.031086
0.031015
0.034695
0.029216
0.031355
0.030278
0.035233
0.029533
0.029770
0.029736
0.033717
0.029602
0.029424
0.030875
0.030882
0.031461
0.030749
0.031377
0.032535
0.029767
0.033301
0.030152
0.029710
0.034101
0.030266
0.029144
0.034382
0.022965
0.024593
0.023416
0.024065
0.023065
0.023873
0.024975
0.023571
0.025211
0.023105
0.017760
0.019370
0.019191
0.018346
0.018212
0.023287
0.025559
0.024567
0.025276
0.022779
0.023149
0.021947
0.022425
0.025235
0.030362
0.026020
0.026869
0.025190
0.031660
0.031008
0.024502
0.030488
0.028879
0.024339
0.034240
0.030784
0.029220
0.026039
0.022291
0.022316
0.029855
0.029036
0.033188
0.030954
0.024731
0.028497
0.029556
0.021834
0.025220
0.029059
0.026968
0.031551
0.032676
0.033056
0.023898
0.024462
0.024589
0.027963
0.030811
0.025190
0.029260
0.028152
0.026064
0.025482
0.024094
0.024021
0.025288
0.026835
0.027472
0.025661
0.025180
0.025345
0.025883
0.026242
0.029125
0.027383
0.028187
0.028401
0.030107
0.021105
0.021995
0.020291
0.020485
0.020529
0.020827
0.024916
0.021091
0.022863
0.020820
0.020634
0.020868
0.024156
0.020298
0.020730
0.022024
0.029034
0.022505
0.022139
0.022360
0.021717
0.024109
0.022274
0.021781
0.025513
0.021834
0.022475
0.023318
0.025200
0.024227
0.022986
0.024130
0.023707
0.026836
0.023335
0.024372
0.025938
0.023907
0.027303
0.024762
0.024324
0.023692
0.023611
0.025433
0.025488
0.025417
0.025254
0.022252
0.020479
0.020683
0.027249
0.021812
0.031097
0.030550
0.031588
0.031351
0.025123
0.025509
0.023947
0.023530
0.023321
0.025071
0.023890
0.025359
0.024712
0.024679
0.024584
0.024634
0.026718
0.035632
0.022243
0.030393
0.023569
0.032569
0.034384
0.030742
0.030134
0.029567
0.031341
0.026438
0.032831
0.034010
0.024932
0.033827
0.030847
0.026608
0.026805
0.027552
0.021080
0.020919
0.022761
0.022276
0.026106
0.022271
0.022741
0.024382
0.023737
0.023459
0.033485
0.036746
0.025912
0.021828
0.024923
0.024853
0.027343
0.024865
0.024914
0.025684
0.025480
0.027391
0.024810
0.037982
0.036906
0.024780
0.015069
0.014757
0.014981
0.016756
0.015096
0.018023
0.021164
0.018262
0.014438
0.015497
0.015583
0.015803
0.016191
0.017866
0.017180
0.020843
0.017327
0.018165
0.017227
0.016377
0.018092
0.020600
0.016711
0.016620
0.018932
0.016448
0.016419
0.016218
0.020646
0.017781
0.018565
0.016522
0.016425
0.016427
0.016489
0.020227
0.018358
0.016234
0.016515
0.016654
0.017397
0.016471
0.017800
0.016855
0.016205
0.016261
0.017485
0.017171
0.018348
0.016784
0.016670
0.016400
0.016240
0.014657
0.015379
0.012853
0.016011
0.014576
0.018424
0.013043
0.013758
0.013933
0.013099
0.013474
0.019140
0.015958
0.014179
0.014829
0.015841
0.014386
0.012515
0.012834
0.013568
0.013226
0.012537
0.012697
0.018997
0.013742
0.013256
0.029324
0.013632
0.012597
0.012830
0.033173
0.016315
0.014346
0.015981
0.015836
0.015705
0.012443
0.016510
0.020073
0.016845
0.015007
0.023434
0.035344
0.016005
0.016207
0.025395
0.019706
0.021066
0.025599
0.030498
0.018452
0.018803
0.018810
0.018563
0.018144
0.021158
0.018218
0.030590
0.031049
0.040789
0.026858
0.026640
0.028778
0.013864
0.015319
0.012502
0.016145
0.018301
0.015781
0.016812
0.024848
0.028126
0.030489
0.030581
0.029322
0.028833
0.020484
0.020287
0.020098
0.020094
0.021159
0.023649
0.022801
0.021003
0.020472
0.020115
0.020480
0.021055
0.034090
0.027384
0.016765
0.016394
0.016155
0.016220
0.016285
0.024060
0.033226
0.030483
0.029474
0.030325
0.026717
0.019022
0.018145
0.020797
0.022875
0.034013
0.037215
0.032837
0.030747
0.033221
0.036330
0.032542
0.027878
0.034308
0.027869
0.031503
0.031085
0.033639
0.028003
0.027946
0.029883
0.030550
0.030579
0.028730
0.035861
0.041233
0.029785
0.037978
0.038330
0.044708
0.042226
0.041399
0.032540
0.033151
0.032606
0.033029
0.045934
0.032133
0.033055
0.044972
0.040212
0.025796
0.028771
0.028676
0.029001
0.028761
0.029850
0.029388
0.025510
0.027501
0.033200
0.030496
0.026804
0.027836
0.027521
0.028516
0.028329
0.029597
0.029668
0.034914
0.035701
0.036563
0.032014
0.035741
0.034508
0.026620
0.029360
0.031883
0.036694
0.036204
0.033774
0.034800
0.035941
0.035113
0.029721
0.037089
0.039386
0.031928
0.031632
0.032439
0.033368
0.031352
0.036248
0.031811
0.050995
0.048656
0.036983
0.035089
0.036070
0.036243
0.051991
0.039326
0.050796
0.036217
0.036597
0.035994
0.048646
0.037054
0.034052
0.033547
0.039191
0.034390
0.033882
0.039333
0.032403
0.035097
0.033031
0.035573
0.035972
0.033601
0.035901
0.033364
0.035222
0.035477
0.036839
0.038621
0.033891
0.036589
0.034935
0.044102
0.034449
0.035616
0.034862
0.036552
0.033654
0.035773
0.034127
0.035309
0.034625
0.038817
0.048519
0.046681
0.036473
0.036405
0.037440
0.038871
0.042398
0.039530
0.039122
0.037937
0.039477
0.037303
0.038048
0.037740
0.037003
0.036134
0.042594
0.050794
0.040620
0.039288
0.039955
0.038264
0.039042
0.036903
0.041682
0.044588
0.038215
0.040892
0.040366
0.038839
0.038960
0.046614
0.039247
0.049054
0.042929
0.035061
0.028214
0.032326
0.035599
0.033463
0.033370
0.034251
0.034749
0.033900
0.036440
0.038051
0.035287
0.035491
0.035467
0.036680
0.038355
0.036007
0.036116
0.035313
0.035962
0.036209
0.035624
0.035559
0.041193
0.039748
0.035426
0.028929
0.032939
0.033463
0.034681
0.033508
0.033828
0.032949
0.034493
0.035016
0.033239
0.033039
0.033035
0.035526
0.034011
0.032838
0.035227
0.023506
0.023650
0.025470
0.028114
0.027137
0.027693
0.026772
0.041209
0.031912
0.030750
0.031547
0.033317
0.022770
0.021001
0.030052
0.029583
0.029427
0.029321
0.030061
0.029699
0.029117
0.028725
0.028745
0.029366
0.030011
0.031566
0.035110
0.021557
0.023119
0.026788
0.027157
0.027402
0.030416
0.032290
0.045494
0.036335
0.026031
0.030930
0.034032
0.033432
0.033452
0.038766
0.033379
0.034148
0.034516
0.046725
0.033824
0.033820
0.034153
0.033386
0.034536
0.034021
0.034383
0.033358
0.033308
0.036686
0.033674
0.034220
0.034201
0.033466
0.035965
0.033373
0.033813
