0.387701
0.024004
0.027538
0.026253
0.025660
0.024879
0.026308
0.026220
0.034038
0.025391
0.027267
0.025418
0.025387
0.025987
0.027881
0.025188
0.026909
0.027274
0.025161
0.025001
0.025114
0.027102
0.027291
0.025012
0.027049
0.026089
0.034094
0.025472
0.027000
0.034401
0.025110
0.025741
0.034116
0.026234
0.028356
0.025807
0.026135
0.025332
0.027037
0.025070
0.024938
0.032920
0.024264
0.029768
0.038327
0.022592
0.023450
0.030168
0.023005
0.022915
0.024759
0.032224
0.022930
0.039379
0.044190
0.023376
0.024619
0.023215
0.026879
0.032495
0.026088
0.031130
0.021733
0.017424
0.023043
0.024153
0.020653
0.021709
0.021591
0.025606
0.033267
0.030071
0.023221
0.021058
0.020940
0.024133
0.021673
0.022197
0.020846
0.020654
0.020835
0.028571
0.030914
0.032795
0.021205
0.026699
0.030789
0.028174
0.023678
0.022590
0.027716
0.032372
0.028148
0.028271
0.021418
0.021688
0.022277
0.021330
0.032564
0.028181
0.029056
0.021061
0.022402
0.028933
0.040173
0.033202
0.022939
0.027979
0.028773
0.027729
0.027812
0.028711
0.029280
0.028954
0.027733
0.027954
0.029949
0.027991
0.028546
0.028760
0.039156
0.040508
0.033917
0.030096
0.030329
0.032242
0.030221
0.030075
0.046160
0.043126
0.045732
0.036947
0.030847
0.030347
0.034760
0.030544
0.029898
0.029813
0.037068
0.042758
0.036272
0.034936
0.038677
0.032215
0.032244
0.028431
0.037194
0.034781
0.035577
0.036048
0.034510
0.029674
0.038665
0.030184
0.026894
0.031035
0.028152
0.020313
0.023845
0.034323
0.037618
0.034006
0.035982
0.038602
0.050153
0.038633
0.036877
0.038301
0.040851
0.036266
0.034331
0.034190
0.036451
0.034093
0.033970
0.035918
0.034086
0.034316
0.034990
0.025565
0.029384
0.028549
0.028401
0.030540
0.029471
0.029555
0.027728
0.030796
0.030438
0.030836
0.030766
0.034011
0.029844
0.029988
0.033145
0.033728
0.030610
0.029900
0.031782
0.031071
0.032233
0.029908
0.034077
0.033531
0.031815
0.033403
0.034019
0.032806
0.031799
0.036103
0.031922
0.031238
0.032038
0.032078
0.035431
0.033528
0.037851
0.035189
0.035785
0.038840
0.035269
0.033205
0.053194
0.033265
0.030984
0.028394
0.034354
0.030401
0.029194
0.030038
0.032785
0.020905
0.028633
0.028911
0.030056
0.029396
0.036883
0.033474
0.028352
0.037503
0.030573
0.031339
0.034896
0.039202
0.041422
0.042366
0.051711
0.042281
0.043878
0.034358
0.035553
0.032748
0.035127
0.034302
0.039221
0.038153
0.042430
0.038023
0.037573
0.042351
0.039230
0.040553
0.029838
0.030567
0.029987
0.030521
0.031387
0.029600
0.036026
0.022663
0.014205
0.013540
0.013385
0.015612
0.014885
0.014238
0.025816
0.020251
0.024570
0.026714
0.020404
0.017312
0.017010
0.021355
0.029161
0.020853
0.018900
0.018601
0.035200
0.029341
0.027400
0.019741
0.020802
0.019145
0.018411
0.018134
0.020116
0.021080
0.018941
0.017900
0.019023
0.027471
0.028950
0.017738
0.020184
0.020031
0.017606
0.019823
0.021066
0.025517
0.018996
0.027010
0.022277
0.020627
0.030894
0.020084
0.019339
0.030888
0.021050
0.019923
0.019103
0.029346
0.021459
0.019586
0.019258
0.019644
0.019535
0.019371
0.021192
0.018986
0.018920
0.018967
0.012838
0.011092
0.012941
0.012679
0.010774
0.011084
0.011486
0.011881
0.010454
0.009029
0.008848
0.008758
0.008710
0.010848
0.016799
0.009274
0.009976
0.010299
0.008858
0.009551
0.008834
0.008739
0.008796
0.008886
0.008991
0.013602
0.014957
0.011198
0.009576
0.008834
0.008835
0.008249
0.020607
0.022110
0.017354
0.017550
0.017938
0.018278
0.033894
0.019694
0.018253
0.018332
0.021306
0.018868
0.020638
0.019458
0.018500
0.031782
0.028444
0.018355
0.020307
0.021951
0.017425
0.013602
0.011981
0.011014
0.010461
0.008799
0.008771
0.008894
0.012085
0.014119
0.010215
0.010205
0.013044
0.009385
0.009216
0.011979
0.020920
0.014260
0.017224
0.020008
0.009394
0.011785
0.012710
0.014192
0.017395
0.018620
0.016312
0.016788
0.017790
0.016488
0.016834
0.018422
0.016914
0.017295
0.017381
0.020175
0.025037
0.020519
0.019990
0.028659
0.022287
0.019365
0.020161
0.020394
0.019433
0.020379
0.050508
0.022795
0.019568
0.023302
0.019267
0.022822
0.019455
0.019800
0.021809
0.020630
0.022909
0.021504
0.020479
0.021939
0.020044
0.020963
0.026477
0.020886
0.020842
0.021196
0.024642
0.026117
0.021566
0.024711
0.018194
0.008991
0.008843
0.010226
0.010787
0.015033
0.014921
0.019022
0.019136
0.020080
0.020749
0.019763
0.015832
0.018280
0.015477
0.015604
0.034419
0.020260
0.020255
0.024499
0.022276
0.023075
0.022368
0.022875
0.019030
0.019980
0.016212
0.011900
0.012819
0.024867
0.020706
0.020371
0.035383
0.019377
0.026625
0.018461
0.019769
0.019705
0.019507
0.027306
0.027314
0.019223
0.023499
0.019732
0.025236
0.018677
0.019267
0.021098
0.019696
0.019682
0.024175
0.021303
0.022460
0.023638
0.023474
0.016924
0.014587
0.015563
0.025133
0.020729
0.034496
0.023380
0.024889
0.021949
0.021109
0.022213
0.026144
0.019893
0.023061
0.021076
0.039760
0.024469
0.013352
0.014336
0.014079
0.013811
0.015438
0.016896
0.014863
0.014264
0.014325
0.014183
0.016670
0.014349
0.013508
0.024517
0.014959
0.015083
0.014703
0.014338
0.015310
0.015124
0.014130
0.016022
0.017971
0.023059
0.015917
0.018263
0.016305
0.016091
0.016004
0.016119
0.016057
0.019518
0.018554
0.019888
0.018374
0.018708
0.018097
0.019067
0.018873
0.017230
0.021396
0.020798
0.020459
0.019275
0.019208
0.020215
0.018791
0.019837
0.020165
0.030752
0.019695
0.020390
0.017916
0.021974
0.025871
0.020151
0.022319
0.027259
0.026482
0.026823
0.019612
0.019279
0.025430
0.023517
0.021626
0.018010
0.018695
0.016798
0.016498
0.016541
0.016694
0.021112
0.018440
0.017725
0.016876
0.016611
0.020799
0.018817
0.019071
0.023552
0.019323
0.019003
0.032615
0.018544
0.019174
0.019109
0.023074
0.020466
0.019197
0.018861
0.019353
0.025818
0.021468
0.018917
0.019705
0.018905
0.016059
0.022509
0.012969
0.014811
0.019518
0.014469
0.015113
0.014077
0.013052
0.013224
0.019555
0.014262
0.015822
0.019717
0.015624
0.016059
0.015048
0.017481
0.017083
0.026276
0.019368
0.015043
0.013967
0.016975
0.018875
0.016337
0.016869
0.017429
0.021493
0.019366
0.016609
0.015875
0.025178
0.016668
0.016913
0.017757
0.019228
0.018134
0.017741
0.036889
0.019594
0.019777
0.033744
0.025817
0.019867
0.018807
0.018218
0.017786
0.019308
0.033775
0.019209
0.019140
0.018394
0.020401
0.032891
0.029963
0.019413
0.019175
0.020506
0.020628
0.022199
0.019977
0.019534
0.019151
0.027019
0.025513
0.020287
0.025980
0.019806
0.019495
0.028730
0.021961
0.022816
0.019081
0.021271
0.019348
0.020054
0.019371
0.019343
0.022816
0.021700
0.019693
0.019659
0.021362
0.019293
0.019707
0.019499
0.019930
0.028411
0.020273
0.019904
0.027317
0.019214
0.020509
0.020133
0.022035
0.019933
0.019772
0.022952
0.019440
0.019579
0.022099
0.020663
0.020081
0.019270
0.024852
0.021263
0.021265
0.020972
0.025000
0.021283
0.021175
0.021621
0.023959
0.020651
0.024621
0.021026
0.020650
0.022565
0.021117
0.020439
0.027493
0.022246
0.024472
0.020747
0.021489
0.018684
0.015545
0.021502
0.015193
0.016378
0.014882
0.014112
0.013544
0.017756
0.017861
0.013694
0.012598
0.013783
0.013536
0.013346
0.013674
0.013258
0.013772
0.013548
0.015403
0.017823
0.019622
0.017111
0.016058
0.016078
0.016022
0.019733
0.019773
0.018965
0.017991
0.019490
0.018115
0.018108
0.019829
0.023989
0.020246
0.019323
0.019738
0.019769
0.021936
0.019279
0.019915
0.022642
0.019859
0.019860
0.019591
0.019469
0.024087
0.019272
0.022022
0.019892
0.019591
0.019491
0.021095
0.019999
0.019640
0.022542
0.021810
0.019712
0.020021
0.022919
0.019467
0.020125
0.020302
0.024093
0.020835
0.026593
0.019625
0.021170
0.019418
0.019628
0.021937
0.026956
0.031835
0.036529
0.027873
0.023792
0.022505
0.020796
0.022766
0.044978
0.028940
0.025225
0.032191
0.037338
0.030927
0.028356
0.028807
0.038579
0.030160
0.025382
0.017465
0.015621
0.016479
0.018707
0.020554
0.016298
0.016500
0.017373
0.018405
0.016456
0.026059
0.021213
0.021371
0.027144
0.028336
0.026532
0.024668
0.022134
0.024051
0.019515
0.023355
0.030513
0.027305
0.034354
0.028827
0.027694
0.027036
0.019782
0.022813
0.019778
0.020127
0.024919
0.043227
0.033757
0.031676
0.033293
0.027680
0.042142
0.046960
0.021610
0.022201
0.025055
0.043309
0.043208
0.027420
0.027722
0.031597
0.018951
0.024699
0.021189
0.021901
0.021399
0.029818
0.020038
0.021939
0.020403
0.027047
0.020993
0.020385
0.022976
0.020936
0.020528
0.022758
0.020491
0.021292
0.020256
0.020489
0.021375
0.020828
0.020645
0.020258
0.023014
0.022434
0.020374
0.021297
0.025389
0.022900
0.025340
0.025372
0.024855
0.027550
0.027005
0.024509
0.025204
0.026044
0.026088
0.027601
0.024163
0.024668
0.022447
0.022687
0.022429
0.022322
0.023278
0.023245
0.026640
0.025346
0.024113
0.023658
0.022888
0.033269
0.022618
0.025864
0.030704
0.033105
0.033726
0.043522
0.016697
0.038013
0.029963
0.029268
0.025728
0.033227
0.031657
0.023248
0.024064
0.022381
0.022886
0.024265
0.027142
0.023674
0.023190
0.027100
0.042358
0.026888
0.024520
0.023919
0.024697
0.035537
0.023758
0.029429
0.024704
0.026050
0.034391
0.027681
0.025641
0.027004
0.027533
0.038242
0.026617
0.029903
0.024519
0.034047
0.023952
0.025401
0.021773
0.027130
0.032048
0.024753
0.023952
0.024718
0.026285
0.025056
0.031632
0.013081
0.014235
0.016181
0.013683
0.014473
0.013647
0.014586
0.016547
0.019894
0.017392
0.020026
0.020868
0.019442
0.019974
0.021453
0.021601
0.021874
0.019553
0.023797
0.019502
0.020296
0.019195
0.021378
0.021118
0.020901
0.021760
0.020955
0.021149
0.020437
0.020469
0.020498
0.024117
0.024424
0.022824
0.022849
0.023239
0.022807
0.022999
0.022289
0.024510
0.021876
0.016756
0.016047
0.013096
0.015399
0.022557
0.021004
0.021582
0.022469
0.023436
0.016272
0.020597
0.015384
0.021270
0.019661
0.015241
0.019329
0.021146
0.020713
0.019756
0.019586
0.026040
0.022794
0.023664
0.021628
0.023680
0.022665
0.025082
0.022400
0.022463
0.021421
0.021317
0.015144
0.015495
0.015764
0.016960
0.019453
0.018739
0.016837
0.022297
0.016920
0.016973
0.018772
0.022834
0.015896
0.020200
0.015707
0.019978
0.019746
0.019660
0.023228
0.017980
0.014990
0.015435
0.013491
0.016829
0.012640
0.022612
0.018984
0.016923
0.015056
0.012424
0.011223
0.014132
0.026965
0.022267
0.016573
0.019606
0.015352
0.016029
0.015293
0.015480
0.021525
0.015543
0.020919
0.016385
0.020529
0.015629
0.019461
0.015343
0.015208
0.015398
0.021654
0.016507
0.016409
0.016567
0.016211
0.015616
0.018297
0.016756
0.015635
0.016369
0.020249
0.017929
0.015349
0.016830
0.015927
0.016164
0.015965
0.015280
0.015298
0.024642
0.019837
0.015553
0.015525
0.018555
0.016509
0.019522
0.018250
0.017561
0.015778
0.015412
0.016104
0.017604
0.015779
0.015797
0.016509
0.015756
0.019497
0.018081
0.012910
0.012907
0.024761
0.013896
0.015404
0.014254
0.014290
0.013113
0.013334
0.012841
0.014614
0.016767
0.016273
0.019150
0.013206
0.013555
0.017628
0.015469
0.020394
0.021410
0.027386
0.018762
0.023733
0.036983
0.026832
0.029717
0.015765
0.015216
0.014897
0.016385
0.014687
0.018087
0.020792
0.021070
0.028033
0.017945
0.017504
0.019954
0.018218
0.015496
0.019122
0.019677
0.020347
0.020004
0.016157
0.021822
0.016513
0.019457
0.021398
0.019662
0.023224
0.020974
0.020931
0.021484
0.022975
0.021116
0.021009
0.024593
0.020770
0.021786
0.021029
0.021762
0.020848
0.020755
0.028731
0.024690
0.014593
0.016628
0.015546
0.014511
0.022446
0.023535
0.019109
0.014887
0.017603
0.014453
0.014454
0.020660
0.021246
0.017746
0.017596
0.021046
0.021782
0.023615
0.028495
0.022561
0.021098
0.025143
0.033162
0.032435
0.025571
0.017715
0.016031
0.014942
0.015301
0.015599
0.015388
0.026825
0.016062
0.025243
0.015541
0.015178
0.015317
0.014532
0.015233
0.014978
0.017027
0.015862
0.014929
0.014436
0.017379
0.026715
0.019137
0.018550
0.021219
0.018184
0.018140
0.018211
0.018332
0.020356
0.018604
0.024579
0.018056
0.018267
0.019222
0.018399
0.024613
0.020301
0.018930
0.022637
0.018383
0.018628
0.018146
0.019170
0.018921
0.018480
0.021858
0.020006
0.020763
0.021350
0.021369
0.024031
0.022156
0.024811
0.023180
0.024311
0.024898
0.024990
0.035081
0.024088
0.027601
0.025184
0.026475
0.026286
0.027644
0.034941
0.040973
0.038486
0.038174
0.037876
0.026800
0.026311
0.027126
0.028778
0.026697
0.027452
0.026969
0.026401
0.026580
0.026890
0.028372
0.028236
0.039241
0.026508
0.027237
0.026403
0.035976
0.029683
0.038234
0.026481
0.027802
0.027473
0.027986
0.026917
0.029851
0.043767
0.033347
0.034651
0.034024
0.038024
0.037003
0.043418
0.036169
0.024305
0.039299
0.025710
0.051878
0.033796
0.034330
0.033248
0.035548
0.025711
0.036123
0.041752
0.029665
0.038326
0.039546
0.038141
0.039494
0.051032
0.027828
0.040294
0.027958
0.047650
0.039241
0.039086
0.036428
0.040816
0.039005
0.040932
0.040333
0.040213
0.041903
0.028809
0.037570
0.039865
0.037506
0.037864
0.038352
0.037331
0.038478
0.038650
0.037458
0.039410
0.027815
0.027530
0.038608
0.041007
0.037506
0.040801
0.038399
0.037637
0.037324
0.038719
0.026971
0.028033
0.027031
0.026760
0.027162
0.029845
0.030824
0.026818
0.026932
0.026985
0.029061
0.028442
0.029846
0.031370
0.030187
0.051957
0.038628
0.027784
0.029720
0.027472
0.037633
0.034754
0.028671
0.027042
0.040715
0.037976
0.037635
0.041701
0.031038
0.040465
0.044059
0.038287
0.037913
0.039878
0.037873
0.039666
0.037362
0.040101
0.038149
0.037764
0.038940
0.040962
0.041161
0.039536
0.045938
0.039434
0.048630
0.041456
0.044021
0.038638
0.039552
0.038012
0.037437
0.037712
0.037286
0.040212
0.037082
0.037441
0.038663
0.037352
0.039710
0.040015
0.039224
0.049277
0.056587
0.039448
0.040222
0.039533
0.042036
0.032802
0.030174
0.040277
0.029822
0.039859
0.028392
0.028896
0.039902
0.040381
0.041606
0.039468
0.032028
0.042120
0.032147
0.013730
0.035450
0.031398
0.032938
0.029546
0.029484
0.030882
0.028804
0.033038
0.026860
0.037410
0.030516
0.046596
0.040926
0.040931
0.042524
0.039257
0.040681
0.040634
0.039343
0.039436
0.031681
0.031491
0.029265
0.039885
0.038923
0.041512
0.041674
0.031422
0.029894
0.030700
0.031007
0.029659
0.036787
0.041640
0.055057
0.036562
0.030822
0.041965
0.034949
0.047323
0.031055
0.030413
0.040894
0.043748
0.030545
0.031193
0.030451
0.034500
0.031222
0.029542
0.021505
0.023376
0.021066
0.024604
0.031137
0.020065
0.038088
0.030537
0.023794
0.023255
0.025402
0.025075
0.025156
0.028469
0.020792
0.027777
0.039430
0.027858
0.028142
0.040085
0.029377
0.027315
0.027125
0.027933
0.028024
0.026990
0.027859
0.025129
0.028805
0.025308
0.034269
0.030874
0.026238
0.025481
0.024992
0.025537
0.028570
0.027083
0.025897
0.025348
0.024757
0.025108
0.028298
0.028793
0.040142
0.029142
0.039974
0.041755
0.040758
0.040379
0.038965
0.028766
0.029248
0.032005
0.028522
0.040094
0.033428
0.039329
0.046518
0.039737
0.038059
0.027817
0.027224
0.030207
0.026712
0.030967
0.027529
0.027612
0.026698
0.037625
0.049268
0.037330
0.030539
0.027091
0.027005
0.028050
0.027820
0.026938
0.042899
0.042067
0.044621
0.029738
0.028582
0.029395
0.029253
0.031221
0.028355
0.029925
0.027173
0.029436
0.028520
0.028371
0.028106
0.028306
0.028808
0.030520
0.028927
0.028182
0.021636
0.027471
0.028727
0.030354
0.036133
0.037728
0.043920
0.038991
0.039241
0.041384
0.040982
0.040482
0.040064
0.042933
0.048258
0.029901
0.041213
0.037074
0.028769
0.028632
0.039786
0.041922
0.031126
0.028718
0.029713
0.034926
0.029349
0.029519
0.031966
0.034905
0.031329
0.029706
0.039731
0.018744
0.018969
0.025391
0.025076
0.025539
0.027624
0.028435
0.023085
0.025775
0.029888
0.033977
0.028703
0.029160
0.028093
0.038387
0.030985
0.029990
0.029337
0.031013
0.034988
0.031509
0.030818
0.032007
0.029992
0.029809
0.031245
0.023617
0.023654
0.027410
0.028111
0.026584
0.027257
0.028219
0.020740
0.017253
0.020668
0.018339
0.021170
0.023316
0.034608
0.023330
0.027369
0.023134
0.023903
0.023515
0.023292
0.023449
0.023680
0.026521
0.026467
0.033919
0.029814
0.032876
0.037126
0.033326
0.030800
0.041025
0.035388
0.036865
0.030052
0.023961
0.018481
0.017424
0.023391
0.019156
0.019685
0.017530
0.032620
0.017004
0.020414
0.016868
0.018117
0.016856
0.016821
0.014832
0.012988
0.015422
0.014491
0.014400
0.015265
0.015804
0.017190
0.015472
0.017589
0.014604
0.014128
0.013725
0.016863
0.014040
0.014686
0.021266
0.015823
0.014393
0.016382
0.013999
0.014400
0.016133
0.025411
0.030487
0.030194
0.025301
0.016673
0.017714
0.031578
0.017895
0.023497
0.018980
0.017785
0.017722
0.018054
0.028244
0.032244
0.023906
0.032144
0.023823
0.034081
0.023443
0.020947
0.028315
0.030903
0.026356
0.022428
0.024406
0.025285
0.027897
0.023012
0.024872
0.028588
0.023659
0.022392
0.026519
0.027580
0.026056
0.018042
0.018431
0.019849
0.026573
0.031828
0.026121
0.030626
0.026676
0.027497
0.019622
0.028806
0.019951
0.020134
0.023638
0.019406
0.027113
0.022549
0.017678
0.027757
0.016069
0.016407
0.016254
0.016042
0.015867
0.017087
0.020950
0.026538
0.016997
0.016575
0.016057
0.015978
0.015911
0.016074
0.016142
0.030710
0.015548
0.024788
0.016175
0.015814
0.016997
0.015669
0.018501
0.015849
0.018373
0.016241
0.016534
0.018539
0.021151
0.024630
0.021050
0.022869
0.022506
0.022964
0.025005
0.022467
0.026094
0.023880
0.030105
0.022420
0.025553
0.027436
0.023989
0.026921
0.024539
0.025374
0.023797
0.014599
0.015677
0.013873
0.012158
0.013937
0.016357
0.013810
0.013984
0.014310
0.014524
0.014547
0.024578
0.015212
0.015174
0.014585
0.014541
0.015167
0.015164
0.015159
0.016576
0.014693
0.018712
0.015939
0.014543
0.015667
0.015777
0.020112
0.017434
0.017302
0.017563
0.017066
0.017341
0.024735
0.017971
0.019492
0.026709
0.017959
0.018562
0.017437
0.018743
0.017184
0.019885
0.027113
0.025352
0.017703
0.017877
0.017230
0.017375
0.018093
0.018173
0.021994
0.019331
0.018868
0.018740
0.022456
0.020165
0.021323
0.020637
0.032694
0.021045
0.021234
0.026006
0.022984
0.023650
0.023422
0.028760
0.025107
0.023040
0.023777
0.032700
0.022264
0.025928
0.022283
0.023783
0.023275
0.022967
0.022470
0.022108
0.029143
0.023783
0.029397
0.035620
0.032907
0.035856
0.037030
0.049476
0.029986
0.041167
0.038882
0.031954
0.038727
0.029165
0.044787
0.030535
0.033322
0.041563
0.032443
0.041223
0.041769
0.025270
0.025794
0.025519
0.034865
0.037557
0.031475
0.027116
0.026549
0.025957
0.049550
0.041665
0.024674
0.023915
0.025432
0.036418
0.039687
0.035254
0.024446
0.033141
0.035101
0.039514
0.039403
0.024086
0.026370
0.035996
0.025554
0.036954
0.030343
0.029631
0.044626
0.037915
0.039477
0.040976
0.043695
0.036444
0.032124
0.052092
0.045094
0.044041
0.046967
0.051865
0.041049
0.045139
0.033652
0.025857
0.038764
0.036976
0.046769
0.042122
0.035010
0.036665
0.036057
0.052637
0.038041
0.035560
0.035738
0.035857
0.036612
0.035937
0.035542
0.035398
0.036702
0.036277
0.017178
0.037001
0.027844
0.029655
0.029047
0.037144
0.033311
0.033154
0.037607
0.032511
0.024709
0.033462
0.029579
0.031834
0.031629
0.023220
0.025609
0.025287
0.024451
0.033263
0.021358
0.033931
0.026611
0.019584
0.031727
0.024273
0.025967
0.033340
0.025605
0.029010
0.027818
0.027281
0.027129
0.026170
0.025542
0.026002
0.034207
0.028312
0.040064
0.027716
0.039697
0.026629
0.028548
0.028972
0.027501
0.042181
0.025900
0.038838
0.037578
0.027848
0.025813
0.026230
0.031885
0.027277
0.026587
0.026335
0.026487
0.031412
0.027408
0.026934
0.026624
0.044482
0.027291
0.044845
0.026901
0.029017
0.038749
0.025627
0.027334
0.025756
0.029130
0.035271
0.025569
0.025874
0.026580
0.025468
0.025820
0.025671
0.024502
0.024494
0.026416
0.026723
0.028291
0.025644
0.025583
0.025752
0.026219
0.028514
0.025920
0.020156
0.020247
0.019881
0.024584
0.030343
0.022808
0.023163
0.024336
0.024100
0.028163
0.017493
0.023020
0.029331
0.024344
0.024184
0.026177
0.025541
0.035334
0.027860
0.027539
0.036397
0.035206
0.035182
0.036302
0.022095
0.025798
0.027302
0.027490
0.030741
0.029956
0.044770
0.032344
0.029434
0.028539
0.027065
0.034585
0.027589
0.027176
0.041869
0.038346
0.047826
0.037351
0.037922
0.029142
0.038745
0.025580
0.030072
0.027355
0.029873
0.034006
0.033384
0.044020
0.034931
0.025364
0.033822
0.038089
0.028469
0.039951
0.042783
0.039761
0.040126
0.039819
0.040014
0.042370
0.039754
0.039960
0.041423
0.041547
0.054872
0.039536
0.030299
0.041409
0.049384
0.029578
0.028558
0.028922
0.037234
0.038984
0.031213
0.029391
0.031061
0.029240
0.022367
0.025718
0.025762
0.026710
0.028216
0.026556
0.026419
0.020111
0.024910
0.024217
0.028975
0.024510
0.023191
0.027615
0.029550
0.025858
0.026688
0.026185
0.028067
0.025618
0.026626
0.025692
0.029284
0.027527
0.025480
0.025347
0.025333
0.025976
0.027098
0.028950
0.029300
0.028755
0.030551
0.029960
0.029013
0.029733
0.028986
0.027367
0.029176
0.027699
0.027973
0.029756
0.027517
0.028566
0.028042
0.031426
0.027749
0.027992
0.027499
0.034669
0.034421
0.036786
0.035696
0.037151
0.037166
0.036625
0.028267
0.033968
0.029853
0.037609
0.031307
0.029267
0.029332
0.021778
0.041067
0.033942
0.027896
0.026935
0.026524
0.035153
0.038194
0.028626
0.039877
0.025070
0.023687
0.025270
0.023965
0.025769
0.041506
0.025011
0.030486
0.025268
0.026298
0.036362
0.034842
0.028663
0.025560
0.033303
0.025719
0.032497
0.029600
0.025920
0.030398
0.030307
0.027932
0.028214
0.027750
0.032012
0.027981
0.027825
0.031424
0.028534
0.028431
0.032915
0.031037
0.037233
0.028333
0.029034
0.028582
0.027650
0.043622
0.029370
0.035328
0.028525
0.029616
0.029124
0.028140
0.039989
0.038323
0.037283
0.038942
0.028309
0.029382
0.032109
0.038537
0.025697
0.026230
0.027426
0.048446
0.036185
0.027141
0.035900
0.027338
0.038169
0.024352
0.017500
0.026401
0.025694
0.042149
0.018284
0.022228
0.018475
0.021035
0.018221
0.019397
0.021112
0.018912
0.019444
0.031611
0.025319
0.023372
0.024830
0.045206
0.021007
0.036513
0.025241
0.026664
0.035108
0.036615
0.037122
0.033668
0.038483
0.044965
0.029781
0.028377
0.030388
0.030624
0.026857
0.032610
0.022982
0.030212
0.023699
0.032171
0.023423
0.033646
0.024258
0.023284
0.026242
0.024368
0.023401
0.039762
0.031767
0.032432
0.040464
0.032970
0.034403
0.039534
0.042878
0.029529
0.037735
0.038229
0.032516
0.029557
0.030423
0.031966
0.031912
0.039536
0.022280
0.034473
0.029594
0.029553
0.024207
0.036483
0.016577
0.018003
0.020569
0.015984
0.022474
0.021347
0.020762
0.015699
0.017415
0.018411
0.017205
0.028581
0.029817
0.030733
0.023355
0.013779
0.012087
0.015858
0.013761
0.011044
0.023816
0.013649
0.013788
0.015872
0.014335
0.013423
0.029880
0.014437
0.013467
0.014216
0.013243
0.013065
0.014773
0.015126
0.013582
0.014374
0.013503
0.013539
0.018242
0.015981
0.015632
0.014341
0.014424
0.016233
0.019349
0.017033
0.014652
0.031972
0.015775
0.015837
0.033549
0.016138
0.014689
0.016476
0.017183
0.015307
0.016232
0.015898
0.014672
0.018807
0.014647
0.030132
0.018534
0.018619
0.018744
0.020273
0.016468
0.016066
0.016430
0.016426
0.017478
0.017613
0.016510
0.019369
0.031160
0.017723
0.016185
0.015940
0.015785
0.016255
0.017124
0.016526
0.022190
0.016276
0.015724
0.028713
0.034963
0.031400
0.020235
0.022484
0.020059
0.022231
0.018638
0.018165
0.029138
0.019230
0.019569
0.031525
0.025241
0.019951
0.016168
0.016627
0.017610
0.015620
0.017757
0.017961
0.018008
0.023720
0.019891
0.033849
0.021547
0.016229
0.016046
0.016058
0.019784
0.020083
0.015708
0.016308
0.032432
0.019120
0.016094
0.016521
0.016428
0.016935
0.019356
0.022351
0.021898
0.018710
0.018391
0.016655
0.020796
0.018521
0.017942
0.017683
0.035485
0.017246
0.017689
0.019333
0.041537
0.024307
0.018003
0.017237
0.016881
0.021645
0.020500
0.018885
0.018674
0.018597
0.020462
0.021549
0.018123
0.017481
0.019132
0.018744
0.017664
0.019587
0.017338
0.017548
0.037693
0.017693
0.017495
0.018409
0.019740
0.018209
0.018757
0.017556
0.017755
0.017380
0.034053
0.016992
0.016352
0.017579
0.018735
0.034628
0.017573
0.023610
0.019370
0.023128
0.017396
0.023426
0.019005
0.017605
0.017604
0.017278
0.022831
0.036346
0.017818
0.043595
0.019777
0.021386
0.018661
0.025140
0.023062
0.021613
0.021415
0.021268
0.021365
0.020681
0.022644
0.023462
0.020983
0.021280
0.021292
0.021719
0.023280
0.021215
0.022446
0.021448
0.022896
0.021057
0.021040
0.022076
0.022334
0.038004
0.022631
0.038682
0.025812
0.024746
0.024807
0.039898
0.024041
0.025493
0.022326
0.022422
0.022738
0.026703
0.025577
0.025958
0.025568
0.025554
0.026480
0.025522
0.025300
0.027426
0.028391
0.024926
0.024957
0.024858
0.025184
0.027387
0.022079
0.015305
0.018002
0.031707
0.017136
0.015514
0.020474
0.017630
0.015431
0.015507
0.014796
0.014757
0.020617
0.023420
0.022980
0.021632
0.021412
0.025270
0.025291
0.028742
0.024954
0.024224
0.023811
0.024885
0.025161
0.027124
0.025089
0.024511
0.027444
0.025940
0.024853
0.024820
0.031398
0.025047
0.025209
0.017745
0.016594
0.033124
0.016574
0.016079
0.015810
0.016403
0.033990
0.019460
0.016987
0.016846
0.016869
0.016727
0.018970
0.018320
0.018081
0.019770
0.019717
0.018404
0.017508
0.017914
0.018059
0.018402
0.017270
0.017256
0.018467
0.024561
0.020938
0.017940
0.025790
0.026192
0.030032
0.026423
0.025700
0.024422
0.024985
0.027291
0.023844
0.023621
0.025466
0.024926
0.025176
0.025045
0.023711
0.026563
0.026972
0.025097
0.027395
0.024892
0.026498
0.029021
0.025944
0.025989
0.026712
0.026940
0.027673
0.025245
0.025318
0.024826
0.027871
0.029535
0.025799
0.024969
0.025916
0.026202
0.026617
0.028247
0.027228
0.030466
0.026580
0.032881
0.027096
0.031357
0.026699
0.028475
0.026651
0.027101
0.026989
0.027596
0.026686
0.028398
0.027039
0.027993
0.026414
0.027418
0.029463
0.028553
0.026438
0.030693
0.030022
0.026388
0.028442
0.026574
0.028066
0.019856
0.020829
0.015104
0.033076
0.018171
0.016268
0.017011
0.016520
0.023945
0.025173
0.024735
0.024198
0.027874
0.023799
0.025550
0.030422
0.025422
0.024526
0.030472
0.028983
0.015493
0.016323
0.015721
0.021734
0.020402
0.019216
0.014369
0.019188
0.025683
0.027683
0.016583
0.020845
0.019502
0.015530
0.023587
0.019459
0.020980
0.016705
0.016056
0.026636
0.021013
0.017435
0.020463
0.016903
0.025882
0.022151
0.021620
0.019979
0.019619
0.022912
0.025493
0.023308
0.019458
0.014636
0.013462
0.017066
0.023512
0.015904
0.020438
0.014692
0.018024
0.016422
0.019584
0.016897
0.020518
0.021235
0.026860
0.022911
0.018618
0.031094
0.017161
0.022530
0.017893
0.028932
0.021303
0.031623
0.029060
0.020316
0.027316
0.022333
0.024974
0.021297
0.019615
0.020082
0.019509
0.022790
0.021920
0.019932
0.019400
0.023352
0.021692
0.025416
0.034886
0.020878
0.026248
0.022450
0.025697
0.022821
0.020881
0.022143
0.023292
0.023443
0.021685
0.023628
0.021816
0.021502
0.021530
0.022640
0.021138
0.021440
0.020799
0.024767
0.022754
0.021063
0.021143
0.020772
0.027466
0.034477
0.022543
0.023196
0.019675
0.025617
0.019759
0.020478
0.023659
0.024710
0.030497
0.031651
0.024638
0.029172
0.023692
0.019687
0.031368
0.026203
0.023631
0.023237
0.022967
0.024228
0.042449
0.029202
0.022088
0.019669
0.016531
0.017612
0.018224
0.016634
0.015691
0.016522
0.014767
0.014866
0.022400
0.023978
0.023526
0.020634
0.024676
0.034517
0.027494
0.020476
0.022704
0.022178
0.030667
0.027081
0.027205
0.021878
0.033869
0.024268
0.032570
0.035798
0.024890
0.032753
0.023551
0.025333
0.023744
0.034742
0.034639
0.020615
0.021263
0.019705
0.019088
0.014684
0.032969
0.014183
0.019988
0.014802
0.018008
0.017504
0.023030
0.017841
0.029324
0.026512
0.024347
0.024292
0.019841
0.042460
0.022306
0.025150
0.022174
0.042207
0.018628
0.024262
0.033303
0.019246
0.018464
0.020187
0.019632
0.021218
0.018844
0.036753
0.022196
0.021790
0.023713
0.021386
0.021391
0.021214
0.021183
0.021956
0.027907
0.022211
0.021750
0.021860
0.022680
0.030611
0.022310
0.020957
0.021049
0.033549
0.021012
0.021169
0.024841
0.020934
0.055927
0.023265
0.019277
0.018054
0.025818
0.020764
0.018297
0.020110
0.019375
0.018055
0.041389
0.019633
0.023551
0.017920
0.018155
0.020631
0.018264
0.020624
0.018559
0.019716
0.015103
0.011759
0.009941
0.011547
0.010882
0.010490
0.010185
0.012415
0.026117
0.016697
0.027966
0.023735
0.026025
0.021106
0.016309
0.022792
0.022453
0.018183
0.036161
0.019438
0.038420
0.030150
0.033367
0.027071
0.032235
0.030648
0.047318
0.037391
0.028175
0.033418
0.036597
0.048492
0.028050
0.030292
0.021037
0.015734
0.016230
0.017256
0.020669
0.017465
0.017382
0.016008
0.016949
0.016296
0.016147
0.016696
0.032059
0.023271
0.020699
0.025132
0.025999
0.025165
0.028087
0.019481
0.020947
0.025227
0.025799
0.022583
0.029687
0.026771
0.026324
0.026515
0.029269
0.028159
0.033017
0.026448
0.028640
0.026466
0.026473
0.028762
0.030782
0.036940
0.028555
0.039339
0.038362
0.039745
0.042361
0.029347
0.026548
0.027672
0.038737
0.030370
0.039293
0.040579
0.030582
0.036279
0.032385
0.040444
0.041970
0.039591
0.029363
0.030276
0.032478
0.036550
0.030763
0.030237
0.030650
0.032019
0.029754
0.029132
0.031212
0.029343
0.029299
0.033490
0.029228
0.031802
0.031260
0.043793
0.035929
0.045582
0.035536
0.029818
0.029820
0.030775
0.031560
0.033713
0.030654
0.064193
0.029220
0.032101
0.032263
0.031258
0.029118
0.029806
0.029925
0.033733
0.029730
0.051321
0.029359
0.031878
0.032651
0.031338
0.032246
0.046317
0.029947
0.031551
0.029260
0.031578
0.028947
0.032164
0.032431
0.029384
0.031179
0.029149
0.029178
0.039999
0.029694
0.028195
0.027854
0.027903
0.028583
0.030679
0.028323
0.031890
0.029241
0.029039
0.036070
0.031394
0.027764
0.030261
0.027725
0.027651
0.028449
0.030672
0.037978
0.038842
0.026078
0.025386
0.024614
0.016962
0.018893
0.016179
0.018302
0.017092
0.016339
0.015198
0.016026
0.021312
0.015779
0.015687
0.014221
0.016263
0.036283
0.028798
0.028949
0.027916
0.026394
0.016795
0.016714
0.015403
0.015487
0.015550
0.019856
0.022672
0.019501
0.015884
0.020015
0.018323
0.040081
0.020257
0.020495
0.020167
0.020631
0.019450
0.020344
0.021717
0.019641
0.021555
0.019036
0.023274
0.020282
0.023912
0.023803
0.025279
0.025949
0.027141
0.027254
0.026508
0.027590
0.027333
0.028098
0.026866
0.026771
0.033248
0.038182
0.026774
0.030082
0.026714
0.027353
0.036862
0.040025
0.028136
0.031858
0.028263
0.028841
0.038057
0.028344
0.028817
0.031695
0.029905
0.028412
0.039252
0.030142
0.029630
0.033957
0.033746
0.042446
0.031657
0.032801
0.017316
0.035812
0.025293
0.020801
0.037814
0.020453
0.036086
0.032443
0.034967
0.048077
0.024438
0.029504
0.021607
0.021899
0.022870
0.023382
0.022937
0.023607
0.033853
0.041172
0.031723
0.022911
0.029517
0.023486
0.025378
0.028058
0.033442
0.028455
0.028025
0.026841
0.026579
0.025241
0.026896
0.026710
0.022146
0.019335
0.019210
0.018926
0.018876
0.018904
0.021329
0.022240
0.021962
0.021758
0.021899
0.021819
0.022466
0.024142
0.022378
0.022732
0.021884
0.021850
0.021781
0.021725
0.022206
0.021773
0.022322
0.021897
0.027383
0.026112
0.021854
0.022799
0.023912
0.023290
0.020606
0.020976
0.022344
0.020295
0.018713
0.019943
0.021769
0.021942
0.019921
0.020476
0.020548
0.026183
0.020385
0.022152
0.022165
0.025662
0.023766
0.025126
0.022861
0.023253
0.023225
0.025331
0.024051
0.023982
0.024027
0.039362
0.028446
0.030820
0.030957
0.032057
0.028509
0.031456
0.031819
0.028073
0.041314
0.030289
0.033966
0.040088
0.038620
0.027623
0.052265
0.053388
0.046103
0.033408
0.031451
0.030472
0.053292
0.040530
0.034768
0.032958
0.029171
0.030291
0.032822
0.033537
0.028621
0.045807
0.028272
0.028411
0.028417
0.018818
0.020618
0.028383
0.023815
0.021075
0.053267
0.037685
0.025181
0.023911
0.022441
0.022609
0.024434
0.022091
0.036028
0.023194
0.021232
0.021657
0.036182
0.026015
0.022231
0.022934
0.022561
0.024181
0.024033
0.033358
0.021624
0.024613
0.028146
0.032365
0.026113
0.023535
0.024953
0.026735
0.027037
0.025590
0.028107
0.020967
0.019884
0.023070
0.021759
0.024983
0.020131
0.049391
0.033823
0.032276
0.021851
0.038507
0.023878
0.021698
0.038554
0.025152
0.023441
0.022393
0.022081
0.021432
0.022422
0.049043
0.023009
0.026658
0.037752
0.021405
0.032358
0.053433
0.024455
0.022148
0.021500
0.023733
0.027486
0.026767
0.032400
0.037328
0.040347
0.030309
0.025983
0.027189
0.028401
0.027718
0.046111
0.040433
0.033881
0.031128
