0.368490
0.026061
0.014246
0.013463
0.013644
0.013386
0.014509
0.014587
0.020733
0.013711
0.015776
0.014336
0.013605
0.014301
0.016011
0.014298
0.013393
0.013630
0.014041
0.013498
0.013357
0.014588
0.015514
0.015270
0.023359
0.018473
0.015987
0.019394
0.028187
0.015614
0.015906
0.017875
0.016375
0.016287
0.016542
0.016659
0.016254
0.020944
0.016318
0.021352
0.018206
0.021613
0.019345
0.016159
0.016983
0.017220
0.016410
0.016593
0.018025
0.017027
0.016865
0.016509
0.016163
0.016932
0.017299
0.018150
0.018195
0.016653
0.016685
0.016649
0.016344
0.016830
0.029447
0.018308
0.016872
0.016542
0.017191
0.019233
0.016166
0.017315
0.019994
0.018730
0.018280
0.018861
0.016401
0.019879
0.019423
0.016065
0.019878
0.019459
0.017183
0.016650
0.016397
0.019300
0.018739
0.019673
0.018958
0.025792
0.028805
0.027036
0.026641
0.016138
0.021477
0.022056
0.011914
0.017224
0.014083
0.014120
0.011925
0.015573
0.013261
0.012216
0.012362
0.022150
0.024683
0.025172
0.026711
0.021853
0.021684
0.022598
0.024196
0.025278
0.017013
0.017992
0.017004
0.016808
0.016741
0.018321
0.023804
0.017178
0.020107
0.017124
0.020104
0.016923
0.019515
0.023082
0.018369
0.014357
0.014629
0.013926
0.014458
0.015979
0.017774
0.018220
0.016618
0.016040
0.023082
0.019031
0.019444
0.021744
0.016075
0.019272
0.017488
0.016656
0.016725
0.016029
0.015762
0.015832
0.022746
0.026848
0.016331
0.018055
0.017616
0.015974
0.016121
0.023800
0.015997
0.016040
0.021172
0.018296
0.016966
0.017174
0.016649
0.016168
0.016196
0.016133
0.015832
0.019825
0.016701
0.016894
0.020188
0.016232
0.016079
0.019801
0.018740
0.023866
0.017036
0.017571
0.016647
0.016490
0.016727
0.023279
0.017466
0.018936
0.017691
0.019832
0.017430
0.017730
0.017305
0.017328
0.024914
0.019775
0.017648
0.017609
0.018259
0.018192
0.017807
0.020650
0.017449
0.017339
0.018828
0.019212
0.017565
0.018016
0.017667
0.018238
0.017441
0.017537
0.020580
0.017618
0.018515
0.025507
0.019285
0.019249
0.017389
0.017909
0.044086
0.022655
0.026573
0.024137
0.024283
0.025226
0.024593
0.024791
0.026338
0.026634
0.025066
0.024616
0.020499
0.014959
0.014773
0.015358
0.016973
0.019405
0.017832
0.016288
0.015783
0.018389
0.018374
0.019176
0.016049
0.015983
0.026122
0.027689
0.026072
0.026904
0.022919
0.025037
0.022876
0.016627
0.020622
0.022000
0.019091
0.019240
0.019407
0.019431
0.018978
0.019235
0.020593
0.020648
0.017265
0.017767
0.016883
0.016635
0.018805
0.018215
0.021339
0.017348
0.018291
0.016871
0.016941
0.019350
0.016738
0.025318
0.017781
0.017440
0.016565
0.016796
0.021897
0.016433
0.014516
0.016789
0.018673
0.017187
0.018480
0.021196
0.017160
0.020450
0.017134
0.028021
0.025967
0.018237
0.017146
0.017240
0.019721
0.018789
0.017766
0.017342
0.023086
0.018502
0.018661
0.015323
0.015747
0.018950
0.021047
0.018937
0.017627
0.020840
0.018179
0.017908
0.019208
0.027407
0.019490
0.021152
0.018170
0.018023
0.028222
0.020230
0.018465
0.018090
0.018355
0.019828
0.018177
0.015917
0.012726
0.011863
0.014390
0.011602
0.012576
0.012348
0.012226
0.012869
0.015726
0.015208
0.018154
0.019548
0.019157
0.026796
0.016301
0.018453
0.019369
0.020568
0.016696
0.020450
0.019592
0.017971
0.016524
0.020700
0.016870
0.019022
0.017432
0.014086
0.014192
0.015570
0.013556
0.012636
0.013521
0.012695
0.013416
0.012786
0.013845
0.034837
0.015239
0.013343
0.014318
0.019485
0.017848
0.029330
0.014525
0.012765
0.012790
0.013690
0.013105
0.015570
0.028374
0.012976
0.017994
0.020873
0.018122
0.016012
0.012870
0.014942
0.013177
0.013465
0.015993
0.014117
0.013379
0.033643
0.013557
0.024439
0.032382
0.013979
0.015175
0.014122
0.013464
0.013841
0.015403
0.015452
0.013982
0.015721
0.029201
0.014437
0.010893
0.010347
0.012996
0.011348
0.019374
0.022470
0.024786
0.022773
0.024379
0.020765
0.013277
0.015496
0.010979
0.012392
0.033360
0.020489
0.028945
0.021796
0.013597
0.029084
0.013194
0.015081
0.014450
0.035452
0.022873
0.019296
0.026166
0.015598
0.019587
0.019771
0.020882
0.017349
0.035327
0.014211
0.016413
0.036757
0.018565
0.019784
0.012578
0.012337
0.012388
0.012374
0.015528
0.015034
0.014740
0.012929
0.015295
0.012496
0.012360
0.012588
0.031925
0.013527
0.017433
0.014534
0.012291
0.013328
0.012462
0.014642
0.028240
0.012308
0.017469
0.020707
0.020774
0.027919
0.025907
0.017293
0.010695
0.010454
0.009829
0.009411
0.012454
0.015213
0.012928
0.012688
0.012731
0.013732
0.013983
0.013333
0.013374
0.015801
0.013614
0.012376
0.012394
0.012475
0.016511
0.016524
0.014927
0.013527
0.012900
0.012648
0.013704
0.012727
0.012372
0.021742
0.023030
0.023678
0.026917
0.018878
0.020868
0.022447
0.018770
0.017175
0.016790
0.015882
0.025080
0.026013
0.021672
0.020561
0.018445
0.011800
0.016925
0.012198
0.011155
0.011652
0.012703
0.011091
0.011000
0.010953
0.010543
0.013494
0.014967
0.021156
0.020799
0.017291
0.023260
0.031085
0.023423
0.019738
0.014311
0.014401
0.016546
0.020663
0.017046
0.014750
0.013796
0.013590
0.016974
0.015217
0.013207
0.015194
0.013393
0.013017
0.014354
0.019202
0.013339
0.013726
0.016099
0.014763
0.012978
0.014107
0.022188
0.013226
0.017287
0.017364
0.016756
0.015361
0.016887
0.015195
0.016453
0.015054
0.018031
0.015950
0.015548
0.012262
0.017217
0.014290
0.013006
0.012590
0.012320
0.011792
0.011295
0.014600
0.029413
0.016134
0.014466
0.016720
0.023591
0.018930
0.019752
0.019084
0.018850
0.021584
0.025104
0.015835
0.016155
0.015360
0.015023
0.015642
0.020270
0.015530
0.015390
0.016541
0.015441
0.015043
0.017615
0.018347
0.019265
0.016689
0.017251
0.017107
0.022369
0.017236
0.017228
0.017153
0.017699
0.017482
0.016311
0.016843
0.016569
0.017346
0.017030
0.019492
0.017141
0.020160
0.018004
0.017463
0.017318
0.017346
0.016721
0.017310
0.017258
0.018649
0.021926
0.017503
0.019381
0.018855
0.017987
0.017951
0.020779
0.018701
0.021949
0.017764
0.020015
0.017534
0.016836
0.017547
0.018979
0.017618
0.017450
0.018543
0.017732
0.017673
0.017511
0.017334
0.018266
0.024863
0.018585
0.017819
0.017729
0.017088
0.017420
0.017535
0.020602
0.017227
0.019512
0.019083
0.018003
0.018507
0.018035
0.018308
0.023141
0.018336
0.018241
0.018158
0.017978
0.017869
0.017951
0.020914
0.019794
0.017953
0.019221
0.018035
0.018323
0.017675
0.018048
0.018855
0.018070
0.019989
0.020635
0.018968
0.018628
0.018892
0.023316
0.018130
0.018515
0.019397
0.019225
0.018675
0.020812
0.018397
0.018857
0.020558
0.018930
0.015656
0.019459
0.019373
0.018398
0.018748
0.019664
0.018802
0.018908
0.023135
0.017844
0.018945
0.018874
0.018850
0.018939
0.018606
0.019316
0.019706
0.018349
0.019654
0.018876
0.018841
0.030537
0.029125
0.020178
0.017601
0.017665
0.018156
0.017071
0.018271
0.023585
0.012856
0.024330
0.014129
0.015769
0.013474
0.014292
0.014425
0.014139
0.014446
0.014393
0.014527
0.018240
0.025349
0.020577
0.015707
0.015941
0.015954
0.016435
0.017754
0.016411
0.027775
0.015820
0.032908
0.025501
0.025147
0.024789
0.026489
0.018129
0.014528
0.016373
0.018154
0.016557
0.015473
0.017781
0.022160
0.016814
0.022544
0.027214
0.027460
0.033112
0.029194
0.028837
0.032385
0.028155
0.033523
0.026508
0.026703
0.024576
0.025826
0.017601
0.017669
0.022082
0.019626
0.018229
0.020046
0.017673
0.017749
0.018337
0.020065
0.018422
0.018219
0.020744
0.017494
0.017936
0.017720
0.017592
0.018604
0.020635
0.018129
0.020378
0.017458
0.017688
0.017645
0.018353
0.019168
0.017664
0.017787
0.018764
0.018297
0.018358
0.019402
0.018771
0.017612
0.020189
0.017424
0.018946
0.019555
0.018410
0.018139
0.017964
0.027478
0.028780
0.028973
0.021656
0.021591
0.023084
0.023666
0.018989
0.023585
0.018508
0.025867
0.025784
0.027937
0.021508
0.018735
0.017940
0.019575
0.018617
0.021676
0.017545
0.017495
0.019283
0.018940
0.017732
0.017823
0.021291
0.022070
0.020677
0.019305
0.018483
0.020272
0.018632
0.019277
0.018722
0.018258
0.018457
0.018141
0.020618
0.020192
0.018329
0.018907
0.018708
0.018528
0.018474
0.019920
0.018408
0.020113
0.022661
0.018687
0.018329
0.018277
0.021739
0.019169
0.021190
0.018921
0.018491
0.024021
0.020925
0.019572
0.027964
0.028047
0.023829
0.018305
0.018160
0.023097
0.020831
0.019404
0.020062
0.018323
0.018208
0.023265
0.018605
0.018460
0.018453
0.018795
0.018354
0.018353
0.018265
0.020475
0.020227
0.016104
0.015451
0.019581
0.018265
0.018362
0.018599
0.018401
0.026243
0.021508
0.024236
0.031755
0.030306
0.031611
0.027974
0.029107
0.027813
0.028044
0.029952
0.030113
0.029723
0.028837
0.027931
0.018293
0.018718
0.018788
0.019189
0.021085
0.026734
0.023863
0.024168
0.018338
0.022285
0.019578
0.019673
0.026395
0.027910
0.028342
0.026056
0.018527
0.021226
0.020179
0.018546
0.018589
0.025893
0.019299
0.018405
0.018748
0.018462
0.029897
0.030632
0.018553
0.031928
0.019053
0.021765
0.019373
0.020022
0.018925
0.018916
0.019510
0.021375
0.018841
0.020125
0.023945
0.026330
0.026423
0.019021
0.019614
0.019606
0.018967
0.018807
0.024089
0.021577
0.026058
0.021310
0.019823
0.024757
0.020958
0.019713
0.019528
0.020964
0.021422
0.020418
0.019917
0.024172
0.021010
0.021699
0.019418
0.020604
0.024281
0.023741
0.027944
0.019908
0.020210
0.023247
0.020174
0.019892
0.019974
0.021833
0.019676
0.019783
0.027052
0.019817
0.020183
0.019674
0.022367
0.020468
0.020961
0.020030
0.019610
0.022527
0.019691
0.024323
0.019346
0.021710
0.019683
0.027871
0.024493
0.030663
0.027120
0.025529
0.023722
0.019827
0.021323
0.020125
0.020041
0.019841
0.020059
0.022092
0.023289
0.019623
0.029334
0.036669
0.021355
0.020081
0.022371
0.019848
0.022971
0.022177
0.032947
0.020365
0.029925
0.019659
0.019629
0.019947
0.020010
0.021907
0.020824
0.019963
0.020020
0.022542
0.024400
0.016983
0.027531
0.022534
0.024720
0.032516
0.018180
0.020620
0.020619
0.021233
0.019034
0.021122
0.018894
0.029151
0.019289
0.026084
0.019084
0.019813
0.032596
0.019156
0.020166
0.020318
0.022700
0.019293
0.019130
0.018996
0.021975
0.026359
0.020263
0.019624
0.019485
0.019545
0.019308
0.034311
0.020902
0.019493
0.019198
0.017355
0.010905
0.017339
0.045625
0.024781
0.030354
0.025485
0.017644
0.017853
0.017911
0.021445
0.020105
0.018314
0.017908
0.017906
0.019631
0.017846
0.017733
0.018011
0.021147
0.018607
0.018060
0.018248
0.018701
0.019131
0.018202
0.017904
0.017721
0.017800
0.019203
0.019781
0.019758
0.019611
0.018824
0.018890
0.021464
0.020613
0.018996
0.019050
0.019847
0.024159
0.023337
0.027050
0.027375
0.019093
0.018828
0.018674
0.018740
0.020543
0.022310
0.017476
0.019849
0.019797
0.019894
0.017259
0.019615
0.020246
0.021797
0.019648
0.019909
0.020747
0.020095
0.019654
0.020028
0.019663
0.023232
0.027827
0.019062
0.026140
0.019604
0.019719
0.020864
0.020565
0.019758
0.019439
0.014649
0.030874
0.021153
0.019086
0.019061
0.019408
0.019555
0.020027
0.019100
0.020205
0.021431
0.018927
0.022933
0.021961
0.018965
0.019137
0.018905
0.018911
0.037154
0.025715
0.019075
0.019475
0.022734
0.018644
0.018688
0.018738
0.022660
0.021234
0.018898
0.019142
0.018836
0.018726
0.018870
0.023981
0.019056
0.023631
0.018839
0.018731
0.018804
0.021411
0.020165
0.018865
0.018590
0.021039
0.039024
0.018896
0.018846
0.023588
0.019136
0.020064
0.018733
0.016638
0.022769
0.021602
0.020082
0.019875
0.022431
0.019585
0.019437
0.019659
0.021173
0.039700
0.019823
0.019918
0.020083
0.019711
0.023955
0.027273
0.019458
0.013387
0.021815
0.019913
0.018361
0.015858
0.019221
0.014133
0.024603
0.019404
0.015972
0.019079
0.012122
0.018034
0.020636
0.018124
0.020447
0.016637
0.016522
0.018253
0.017179
0.017271
0.025844
0.019331
0.017543
0.020755
0.019236
0.023273
0.021247
0.019716
0.019672
0.027100
0.019881
0.024137
0.021117
0.021425
0.019704
0.011838
0.018360
0.018064
0.019151
0.024690
0.014114
0.017245
0.017955
0.016557
0.017167
0.026294
0.019748
0.019015
0.017605
0.017368
0.017077
0.021758
0.017583
0.018187
0.019853
0.017254
0.017788
0.018695
0.027864
0.019084
0.021685
0.018707
0.019961
0.026148
0.018712
0.018403
0.018455
0.021492
0.020783
0.017332
0.022756
0.019160
0.021008
0.035633
0.020232
0.020144
0.019697
0.025821
0.021444
0.019593
0.019959
0.019397
0.023477
0.033067
0.019772
0.020012
0.019717
0.021434
0.019952
0.025472
0.019847
0.019404
0.020087
0.022470
0.018836
0.019640
0.019469
0.020897
0.020729
0.013689
0.019620
0.018793
0.018917
0.021056
0.021170
0.020279
0.013736
0.017277
0.021106
0.019180
0.022501
0.019180
0.018064
0.018918
0.019733
0.020316
0.015557
0.031292
0.019093
0.020380
0.019436
0.019706
0.024716
0.020308
0.019811
0.019904
0.019501
0.021186
0.021542
0.021046
0.021001
0.019693
0.019691
0.020718
0.022195
0.019567
0.019706
0.020596
0.020200
0.021248
0.020402
0.019796
0.024064
0.019373
0.019536
0.021524
0.019541
0.022305
0.019593
0.019424
0.022153
0.021469
0.018243
0.020097
0.019682
0.019917
0.029977
0.037949
0.023474
0.020998
0.014809
0.037935
0.026515
0.024252
0.023933
0.021069
0.034266
0.020449
0.019760
0.019546
0.022290
0.030395
0.019837
0.019973
0.019788
0.021699
0.029547
0.019965
0.019611
0.020154
0.022459
0.021512
0.019960
0.019820
0.019687
0.022633
0.019800
0.024509
0.019743
0.019509
0.021939
0.021455
0.019920
0.019736
0.020161
0.022178
0.021986
0.020458
0.020086
0.022960
0.019592
0.031701
0.019955
0.019959
0.019947
0.024511
0.033046
0.026732
0.028223
0.019908
0.021242
0.021339
0.020150
0.019815
0.019781
0.019705
0.020361
0.020661
0.022060
0.020708
0.020090
0.019634
0.019791
0.020439
0.023751
0.020142
0.019762
0.019881
0.020317
0.020343
0.020865
0.024964
0.032437
0.030876
0.029084
0.019639
0.022330
0.020617
0.020727
0.019873
0.019958
0.019565
0.022553
0.021346
0.021791
0.020256
0.019812
0.022829
0.026002
0.020323
0.028484
0.029923
0.029446
0.029085
0.023893
0.025715
0.020763
0.019756
0.019438
0.022164
0.019572
0.019479
0.033593
0.021592
0.020465
0.020500
0.022916
0.020625
0.022399
0.019779
0.020402
0.019626
0.022575
0.021893
0.020032
0.019896
0.019961
0.026075
0.036237
0.025126
0.023484
0.023272
0.027860
0.025903
0.028391
0.025250
0.020301
0.023689
0.019987
0.019840
0.024540
0.019718
0.021922
0.031510
0.027557
0.019827
0.022272
0.020081
0.020631
0.020010
0.022862
0.022067
0.019714
0.021055
0.020500
0.019762
0.020423
0.019838
0.020292
0.029971
0.018143
0.019983
0.020085
0.020077
0.019777
0.023526
0.020562
0.020206
0.025615
0.028923
0.026519
0.019678
0.027154
0.019779
0.020680
0.020726
0.021586
0.020405
0.028326
0.029213
0.029649
0.022135
0.022296
0.026444
0.031709
0.024840
0.024078
0.019785
0.020123
0.019591
0.020035
0.022796
0.019670
0.021478
0.020292
0.020050
0.019832
0.019737
0.023709
0.032398
0.019963
0.019912
0.019667
0.026652
0.022939
0.019926
0.019940
0.019562
0.023968
0.023998
0.020581
0.019794
0.019898
0.019521
0.019398
0.019350
0.020075
0.025143
0.020900
0.032411
0.019838
0.025055
0.022115
0.024545
0.019697
0.020020
0.019496
0.019498
0.025842
0.020883
0.019959
0.020396
0.019814
0.029272
0.021988
0.025695
0.019779
0.019831
0.022793
0.020747
0.020796
0.019961
0.019768
0.020018
0.030545
0.020424
0.026267
0.021043
0.020124
0.019489
0.019679
0.021810
0.019550
0.021688
0.021319
0.019462
0.019454
0.020782
0.026474
0.020404
0.020281
0.019831
0.019569
0.022300
0.022596
0.020684
0.020315
0.023073
0.020172
0.019531
0.021568
0.020875
0.027546
0.029761
0.024421
0.034488
0.025843
0.024241
0.019238
0.023246
0.026026
0.019571
0.022053
0.019804
0.019499
0.025540
0.027535
0.024859
0.016012
0.018782
0.026666
0.024411
0.020755
0.032205
0.022147
0.020023
0.019761
0.019784
0.020303
0.024726
0.020836
0.022298
0.019632
0.019584
0.025300
0.019608
0.019686
0.024029
0.022833
0.019812
0.020030
0.019815
0.022334
0.029759
0.028812
0.019870
0.024193
0.020759
0.019790
0.020063
0.020229
0.022949
0.030593
0.023276
0.021784
0.022451
0.021289
0.019763
0.019904
0.019767
0.022241
0.020289
0.023456
0.019759
0.019676
0.022499
0.021549
0.022030
0.024101
0.019824
0.019840
0.020074
0.021827
0.023121
0.022238
0.028975
0.023237
0.022029
0.019812
0.023190
0.020042
0.021617
0.020054
0.021804
0.020339
0.019916
0.021722
0.021072
0.020723
0.020153
0.022929
0.019732
0.021011
0.022560
0.023666
0.029759
0.021004
0.020205
0.021812
0.021293
0.020149
0.025886
0.019705
0.019996
0.024511
0.021844
0.021328
0.018754
0.019856
0.021201
0.025164
0.027431
0.031268
0.029199
0.029772
0.033694
0.028908
0.028698
0.030011
0.022385
0.020387
0.023376
0.020414
0.019861
0.019879
0.024735
0.019674
0.019900
0.019883
0.019554
0.022319
0.019673
0.019663
0.025685
0.021815
0.020842
0.023795
0.026265
0.028983
0.032904
0.032135
0.019817
0.019994
0.019667
0.022492
0.019742
0.019672
0.019577
0.031121
0.022485
0.027710
0.019114
0.019929
0.022253
0.021323
0.019743
0.019544
0.019932
0.020676
0.021940
0.020378
0.019696
0.020111
0.019591
0.019650
0.022456
0.019731
0.024525
0.027431
0.027314
0.021016
0.020205
0.019751
0.019563
0.019785
0.020951
0.019930
0.019675
0.021789
0.019888
0.019545
0.028070
0.019677
0.021826
0.021432
0.019865
0.019752
0.019587
0.015995
0.018188
0.018754
0.017495
0.017978
0.018140
0.018141
0.030274
0.020180
0.019784
0.022917
0.015156
0.021820
0.019858
0.019655
0.020586
0.020205
0.020226
0.020014
0.019913
0.020505
0.022709
0.021515
0.020442
0.019715
0.019922
0.020336
0.020849
0.021824
0.020194
0.019719
0.020506
0.022162
0.020531
0.019922
0.019694
0.019669
0.020812
0.021498
0.022341
0.019739
0.019605
0.022185
0.020557
0.020838
0.019582
0.019579
0.023492
0.021446
0.020286
0.019962
0.019803
0.019967
0.021662
0.020402
0.019859
0.019670
0.019823
0.018384
0.021295
0.022044
0.019660
0.019606
0.020850
0.020456
0.019850
0.019681
0.020420
0.021232
0.020900
0.019625
0.019907
0.036511
0.020591
0.019818
0.018366
0.019995
0.019544
0.020165
0.021018
0.019467
0.018674
0.022139
0.023044
0.019215
0.020697
0.019100
0.018848
0.021433
0.020380
0.019729
0.020261
0.019893
0.016207
0.019912
0.030596
0.025266
0.027151
0.021950
0.019792
0.022166
0.019373
0.018756
0.018527
0.018897
0.027240
0.019148
0.021045
0.017504
0.017180
0.018534
0.025948
0.018464
0.020575
0.019358
0.018914
0.018620
0.019768
0.018748
0.018710
0.019303
0.029761
0.017558
0.022032
0.030338
0.030119
0.033507
0.025064
0.018518
0.018634
0.018788
0.018864
0.018815
0.018445
0.021062
0.020172
0.029950
0.019410
0.018715
0.018588
0.018562
0.020479
0.018831
0.019765
0.018924
0.018981
0.022825
0.018784
0.018423
0.018516
0.018448
0.020119
0.021064
0.019219
0.020771
0.018795
0.018945
0.018355
0.018149
0.020509
0.018202
0.019492
0.024039
0.028320
0.023527
0.019716
0.025842
0.021514
0.019331
0.020815
0.020048
0.018429
0.018531
0.021839
0.019746
0.019512
0.020101
0.020392
0.019824
0.019873
0.022070
0.019853
0.019814
0.025031
0.021592
0.019628
0.019781
0.019604
0.019867
0.020600
0.020061
0.022282
0.020345
0.019795
0.019615
0.019487
0.025265
0.022899
0.019901
0.019576
0.019928
0.020118
0.019961
0.019834
0.022755
0.019629
0.019961
0.019485
0.020803
0.020112
0.019528
0.019483
0.019618
0.026509
0.020928
0.032162
0.020005
0.019537
0.022842
0.023370
0.019688
0.019798
0.019676
0.019902
0.023136
0.030533
0.025407
0.019665
0.022105
0.019773
0.021136
0.021435
0.022400
0.019752
0.019565
0.022674
0.020545
0.020816
0.019581
0.021309
0.022237
0.020300
0.033885
0.023475
0.018598
0.021474
0.019232
0.021006
0.019254
0.018509
0.018686
0.019680
0.013607
0.014477
0.019142
0.017251
0.017788
0.019803
0.019145
0.018876
0.018496
0.018545
0.031548
0.019284
0.018845
0.018774
0.020476
0.032564
0.033506
0.030380
0.019147
0.019391
0.019393
0.018546
0.020015
0.020502
0.019628
0.018743
0.023035
0.018467
0.018441
0.023075
0.024379
0.020046
0.019245
0.019830
0.018433
0.018464
0.019452
0.021302
0.019110
0.018958
0.020567
0.018835
0.018577
0.018594
0.018407
0.023037
0.025831
0.023572
0.024298
0.018142
0.029975
0.021611
0.018615
0.018755
0.021152
0.018509
0.026089
0.018997
0.018622
0.023469
0.020890
0.022674
0.018986
0.023078
0.018536
0.018375
0.018717
0.020163
0.019070
0.020487
0.018691
0.023501
0.018802
0.018895
0.023452
0.018585
0.019308
0.019465
0.018486
0.018703
0.019944
0.020769
0.019547
0.036240
0.018684
0.018659
0.019003
0.019529
0.028835
0.030201
0.030468
0.027812
0.021411
0.021384
0.024239
0.029422
0.025841
0.024063
0.028909
0.023936
0.025900
0.026537
0.021224
0.020927
0.021789
0.021230
0.018585
0.018553
0.024350
0.026512
0.018539
0.032504
0.027859
0.026285
0.025030
0.017373
0.018685
0.020596
0.019113
0.020662
0.033253
0.029314
0.028046
0.020431
0.019502
0.021187
0.018666
0.018483
0.021814
0.024387
0.024353
0.019515
0.018996
0.018490
0.018409
0.019467
0.022484
0.020358
0.018794
0.020619
0.018768
0.018886
0.018535
0.018795
0.019309
0.023653
0.030932
0.028887
0.028074
0.025602
0.020394
0.021964
0.018858
0.018428
0.018741
0.018567
0.028753
0.030046
0.019861
0.018852
0.018477
0.022129
0.018952
0.021438
0.023756
0.029024
0.028318
0.019311
0.019893
0.018555
0.019656
0.019813
0.020761
0.022467
0.019973
0.021972
0.019798
0.020532
0.019736
0.019491
0.019621
0.020225
0.020159
0.020315
0.020009
0.019873
0.019618
0.019469
0.019373
0.020124
0.020226
0.019799
0.020554
0.020422
0.019759
0.022825
0.019726
0.019599
0.019701
0.019441
0.021266
0.032795
0.032153
0.024937
0.020398
0.019874
0.020275
0.022066
0.021407
0.019516
0.019747
0.022033
0.019475
0.019417
0.021588
0.019713
0.022229
0.020018
0.021006
0.019837
0.019565
0.019655
0.019836
0.021762
0.019752
0.024603
0.021823
0.019554
0.020027
0.020177
0.019753
0.019626
0.020161
0.019305
0.023127
0.021995
0.019517
0.019758
0.019429
0.019236
0.020614
0.019598
0.019574
0.021030
0.020923
0.019031
0.019342
0.020147
0.020084
0.019392
0.019401
0.013625
0.021308
0.022287
0.018333
0.018552
0.018432
0.022404
0.030109
0.025014
0.021253
0.032825
0.028907
0.031973
0.020057
0.022428
0.022341
0.020577
0.028204
0.034895
0.033001
0.020627
0.020222
0.021208
0.020380
0.022894
0.019966
0.019856
0.027013
0.026378
0.036238
0.025274
0.022687
0.031240
0.020142
0.027389
0.019896
0.031164
0.021329
0.034793
0.021312
0.019517
0.020122
0.019640
0.019435
0.019516
0.019422
0.019530
0.023464
0.022607
0.019625
0.035455
0.021309
0.024141
0.024102
0.020033
0.023180
0.019893
0.020018
0.025559
0.021502
0.021071
0.019907
0.030192
0.036123
0.013247
0.020435
0.016634
0.016321
0.017083
0.018496
0.018535
0.012276
0.019503
0.017369
0.017844
0.018695
0.017638
0.017267
0.019219
0.017720
0.019627
0.020232
0.017481
0.017787
0.019535
0.019512
0.023166
0.017932
0.022971
0.022273
0.019164
0.018289
0.018325
0.018330
0.019729
0.019253
0.018590
0.018508
0.022881
0.017974
0.027610
0.018389
0.018059
0.021286
0.018835
0.018202
0.020578
0.029188
0.028937
0.020642
0.019719
0.019830
0.022421
0.019566
0.019990
0.019546
0.020052
0.026548
0.019752
0.030737
0.027000
0.022183
0.020386
0.020684
0.019521
0.019511
0.019374
0.019128
0.019769
0.024386
0.021430
0.019713
0.013922
0.032239
0.017706
0.032238
0.023082
0.016335
0.017546
0.017027
0.016607
0.021403
0.019704
0.018874
0.020478
0.018180
0.020978
0.019906
0.037806
0.018138
0.018581
0.034278
0.027577
0.018144
0.018434
0.022002
0.018458
0.018437
0.025577
0.016107
0.018695
0.024914
0.024380
0.020627
0.018509
0.016948
0.016815
0.016777
0.027902
0.016907
0.017089
0.020571
0.033572
0.042930
0.020947
0.018243
0.017762
0.017507
0.017657
0.022420
0.019832
0.019235
0.019855
0.017931
0.026340
0.033137
0.017749
0.019519
0.022818
0.017219
0.017296
0.016768
0.018549
0.017130
0.017189
0.018086
0.016994
0.018254
0.017003
0.021338
0.024049
0.019035
0.018908
0.018215
0.018775
0.017467
0.018371
0.017517
0.018779
0.018775
0.017490
0.019016
0.019818
0.020721
0.019385
0.019504
0.019378
0.017861
0.018033
0.017932
0.022188
0.019196
0.017642
0.017600
0.019975
0.017280
0.020421
0.017826
0.017331
0.023128
0.020921
0.018045
0.018877
0.019074
0.017611
0.017753
0.022609
0.020113
0.017428
0.018236
0.018970
0.018721
0.019296
0.017161
0.020786
0.019677
0.021171
0.017370
0.017712
0.017302
0.017382
0.022708
0.017047
0.016404
0.017803
0.016280
0.016023
0.020965
0.019110
0.018715
0.017745
0.020990
0.016719
0.017250
0.016820
0.021564
0.020408
0.017245
0.017206
0.020204
0.017184
0.019517
0.018579
0.018511
0.022990
0.017807
0.017719
0.018353
0.018812
0.023089
0.019368
0.023738
0.018805
0.027776
0.016652
0.012062
0.015284
0.032042
0.017395
0.014960
0.015178
0.015607
0.017720
0.016232
0.015458
0.021359
0.016464
0.017085
0.015928
0.015959
0.016723
0.019372
0.017903
0.019274
0.015460
0.015960
0.016367
0.015105
0.015243
0.021152
0.018941
0.016338
0.016052
0.018611
0.015151
0.016373
0.021447
0.016422
0.015279
0.015965
0.015723
0.025679
0.023831
0.033052
0.029976
0.023717
0.021724
0.022819
0.022805
0.025031
0.019482
0.016468
0.030881
0.040758
0.021154
0.016467
0.017629
0.016306
0.015604
0.015868
0.015734
0.015379
0.019829
0.028233
0.015594
0.015339
0.017597
0.021882
0.015856
0.031599
0.018220
0.016394
0.018856
0.033653
0.017528
0.017130
0.018568
0.019681
0.018083
0.020370
0.018497
0.018649
0.022741
0.038656
0.032439
0.022042
0.019053
0.020517
0.019029
0.022755
0.021975
0.035800
0.018540
0.020956
0.022995
0.018685
0.018898
0.019781
0.018443
0.018467
0.048908
0.019214
0.018762
0.018454
0.019595
0.022275
0.019587
0.022592
0.019296
0.019177
0.020674
0.019683
0.019712
0.019713
0.019574
0.019472
0.023183
0.019135
0.030114
0.029451
0.012341
0.019484
0.012976
0.012833
0.013113
0.015606
0.015127
0.013851
0.013551
0.027870
0.023714
0.033419
0.025443
0.029976
0.025052
0.017607
0.021725
0.018774
0.018826
0.023454
0.018586
0.018972
0.026962
0.025482
0.021993
0.018538
0.016955
0.019379
0.019045
0.018975
0.018662
0.018459
0.022762
0.022753
0.021514
0.031722
0.030442
0.030666
0.024118
0.019102
0.020607
0.021310
0.019572
0.023436
0.019373
0.020896
0.020638
0.019462
0.019844
0.019664
0.019527
0.020218
0.031017
0.019060
0.021820
0.028817
0.026520
0.028215
0.019243
0.039140
0.030909
0.021627
0.019069
0.023578
0.019869
0.019257
0.033786
0.025283
0.030487
0.030368
0.019178
0.019422
0.027722
0.030647
0.025641
0.029394
0.032211
0.019520
0.019235
0.019385
0.020626
0.023766
0.026243
0.028348
0.025430
0.025485
0.027111
0.022596
0.023323
0.030669
0.016300
0.016623
0.016586
0.016787
0.018063
0.018195
0.017226
0.017760
0.016961
0.019242
0.016851
0.016901
0.017524
0.018119
0.019509
0.019958
0.020015
0.016875
0.016708
0.023179
0.016571
0.017078
0.018153
0.016797
0.016898
0.017722
0.018354
0.019212
0.020746
0.029801
0.020917
0.027845
0.018965
0.019227
0.019326
0.018012
0.019435
0.019570
0.024439
0.018116
0.018171
0.023389
0.015383
0.018281
0.019487
0.019548
0.019773
0.018638
0.024293
0.021466
0.024337
0.019874
0.020214
0.025857
0.019924
0.020545
0.019885
0.020462
0.021770
0.020341
0.019686
0.020075
0.019938
0.019792
0.020003
0.019791
0.021636
0.021608
0.029677
0.026548
0.021119
0.021644
0.030565
0.033649
0.041343
0.030726
0.037827
0.022709
0.021074
0.021230
0.021110
0.021000
0.021029
0.023224
0.022958
0.022816
0.021529
0.020684
0.022713
0.028513
0.028819
0.022064
0.020457
0.020003
0.023214
0.031562
0.034733
0.036277
0.029499
0.038373
0.039094
0.023381
0.023891
0.017859
0.024623
0.021849
0.031306
0.018047
0.014555
0.014340
0.014558
0.016755
0.019346
0.013780
0.020665
0.022327
0.028472
0.020371
0.030023
0.030851
0.029384
0.036403
0.029973
0.032442
0.031731
0.034262
0.032017
0.019594
0.020316
0.018507
0.020518
0.037417
0.036448
0.026725
0.020732
0.015888
0.015739
0.018641
0.020561
0.017955
0.016213
0.017889
0.017194
0.016484
0.016434
0.016845
0.016309
0.027715
0.016221
0.018351
0.018684
0.017177
0.020443
0.031518
0.017929
0.031916
0.017648
0.017007
0.024740
0.017057
0.020378
0.015446
0.017359
0.017448
0.016911
0.016679
0.017132
0.016180
0.016905
0.017669
0.021962
0.016802
0.014198
0.015259
0.026537
0.022249
0.021437
0.020435
0.024030
0.014370
0.014180
0.015539
0.018080
0.015456
0.022951
0.019541
0.024488
0.024811
0.019080
0.018097
0.021836
0.023972
0.018130
0.017151
0.013976
0.015710
0.025462
0.013777
0.024207
0.014003
0.013819
0.016988
0.013877
0.013754
0.016332
0.019725
0.012457
0.009411
0.009277
0.011987
0.009220
0.009436
0.014295
0.014098
0.014599
0.014254
0.011911
0.019384
0.023420
0.010338
0.010304
0.010718
0.011059
0.010905
0.018637
0.013389
0.013885
0.011969
0.011003
0.011227
0.011123
0.013281
0.015880
0.012480
0.011794
0.015369
0.020614
0.011852
0.012776
0.012877
0.013710
0.011511
0.011605
0.012679
0.011927
0.011570
0.011464
0.011659
0.011474
0.011462
0.011544
0.011526
0.011788
0.014880
0.014375
0.012388
0.012999
0.012172
0.022693
0.013234
0.013272
0.012184
0.012692
0.012553
0.012513
0.012545
0.012616
0.019913
0.014614
0.013981
0.014879
0.013952
0.012892
0.010830
0.011741
0.012149
0.013396
0.014473
0.011722
0.011567
0.014807
0.014548
0.011652
0.011730
0.026061
0.022732
0.022358
0.013433
0.011504
0.011936
0.012402
0.011819
0.012170
0.013685
0.012367
0.012115
0.012311
0.012582
0.018013
0.013091
0.014470
0.012416
0.015608
0.012781
0.012381
0.014276
0.019512
0.015445
0.014170
0.029877
0.014076
0.013851
0.013761
0.018087
0.014422
0.014256
0.013939
0.016761
0.014569
0.013735
0.013600
0.032924
0.014331
0.014829
0.013724
0.013543
0.013505
0.013953
0.019022
0.018672
0.014054
0.013870
0.027475
0.017081
0.031155
0.016167
0.015647
0.013732
0.013685
0.014192
0.014400
0.013766
0.013586
0.013818
0.013633
0.013559
0.016938
0.015167
0.014031
0.016447
0.013901
0.015075
0.016499
0.017759
0.014263
0.014244
0.015307
0.013805
0.013567
0.013521
0.013605
0.013465
0.013335
0.022151
0.017347
0.014297
0.013761
0.030921
0.020574
0.023372
0.019814
0.021272
0.021844
0.022890
0.036397
0.022341
0.019355
0.023131
0.023237
0.020488
0.015558
0.033480
0.024836
0.022081
0.019107
0.016718
0.017677
0.017368
0.017720
0.018782
0.016995
0.017592
0.035433
0.017595
0.024889
0.035750
0.017320
0.017459
0.018148
0.017592
0.017439
0.017724
0.017195
0.017354
0.017774
0.019073
0.025656
0.017759
0.026787
0.017823
0.022873
0.013816
0.031226
0.029959
0.009696
0.019208
0.012863
0.031508
0.011524
0.011490
0.014491
0.013628
0.011476
0.011472
0.011372
0.015140
0.011875
0.011410
0.013937
0.013896
0.012257
0.011686
0.012338
0.011384
0.012110
0.012595
0.011562
0.011457
0.011225
0.011476
0.011348
0.011866
0.012613
0.013439
0.012311
0.012163
0.011564
0.012345
0.011963
0.014166
0.013007
0.011998
0.012155
0.012228
0.012113
0.016825
0.013854
0.012630
0.012582
0.012697
0.012130
0.011966
0.013359
0.013212
0.012091
0.011938
0.012213
0.013792
0.012215
0.012427
0.013467
0.015858
0.017433
0.023296
0.021641
0.013334
0.014005
0.014122
0.013574
0.016247
0.017339
0.016307
0.016188
0.019281
0.018357
0.016104
0.016818
0.016892
0.016528
0.016054
0.015980
0.016187
0.016028
0.016438
0.017020
0.019059
0.016641
0.017728
0.021599
0.016803
0.030391
0.026587
0.025697
0.017436
0.020118
0.016383
0.017204
0.016027
0.018761
0.019430
0.020004
0.020685
0.018457
0.016722
0.019338
0.017751
0.017267
0.018494
0.018792
0.016930
0.017450
0.017266
0.016843
0.019368
0.019125
0.020655
0.018484
0.026194
0.017134
0.022775
0.021312
0.018933
0.019944
0.026019
0.027459
0.026605
0.017008
0.018494
0.019115
0.018697
0.017569
0.017337
0.019258
0.017038
0.018841
0.017788
0.018006
0.016836
0.016647
0.017800
0.016969
0.027840
0.017681
0.029672
0.025317
0.021761
0.017265
0.016821
0.016737
0.016760
0.017494
0.018975
0.018043
0.017714
0.016806
0.016800
0.017859
0.015576
0.023880
0.015954
0.017854
0.016107
0.015956
0.019968
0.016401
0.016976
0.020533
0.016390
0.016688
0.020481
0.017878
0.016529
0.017236
0.018579
0.029288
0.018934
0.019438
0.020819
0.023189
0.018222
0.018142
0.020388
0.018349
0.017766
0.017814
0.018847
0.018280
0.018971
0.021248
0.019207
0.019853
0.019730
0.021538
0.019689
0.024444
0.021972
0.019280
0.020017
0.018697
0.026144
0.031919
0.018929
0.019130
0.019042
0.023058
0.019924
0.019092
0.020068
0.019102
0.018520
0.018978
0.018952
0.019144
0.018916
0.018664
0.018762
0.020311
0.020618
0.018970
0.018948
0.019346
0.021551
0.018973
0.025819
0.019400
0.019415
0.019856
0.019250
0.020875
0.029830
0.022943
0.019028
0.024009
0.020121
0.019167
0.020791
0.029929
0.035660
0.032214
0.020127
0.019188
0.029210
0.019025
0.019490
0.019643
0.021436
0.031557
0.025303
0.019583
0.021696
0.020444
0.025922
0.025200
0.021345
0.020299
0.019516
0.019584
0.022137
0.024286
0.019429
0.019450
0.020294
0.032703
0.030095
0.018213
0.014484
0.018620
0.021321
0.038476
0.022729
0.028616
0.026691
0.025987
0.022137
0.021669
0.023604
0.018851
0.018812
0.019773
0.021624
0.022594
0.036253
0.020451
0.018709
0.019424
0.023852
0.021199
0.018566
0.019022
0.024681
0.025539
0.021508
0.035225
0.020684
0.018748
0.020839
0.028963
0.018499
0.018397
0.023559
0.027655
0.018196
0.018202
0.017087
0.017961
0.018179
0.018679
0.023179
0.019188
0.019604
0.023030
0.016585
0.014914
0.014961
0.018148
0.021068
0.018120
0.017804
0.013988
0.028862
0.017344
0.016959
0.016851
0.017011
0.018556
0.017268
0.017581
0.017800
0.025873
0.018846
0.018786
0.019375
0.024498
0.018547
0.019243
0.020154
0.019216
0.018856
0.019110
0.019404
0.017768
0.013631
0.017870
0.021295
0.018165
0.019982
0.018487
0.021491
0.026652
0.020563
0.018333
0.018302
0.019415
0.026446
0.020415
0.019425
0.018693
0.032189
0.020013
0.019707
0.024174
0.022274
0.014405
0.020062
0.020406
0.018244
0.018780
0.018706
0.018690
0.021087
0.021575
0.019734
0.021006
0.019950
0.018487
0.019298
0.019608
0.018343
0.020896
0.020951
0.016926
0.018312
0.016421
0.019803
0.021025
0.016695
0.020154
0.019420
0.019412
0.021048
0.024197
0.017159
0.016696
0.018832
0.017438
0.018287
0.017646
0.019268
0.019299
0.022944
0.016107
0.019812
0.017826
0.018467
0.021382
0.023317
0.023317
0.019996
0.018866
0.024242
0.019481
0.019060
0.018083
0.024013
0.017919
0.020965
0.015076
0.019232
0.029381
0.018297
0.018864
0.029275
0.019585
0.019837
0.021215
0.018966
0.018647
0.022158
0.018713
0.019294
0.019622
0.017251
0.021864
0.016221
0.018032
0.018645
0.016618
0.018361
0.022655
0.019305
0.018416
0.018304
0.018042
0.022871
0.019014
0.019264
0.020107
0.015029
0.019050
0.017358
0.018886
0.018097
0.017038
0.017189
0.019189
0.018198
0.018912
0.020619
0.019976
0.018848
0.018696
0.018719
0.019518
0.019513
0.018861
0.020049
0.020422
0.019389
0.019120
0.022680
0.019081
0.018986
0.018910
0.018401
0.031415
0.026443
0.019203
0.019405
0.019334
0.019577
0.021006
0.019705
0.019123
0.020834
0.018707
0.018627
0.019571
0.025073
0.019943
0.020027
0.018640
0.018888
0.024344
0.019339
0.018574
0.019278
0.018801
0.016573
0.016436
0.017492
0.017145
0.017465
0.017464
0.031918
0.029943
0.028670
0.020907
0.028280
0.023870
0.019885
0.020815
0.019775
0.019595
0.019794
0.022744
0.027726
0.031031
0.023998
0.025753
0.020255
0.030758
0.015884
0.016314
0.015327
0.015387
0.015462
0.030718
0.027453
0.016984
0.017104
0.017315
0.017184
0.017018
0.016762
0.016682
0.016685
0.016623
0.029090
0.027264
0.025630
0.021183
0.016876
0.016779
0.016741
0.016825
0.016709
0.025933
0.023253
0.016538
0.013689
0.016268
0.016883
0.030012
0.018893
0.016912
0.017795
0.016980
0.022660
0.021211
0.017999
0.018978
0.019577
0.021156
0.021237
0.019124
0.019139
0.016321
0.015937
0.015375
0.020667
0.015843
0.016517
0.016549
0.016095
0.015870
0.016356
0.019692
0.017976
0.016134
0.016021
0.016027
0.017096
0.015882
0.016037
0.015906
0.019706
0.017498
0.016695
0.016896
0.016071
0.016440
0.016239
0.018610
0.017686
0.015747
0.016011
0.019618
0.016087
0.015706
0.016064
0.016936
0.016895
0.016062
0.016809
0.015863
0.015832
0.016073
0.019536
0.015989
0.016188
0.015903
0.016050
0.016779
0.018285
0.016091
0.016009
0.017341
0.016549
0.017073
0.017066
0.015909
0.015846
0.016706
0.032030
0.023899
0.022267
0.026970
0.022389
0.021528
0.026818
0.027196
0.029885
0.022813
0.026416
0.028644
0.028499
0.020572
0.023895
0.030953
0.028913
0.024602
0.016517
0.016854
0.015414
0.015473
0.018190
0.017970
0.015762
0.015800
0.021155
0.015671
0.015733
0.016109
0.020954
0.017101
0.017251
0.017817
0.016672
0.018834
0.018817
0.016891
0.017533
0.016975
0.016778
0.018147
0.017462
0.016964
0.018048
0.016766
0.016940
0.016740
0.016959
0.016756
0.016721
0.018992
0.017484
0.016721
0.016520
0.011251
0.010285
0.011186
0.013769
0.025445
0.026570
0.027156
0.020858
0.016815
0.020427
0.016730
0.017236
0.018868
0.016559
0.016555
0.021107
0.030008
0.024131
0.024623
0.019349
0.017935
0.017480
0.017546
0.016414
0.016632
0.021884
0.020425
0.016525
0.021583
0.016794
0.017087
0.021228
0.018376
0.017328
0.017017
0.016677
0.016423
0.019262
0.018363
0.019925
0.018944
0.016811
0.016897
0.019873
0.017743
0.020431
0.016619
0.016365
0.016807
0.016295
0.016320
0.016332
0.019748
0.018101
0.016772
0.022996
0.016962
0.017977
0.016801
0.022896
0.019978
0.017599
0.016320
0.017059
0.017864
0.024245
0.025588
0.024044
0.021652
0.019290
0.017432
0.017579
0.017172
0.017183
0.016682
0.017146
0.018162
0.019607
0.022609
0.016819
0.017169
0.018025
0.017124
0.017367
0.017178
0.020646
0.020000
0.017667
0.017600
0.017996
0.017637
0.023903
0.019724
0.017668
0.018667
0.018192
0.018131
0.019262
0.018567
0.020409
0.023457
0.018397
0.018792
0.018795
0.018245
0.022745
0.018229
0.018895
0.020268
0.018486
0.018348
0.021767
0.019080
0.026957
0.015167
0.022511
0.017343
0.017452
0.014443
0.024784
0.017853
0.021267
0.026521
0.026128
0.022783
0.018712
0.018784
0.017741
0.029137
0.019232
0.019082
0.022480
0.020569
0.027878
0.019069
0.019300
0.019315
0.018959
0.022431
0.019139
0.019012
0.019300
0.017913
0.019811
0.019364
0.018360
0.018821
0.018496
0.018939
0.023654
0.020911
0.019538
0.019432
0.019127
0.024264
0.031798
0.030120
0.027561
0.013971
0.022755
0.024545
0.028744
0.024421
0.027719
0.024897
0.020987
0.018932
0.019585
0.020702
0.019670
0.018972
0.018350
0.018179
0.019152
0.018793
0.021162
0.020184
0.019571
0.025586
0.025610
0.019933
0.019581
0.019681
0.021127
0.021638
0.021000
0.029470
0.021194
0.028621
0.022913
0.023731
0.026974
0.018714
0.018628
0.017151
0.016973
0.016680
0.016597
0.017010
0.018446
0.016684
0.024668
0.016883
0.016724
0.016884
0.020000
0.016656
0.021384
0.017426
0.016908
0.018817
0.017314
0.019072
0.021046
0.022277
0.017166
0.020484
0.017801
0.027516
0.025246
0.025410
0.025787
0.024796
0.026927
0.027263
0.030666
0.024585
0.029406
0.028062
0.021050
0.019173
0.020038
0.019231
0.022803
0.019846
0.018998
0.019057
0.026240
0.018835
0.020055
0.023762
0.020275
0.019368
0.022035
0.019171
0.018890
0.020938
0.019343
0.019040
0.018780
0.019773
0.019386
0.017754
0.018865
0.019113
0.020751
0.020618
0.018763
0.019710
0.020748
0.018363
0.015259
0.029288
0.018494
0.017274
0.017817
0.018202
0.018242
0.019834
0.020645
0.017924
0.018107
0.020438
0.019165
0.019445
0.018223
0.018859
0.017841
0.017791
0.019713
0.020111
0.017963
0.018188
0.019062
0.022489
0.020199
0.019635
0.018969
0.018734
0.019105
0.018768
0.019724
0.019592
0.019331
0.024865
0.011389
0.015146
0.017709
0.015702
0.015831
0.025295
0.024891
0.021861
0.019711
0.018411
0.018853
0.017576
0.017572
0.017310
0.017313
0.017355
0.018621
0.020365
0.018189
0.018296
0.017551
0.017337
0.017612
0.023004
0.025976
0.020456
0.015234
0.020093
0.018636
0.028894
0.033600
0.020182
0.032047
0.029950
0.022337
0.023508
0.022329
0.034473
0.025291
0.021513
0.028172
0.023572
0.026849
0.025577
0.028558
0.022599
0.023779
0.025088
0.023726
0.024053
0.024357
0.028636
0.025675
0.024865
0.018308
0.018079
0.018157
0.019738
0.023150
0.018766
0.018693
0.018319
0.018474
0.019783
0.021661
0.019422
0.018443
0.019396
0.024325
0.021315
0.026689
0.019586
0.018981
0.019122
0.018979
0.021566
0.018992
0.019124
0.019653
0.022918
0.023297
0.018972
0.019117
0.019357
0.020540
0.019639
0.021834
0.019045
0.030343
0.021604
0.019326
0.019527
0.019070
0.019053
0.019672
0.022897
0.019685
0.027199
0.018867
0.019196
0.022480
0.019796
0.019186
0.030461
0.039256
0.023575
0.024254
0.026721
0.042108
0.023519
0.028352
0.026133
0.025150
0.030174
0.036775
0.019932
0.020098
0.019964
0.022110
0.028955
0.029836
0.023796
0.024987
0.027424
0.025692
0.027147
0.026832
0.025083
0.028773
0.021860
0.019524
0.021853
0.022877
0.027146
0.033561
0.023800
0.024147
0.019630
0.022430
0.020113
0.030658
0.027239
0.030730
0.023113
0.024686
0.019658
0.022642
0.020063
0.025293
0.019931
0.019730
0.019881
0.019542
0.020631
0.020443
0.020326
0.019799
0.019909
0.019835
0.019784
0.019635
0.019760
0.021193
0.023257
0.020058
0.016316
0.016838
0.021439
0.018032
0.018012
0.022372
0.027380
0.018276
0.019212
0.019187
0.017922
0.018038
0.018128
0.017854
0.018055
0.019375
0.020324
0.020856
0.018064
0.018117
0.018512
0.018809
0.018304
0.019498
0.019144
0.018268
0.019387
0.018442
0.018822
0.019837
0.019213
0.019423
0.022990
0.019650
0.022150
0.019969
0.020025
0.024218
0.021628
0.020561
0.020180
0.020058
0.020043
0.025450
0.022322
0.019986
0.021365
0.019952
0.019948
0.024926
0.021179
0.022337
0.020850
0.035621
0.035734
0.019942
0.020741
0.019966
0.019626
0.023777
0.018139
0.019420
0.028799
0.020387
0.019014
0.019100
0.020009
0.019080
0.021775
0.019086
0.019459
0.018922
0.020328
0.018645
0.024247
0.020049
0.018720
0.020985
0.020032
0.018559
0.022843
0.020538
0.020824
0.024271
0.030077
0.029121
0.019841
0.019854
0.029402
0.019842
0.026588
0.020608
0.020751
0.019531
0.020043
0.019643
0.022079
0.019753
0.020100
0.029319
0.019753
0.024071
0.020270
0.019973
0.019700
0.026902
0.032954
0.020108
0.021571
0.028105
0.020245
0.029738
0.020525
0.019831
0.019650
0.021223
0.021392
0.021213
0.020859
0.019748
0.022316
0.023452
0.019797
0.019692
0.022467
0.020585
0.020534
0.019727
0.019643
0.019845
0.019599
0.024017
0.023576
0.019908
0.020133
0.020085
0.019806
0.019788
0.019834
0.024690
0.020454
0.019882
0.019836
0.019930
0.020108
0.021696
0.020227
0.020001
0.032091
0.020369
0.019803
0.029160
0.020027
0.020918
0.021350
0.020410
0.023464
0.019878
0.036453
0.021055
0.020023
0.023370
0.029894
0.029938
0.024302
0.022645
0.024579
0.026865
0.026130
0.025141
0.023327
0.023772
0.019793
0.021355
0.020633
0.020432
0.021021
0.019545
0.019535
0.020997
0.020602
0.019761
0.022386
0.019615
0.023490
0.020463
0.019864
0.020746
0.019633
0.020929
0.020187
0.020096
0.019753
0.019577
0.022288
0.030576
0.019838
0.019653
0.020999
0.020546
0.020454
0.021369
0.019545
0.019733
0.020244
0.022271
0.019737
0.018633
0.018317
0.020718
0.018414
0.018106
0.018142
0.017857
0.021472
0.021201
0.018346
0.017594
0.017751
0.018754
0.018301
0.018737
0.017647
0.017775
0.017558
0.024937
0.020458
0.019492
0.019275
0.018866
0.019678
0.019432
0.018982
0.021344
0.022016
0.019037
0.021189
0.025676
0.021843
0.018840
0.018705
0.018792
0.024943
0.021233
0.019129
0.019175
0.019006
0.024424
0.020351
0.019423
0.019872
0.018832
0.019736
0.021851
0.019974
0.019147
0.019181
0.018842
0.018825
0.019361
0.019942
0.020491
0.019986
0.023840
0.015889
0.016113
0.017146
0.017270
0.018371
0.017829
0.019069
0.020472
0.018881
0.019407
0.020003
0.019560
0.019236
0.018892
0.018806
0.018933
0.018626
0.018585
0.015587
0.021425
0.013862
0.017079
0.020369
0.016805
0.016703
0.023803
0.017293
0.016652
0.016879
0.016555
0.016677
0.016902
0.017972
0.017370
0.018133
0.016810
0.016531
0.015249
0.019429
0.015972
0.015635
0.017346
0.015792
0.015558
0.015688
0.016570
0.015850
0.016880
0.017176
0.016295
0.015720
0.018859
0.015413
0.017045
0.015738
0.015414
0.015402
0.017091
0.019683
0.018300
0.016674
0.017331
0.017174
0.019569
0.017474
0.017859
0.017971
0.017798
0.017878
0.021648
0.018945
0.018332
0.018380
0.017673
0.017672
0.018588
0.025460
0.019697
0.017902
0.021639
0.019261
0.029102
0.018719
0.019717
0.018312
0.019086
0.025648
0.018126
0.017764
0.017782
0.018932
0.018926
0.018287
0.018097
0.018136
0.021613
0.018700
0.021068
0.018265
0.018915
0.019258
0.018190
0.017757
0.018607
0.018917
0.019672
0.017499
0.035431
0.019614
0.018693
0.017389
0.022738
0.027159
0.027537
0.027354
0.017499
0.021398
0.020987
0.019631
0.018139
0.018026
0.018460
0.022387
0.018064
0.018578
0.020750
0.018157
0.018785
0.017885
0.017845
0.021438
0.022565
0.017887
0.027041
0.024171
0.027034
0.029608
0.030126
0.024343
0.018943
0.017932
0.018559
0.018706
0.018367
0.020068
0.037452
0.018958
0.026334
0.027488
0.018852
0.030430
0.015401
0.023590
0.023574
0.024045
0.022354
0.026048
0.021990
0.032742
0.020487
0.024415
0.028726
0.026238
0.016754
0.014017
0.033635
0.031040
0.019557
0.022786
0.022242
0.028008
0.017735
0.020841
0.020314
0.017863
0.017888
0.023165
0.018031
0.018192
0.018750
0.018622
0.018295
0.019872
0.012568
0.011912
0.017395
0.034127
0.019563
0.022548
0.018608
0.018963
0.026299
0.019195
0.036833
0.020163
0.029987
0.024358
0.033247
0.020495
0.019085
0.019075
0.018682
0.019650
0.021470
0.019565
0.019146
0.021835
0.018499
0.018435
0.022713
0.030073
0.019175
0.021576
0.018646
0.021991
0.030040
0.024722
0.018417
0.018330
0.018333
0.022381
0.021655
0.018834
0.021257
0.023364
0.021742
0.018569
0.019624
0.018596
0.018382
0.021253
0.020328
0.018421
0.021305
0.029480
0.025333
0.018543
0.018589
0.021354
0.020520
0.019200
0.018899
0.030418
0.028069
0.020736
0.018632
0.019745
0.013937
0.017021
0.015561
0.018773
0.019336
0.016908
0.017337
0.017842
0.016501
0.016561
0.025824
0.017172
0.021620
0.019388
0.017398
0.017754
0.012908
0.016635
0.020998
0.017613
0.017212
0.017199
0.020245
0.019881
0.019940
0.017709
0.023177
0.019200
0.027539
0.017251
0.027908
0.017304
0.017257
0.017938
0.020825
0.017938
0.018750
0.017626
0.017503
0.017044
0.019437
0.019477
0.022963
0.018257
0.037809
0.017487
0.028852
0.019055
0.018537
0.017787
0.017019
0.017513
0.018093
0.017075
0.017110
0.023081
0.025909
0.019042
0.030489
0.017564
0.032707
0.029169
0.018193
0.027103
0.025049
0.017590
0.017255
0.021440
0.017986
0.018291
0.018890
0.019912
0.017462
0.018859
0.055468
0.023334
0.024156
0.017378
0.028774
0.017443
0.018690
0.018362
0.026174
0.017117
0.020621
0.021021
0.018971
0.018925
0.017540
0.017484
0.017203
0.025499
0.029799
0.025683
0.017863
0.017305
0.030625
0.017378
0.019822
0.018806
0.017505
0.019608
0.017306
0.018879
0.022725
0.016997
0.019491
0.017657
0.019364
0.021430
0.023404
0.017121
0.018081
0.031854
0.022922
0.021430
0.019290
0.018940
0.022369
0.019655
0.031856
0.017259
0.027303
0.017809
0.019751
0.017646
0.017350
0.017344
0.028938
0.021392
0.017816
0.018296
0.017747
0.017312
0.030317
0.019307
0.018795
0.017280
0.017663
0.017466
0.022022
0.017121
0.020795
0.018240
0.030007
0.017542
0.018575
0.018671
0.026293
0.023808
0.025467
0.018397
0.018922
0.023651
0.018303
0.019544
0.019190
0.018993
0.019355
0.019006
0.019877
0.018861
0.024960
0.021894
0.025396
0.018547
0.018280
0.019322
0.019737
0.025458
0.018466
0.019698
0.019125
0.027210
0.018170
0.019781
0.019429
0.018238
0.018776
0.019219
0.018183
0.021760
0.020833
0.019292
0.023219
0.029147
0.019254
0.022035
0.021377
0.019554
0.021104
0.019161
0.025657
0.032292
0.024729
0.019119
0.018896
0.019819
0.021259
0.020820
0.019332
0.022422
0.021989
0.019411
0.018892
0.019419
0.018877
0.018877
0.024079
0.020325
0.019496
0.028930
0.024395
0.020719
0.023391
0.022398
0.019125
0.023505
0.019600
0.020700
0.019698
0.019894
0.022679
0.020425
0.023656
0.025258
0.020249
0.019509
0.019442
0.021043
0.020304
0.021159
0.019902
0.019803
0.019930
0.020086
0.021782
0.021121
0.018319
0.019186
0.020180
0.019030
0.025293
0.021460
0.019953
0.020013
0.029694
0.019745
0.019663
0.027235
0.020735
0.020422
0.019804
0.022006
0.019891
0.019774
0.019859
0.019544
0.026821
0.020684
0.019871
0.020563
0.019934
0.019841
0.020389
0.020562
0.019725
0.020590
0.017520
0.014651
0.023905
0.021842
0.019406
0.019486
0.019210
0.030533
0.030107
0.024308
0.023200
0.022718
0.023083
0.022570
0.018871
0.020354
0.022998
0.027721
0.020803
0.019787
0.019723
0.027074
0.020531
0.019803
0.019500
0.023680
0.019873
0.020403
0.026413
0.022076
0.019967
0.019684
0.026550
0.020183
0.019551
0.020856
0.035927
0.032114
0.030234
0.022781
0.022103
0.022556
0.019680
0.025876
0.024986
0.031378
0.027336
0.020369
0.030558
0.019423
0.035468
0.032307
0.030438
0.029346
0.024659
0.023383
0.022034
0.020293
0.020283
0.025887
0.026823
0.020231
0.033601
0.015309
0.018009
0.018496
0.019418
0.026360
0.018286
0.020314
0.020877
0.018062
0.021843
0.019126
0.018916
0.025110
0.020706
0.019002
0.026722
0.019105
0.018951
0.027913
0.026480
0.025027
0.020089
0.019508
0.019443
0.012771
0.020710
0.018408
0.018327
0.021136
0.021986
0.018137
0.015933
0.021517
0.020291
0.017255
0.017356
0.017663
0.017242
0.017254
0.026700
0.020074
0.020437
0.018981
0.018655
0.041068
0.026994
0.019720
0.018733
0.018630
0.012996
0.031966
0.019522
0.020527
0.018898
0.018702
0.020473
0.022644
0.021407
0.021341
0.020436
0.019000
0.025743
0.018852
0.019664
0.012913
0.012066
0.013625
0.016332
0.012834
0.014574
0.015147
0.014692
0.016210
0.014605
0.014076
0.013772
0.017720
0.016206
0.016112
0.016018
0.020957
0.015993
0.014548
0.015694
0.015165
0.013635
0.014005
0.015285
0.020981
0.015252
0.014047
0.016759
0.014723
0.014534
0.014908
0.020877
0.014307
0.018570
0.019351
0.014133
0.014294
0.013712
0.014483
0.015735
0.014533
0.013753
0.015787
0.017508
0.014216
0.014857
0.015992
0.018138
0.015480
0.017878
0.014893
0.014391
0.015337
0.020047
0.017430
0.016253
0.019865
0.015029
0.014877
0.015692
0.018408
0.016945
0.015223
0.024134
0.024565
0.011460
0.017857
0.022023
0.021147
0.025820
0.027167
0.025216
0.024912
0.032175
0.031829
0.021704
0.025298
0.021258
0.025417
0.026064
0.021096
0.014391
0.016550
0.018255
0.023841
0.032723
0.025486
0.030485
0.023528
0.019729
0.023284
0.024346
0.028683
0.027730
0.021708
0.022048
0.042672
0.019886
0.037095
0.012776
0.012395
0.011555
0.015839
0.011838
0.011603
0.012443
0.013068
0.013325
0.017550
0.012774
0.013460
0.013993
0.012845
0.032300
0.017157
0.018091
0.018297
0.018836
0.019193
0.019155
0.028796
0.020617
0.014098
0.013274
0.014021
0.014222
0.013806
0.027090
0.030100
0.018119
0.018002
0.013679
0.013284
0.013252
0.013176
0.028272
0.014108
0.013400
0.017232
0.014464
0.012786
0.012799
0.028139
0.013368
0.016152
0.020280
0.019475
0.014150
0.017873
0.014994
0.013857
0.013826
0.014683
0.013438
0.014246
0.015266
0.014764
0.014058
0.016022
0.016183
0.015156
0.018037
0.016120
0.015409
0.016344
0.014557
0.014765
0.014780
0.015373
0.015244
0.037813
0.016948
0.027031
0.018855
0.016474
0.014878
0.014947
0.016800
0.021686
0.015240
0.014895
0.020723
0.042623
0.025401
0.017549
0.015120
0.015332
0.014984
0.014814
0.015064
0.016124
0.019673
0.020089
0.016576
0.016251
0.016393
0.019103
0.020016
0.019666
0.018643
0.014978
0.019502
0.018565
0.015350
0.017310
0.021479
0.013096
0.013617
0.013049
0.013667
0.020279
0.014470
0.013242
0.022074
0.018004
0.014950
0.017021
0.013568
0.013233
0.013028
0.012854
0.014144
0.017035
0.012913
0.017848
0.019568
0.019782
0.015979
0.019049
0.014441
0.014671
0.014056
0.017944
0.014081
0.015042
0.014042
0.015384
0.014307
0.013593
0.017704
0.016501
0.015703
0.014821
0.014097
0.014010
0.019238
0.015197
0.013649
0.013520
0.018876
0.019115
0.016396
0.014999
0.015518
0.018951
0.014390
0.014472
0.017249
0.014978
0.013550
0.021031
0.019886
0.019617
0.016594
0.017183
0.016242
0.014218
0.013565
0.013369
0.014141
0.012812
0.012989
0.013429
0.016007
0.013257
0.012835
0.013630
0.012192
0.012060
0.012191
0.011496
0.012010
0.012075
0.012446
0.012849
0.025481
0.024056
0.014150
0.012680
0.014581
0.011986
0.014723
0.014436
0.014250
0.011868
0.011675
0.014037
0.014972
0.014400
0.014130
0.013569
0.012039
0.011671
0.011719
0.012837
0.013278
0.013268
0.013759
0.012392
0.012897
0.013831
0.013254
0.014425
0.014051
0.014668
0.012915
0.034348
0.016688
0.012407
0.013654
0.015551
0.016542
0.013342
0.012063
0.018694
0.017409
0.013741
0.013278
0.028362
0.023118
0.013700
0.014090
0.012772
0.012892
0.018165
0.016876
0.017700
0.019789
0.017120
0.017783
0.017047
0.017037
0.024357
0.016778
0.017154
0.021784
0.016742
0.017540
0.018796
0.017626
0.019386
0.019722
0.023535
0.016775
0.017051
0.018714
0.019458
0.018126
0.018576
0.022121
0.016793
0.017059
0.018515
0.022357
0.018038
0.017499
0.023546
0.018944
0.016833
0.017249
0.017736
0.017857
0.018258
0.022457
0.017968
0.018165
0.018910
0.022232
0.019238
0.017888
0.023429
0.017840
0.019144
0.019219
0.020028
0.019728
0.018773
0.019482
0.021045
0.023102
0.019315
0.018953
0.019276
0.023606
0.018570
0.018468
0.019234
0.019123
0.018666
0.017192
0.025834
0.016287
0.015602
0.016707
0.015700
0.032821
0.024407
0.013797
0.010726
0.010648
0.010258
0.011932
0.012497
0.010566
0.009725
0.017078
0.011019
0.010028
0.009491
0.009890
0.016634
0.009745
0.012739
0.009593
0.010223
0.012625
0.011336
0.012105
0.019786
0.011683
0.011444
0.017737
0.011703
0.011585
0.012705
0.013210
0.012909
0.013516
0.011757
0.012536
0.011840
0.011469
0.011678
0.010287
0.008867
0.019254
0.010493
0.010134
0.010428
0.009792
0.025059
0.012434
0.009342
0.009452
0.027311
0.012811
0.011047
0.010813
0.010614
0.009385
0.010257
0.010603
0.010429
0.011722
0.010021
0.010485
0.012172
0.013872
0.013341
0.012654
0.012911
0.010571
0.011275
0.012900
0.012767
0.031403
0.021267
0.028844
0.015164
0.013674
0.013765
0.013679
0.021865
0.013887
0.014208
0.016799
0.022081
0.023190
0.039571
0.023352
0.016893
0.013917
0.013415
0.011204
0.013643
0.029397
0.015350
0.015783
0.019525
0.019056
0.014368
0.029444
0.015614
0.014390
0.014060
0.015281
0.016573
0.018577
0.032067
0.013263
0.013155
0.013169
0.013136
0.012523
0.030416
0.013426
0.012347
0.013456
0.015427
0.014004
0.014431
0.022017
0.033207
0.020805
0.024358
0.022308
0.027516
0.021652
0.022990
0.027043
0.022341
0.023730
0.022530
0.024766
0.025970
0.028404
0.020940
0.019942
0.019385
0.017029
0.017632
0.015176
0.014781
0.015784
0.020096
0.011105
0.011141
0.010742
0.017508
0.015776
0.015481
0.014907
0.014663
0.022624
0.031064
0.018816
0.015666
0.016608
0.019046
0.014368
0.017784
0.015262
0.015264
0.019974
0.015180
0.015907
0.033427
0.015824
0.026370
0.039138
0.015835
0.015985
0.015776
0.015815
0.020048
0.018341
0.015718
0.016061
0.018573
0.018607
0.018019
0.028270
0.013686
0.013052
0.016584
0.017879
0.023047
0.013410
0.014915
0.013224
0.013007
0.020278
0.015463
0.031631
0.017642
0.015208
0.017438
0.034201
0.015537
0.016119
0.018982
0.018727
0.025931
0.023993
0.025025
0.019306
0.015763
0.018227
0.014393
0.020895
0.019155
0.029941
0.014305
0.018054
0.016690
0.016486
0.016819
0.014763
0.014233
0.014508
0.016436
0.032529
0.015731
0.015526
0.016479
0.016259
0.015630
0.017057
0.036684
0.015451
0.015875
0.036995
0.021519
0.021885
0.018918
0.026078
0.015523
0.015486
0.035168
0.015575
0.018396
0.015534
0.025566
0.016969
0.034413
0.020149
0.017979
0.016975
0.017389
0.016407
0.015121
0.015094
0.037236
0.016550
0.017586
0.016979
0.015588
0.016166
0.017775
0.022090
0.018786
0.010196
0.009802
0.010875
0.011289
0.012285
0.012856
0.011051
0.012896
0.020048
0.012029
0.017725
0.010911
0.010216
0.010924
0.012125
0.011904
0.010443
0.010624
0.010986
0.012646
0.014463
0.012229
0.015497
0.011368
0.010987
0.021361
0.011511
0.011504
0.010823
0.010817
0.011772
0.014047
0.013121
0.012062
0.010884
0.013267
0.014454
0.012840
0.020489
0.010927
0.011852
0.012874
0.012309
0.012132
0.011247
0.011066
0.010675
0.010976
0.011133
0.011182
0.010572
0.011463
0.011231
0.011547
0.012290
0.011470
0.011083
0.011215
0.012960
0.010339
0.010365
0.016369
0.011947
0.026801
0.015889
0.026502
0.023656
0.026527
0.016616
0.011231
0.011603
0.019649
0.018929
0.020823
0.017884
0.012685
0.012501
0.012109
0.012052
0.013382
0.012344
0.014548
0.034844
0.027928
0.020885
0.017744
0.028398
0.013603
0.012890
0.016752
0.012810
0.012429
0.013574
0.012388
0.012122
0.017897
0.022379
0.013168
0.013725
0.013973
0.013881
0.019576
0.014895
0.044352
0.018116
0.014759
0.014511
0.014573
0.014365
0.015213
0.014383
0.014502
0.015105
0.016335
0.016034
0.015784
0.015638
0.012653
0.012996
0.013316
0.016744
0.014554
0.017138
0.014209
0.030605
0.013170
0.013111
0.016408
0.034251
0.013960
0.013368
0.013039
0.012991
0.013026
0.016032
0.013801
0.015285
0.015358
0.015055
0.014498
0.014758
0.033227
0.036936
0.016031
0.015337
0.014958
0.014984
0.017815
0.009974
0.016735
0.014814
0.014248
0.013771
0.013040
0.012950
0.014495
0.014024
0.015483
0.013735
0.013127
0.013428
0.017199
0.014201
0.013401
0.013096
0.013517
0.012965
0.012963
0.013610
0.014772
0.014750
0.014928
0.016065
0.017989
0.017426
0.018554
0.015669
0.017667
0.015692
0.015914
0.019392
0.022132
0.016455
0.016018
0.015341
0.012769
0.013485
0.018765
0.015685
0.016532
0.017107
0.014315
0.015446
0.015698
0.030312
0.032647
0.015870
0.015728
0.018038
0.014753
0.014792
0.015202
0.015612
0.015466
0.015610
0.017714
0.017950
0.019197
0.016798
0.017610
0.016188
0.016234
0.018654
0.018745
0.016622
0.016891
0.016834
0.016763
0.018280
0.017540
0.018288
0.016289
0.016830
0.017108
0.016669
0.016689
0.018266
0.018119
0.016757
0.017349
0.018682
0.018487
0.018931
0.017219
0.017684
0.018799
0.017548
0.018017
0.018039
0.017543
0.017502
0.016882
0.014194
0.016307
0.023250
0.018770
0.018648
0.017599
0.029479
0.034133
0.021227
0.017087
0.016562
0.016513
0.020335
0.019569
0.018165
0.020111
0.018151
0.017922
0.019651
0.033946
0.018218
0.018116
0.019464
0.020845
0.033546
0.026912
0.022388
0.024484
0.028613
0.017262
0.017059
0.016536
0.016207
0.016225
0.016000
0.019991
0.018510
0.015987
0.016207
0.015925
0.009951
0.020961
0.011859
0.011131
0.010925
0.011239
0.019120
0.012313
0.011104
0.012462
0.024929
0.019264
0.020710
0.020998
0.020490
0.025019
0.020111
0.018966
0.016968
0.012611
0.021821
0.026804
0.022725
0.012335
0.011521
0.011531
0.011641
0.012021
0.022136
0.011970
0.012257
0.013056
0.013765
0.016147
0.020588
0.019717
0.017070
0.013579
0.013852
0.018001
0.015712
0.014145
0.027488
0.025021
0.018654
0.026573
0.015886
0.014251
0.013870
0.013695
0.017119
0.013653
0.013194
0.013591
0.013850
0.015183
0.015284
0.014237
0.014367
0.015357
0.014461
0.013489
0.013707
0.016904
0.021311
0.014296
0.014298
0.014765
0.016006
0.014317
0.018294
0.017100
0.015267
0.014691
0.014470
0.016646
0.014317
0.014242
0.015711
0.015660
0.014357
0.016905
0.014393
0.018892
0.014661
0.026865
0.015852
0.016532
0.014340
0.014374
0.023566
0.014900
0.015564
0.015616
0.016699
0.016273
0.017906
0.018193
0.017827
0.016513
0.016273
0.018771
0.017072
0.018901
0.017021
0.017436
0.016993
0.017168
0.014635
0.012279
0.012585
0.014620
0.014715
0.016624
0.015126
0.018896
0.015460
0.015214
0.028179
0.015271
0.016714
0.015584
0.015780
0.015670
0.015251
0.015751
0.015178
0.016187
0.015127
0.017618
0.016875
0.015268
0.016794
0.019293
0.015018
0.022708
0.025578
0.025309
0.024837
0.015257
0.017503
0.017458
0.017288
0.023045
0.031782
0.029980
0.024220
0.017656
0.029067
0.014569
0.022081
0.021363
0.024946
0.029805
0.018534
0.018011
0.017375
0.017640
0.020671
0.020659
0.017846
0.019297
0.017671
0.017920
0.021839
0.018350
0.018910
0.017821
0.017606
0.020517
0.021845
0.018379
0.016858
0.018445
0.017675
0.020401
0.017779
0.018711
0.018485
0.018196
0.026509
0.030657
0.026957
0.017394
0.023117
0.017712
0.017897
0.018623
0.023706
0.022842
0.019359
0.019257
0.019320
0.019069
0.020126
0.020934
0.019316
0.019361
0.020863
0.025408
0.019877
0.019796
0.019255
0.022779
0.027217
0.025866
0.022034
0.019489
0.021699
0.019875
0.019601
0.019382
0.028310
0.028977
0.028624
0.025208
0.027822
0.023489
0.019318
0.024604
0.026513
0.027025
0.019080
0.031698
0.019003
0.020319
0.019310
0.020287
0.023563
0.022711
0.024757
0.020968
0.019059
0.019158
0.019362
0.024278
0.039993
0.024621
0.024177
0.024906
0.023405
0.026012
0.021582
0.039801
0.014932
0.023869
0.027157
0.019805
0.024393
0.019137
0.019574
0.019231
0.021239
0.023087
0.031218
0.021057
0.019060
0.021467
0.029137
0.025686
0.019253
0.019957
0.019128
0.026257
0.029784
0.031356
0.030214
0.017988
0.014128
0.027404
0.024319
0.025279
0.024695
0.024296
0.026486
0.024296
0.025054
0.020426
0.017500
0.018575
0.019890
0.017513
0.018157
0.019907
0.018262
0.024549
0.017625
0.017748
0.018651
0.020590
0.019530
0.018978
0.017539
0.018652
0.017345
0.022997
0.019957
0.023936
0.017584
0.017357
0.020027
0.017998
0.018203
0.017434
0.017473
0.017630
0.017361
0.012174
0.018018
0.020180
0.018145
0.017711
0.018501
0.017073
0.019032
0.021197
0.017853
0.017566
0.017370
0.017465
0.017310
0.024023
0.017636
0.017598
0.018039
0.019606
0.018387
0.018410
0.020483
0.017750
0.020886
0.017709
0.023366
0.019164
0.020536
0.022760
0.015013
0.021848
0.025812
0.021267
0.020571
0.019335
0.017265
0.023696
0.027977
0.026311
0.026178
0.022854
0.019374
0.018049
0.018206
0.016484
0.019354
0.020993
0.019899
0.022192
0.022125
0.017004
0.015918
0.016956
0.016616
0.016681
0.020258
0.019878
0.017687
0.017390
0.017112
0.016696
0.017378
0.023870
0.016903
0.016676
0.017056
0.016871
0.017300
0.019237
0.019227
0.016829
0.016658
0.017079
0.015249
0.016774
0.027873
0.018660
0.018562
0.016845
0.023318
0.016854
0.018835
0.016982
0.016735
0.026807
0.016674
0.017088
0.019305
0.031068
0.016749
0.016608
0.020065
0.017280
0.018751
0.016755
0.017062
0.016762
0.016472
0.017747
0.021234
0.016008
0.015381
0.015180
0.015336
0.020548
0.021805
0.030470
0.023565
0.015239
0.016285
0.016530
0.016608
0.019572
0.016641
0.015955
0.017164
0.021729
0.017174
0.017861
0.019713
0.018660
0.017751
0.019939
0.024439
0.018740
0.021508
0.017787
0.018255
0.020379
0.020157
0.018384
0.018392
0.021001
0.021603
0.031715
0.019660
0.018808
0.018311
0.019248
0.021118
0.020790
0.019620
0.020549
0.018472
0.040261
0.018640
0.022159
0.021600
0.016023
0.016523
0.019760
0.016134
0.017570
0.031134
0.026610
0.026908
0.023632
0.023154
0.023301
0.022348
0.018578
0.018704
0.018612
0.019958
0.025129
0.025538
0.035994
0.026830
0.022208
0.022307
0.020119
0.019913
0.019631
0.019671
0.019567
0.020307
0.019760
0.020003
0.019994
0.019945
0.019957
0.021196
0.021041
0.019691
0.022303
0.019953
0.022788
0.019858
0.025280
0.028396
0.025181
0.020001
0.020956
0.022649
0.020142
0.020024
0.019724
0.019814
0.023030
0.025428
0.020216
0.020559
0.020078
0.020038
0.019878
0.019896
0.020404
0.019594
0.019823
0.021399
0.021137
0.024272
0.020035
0.019869
0.025952
0.031859
0.027463
0.019843
0.019686
0.019625
0.019671
0.019836
0.021644
0.020406
0.019753
0.026395
0.017319
0.018889
0.019388
0.019154
0.020244
0.021708
0.018052
0.017905
0.018897
0.019234
0.020265
0.018192
0.018200
0.018272
0.018007
0.021810
0.022182
0.018477
0.020223
0.018541
0.018601
0.018225
0.034259
0.018011
0.018210
0.017983
0.020815
0.019666
0.018614
0.029787
0.024575
0.029140
0.036686
0.030614
0.026430
0.019803
0.020613
0.028690
0.028991
0.025044
0.022452
0.020295
0.019815
0.027595
0.020103
0.020309
0.034543
0.021063
0.020743
0.020161
0.020623
0.020642
0.020411
0.021882
0.019646
0.021031
0.020046
0.024674
0.035116
0.027658
0.019903
0.019674
0.019688
0.023179
0.020851
0.021039
0.020256
0.020743
0.027572
0.019613
0.019564
0.019855
0.019701
0.022907
0.021778
0.020323
0.026520
0.020487
0.021853
0.036633
0.019633
0.023527
0.019582
0.022848
0.019872
0.022441
0.019819
0.019746
0.021198
0.023332
0.020021
0.019950
0.019966
0.020022
0.019686
0.022516
0.026567
0.024345
0.019912
0.020610
0.022084
0.020541
0.020208
0.019825
0.026781
0.032307
0.032358
0.019871
0.019696
0.026034
0.030490
0.026520
0.019689
0.019696
0.019827
0.019890
0.019814
0.025264
0.021152
0.035280
0.015432
0.017550
0.017067
0.017817
0.019771
0.017439
0.017226
0.017266
0.026243
0.019936
0.018577
0.018226
0.017526
0.017822
0.014054
0.011967
0.034356
0.028933
0.023666
0.028322
0.022774
0.015877
0.020383
0.016516
0.016198
0.016344
0.018707
0.017820
0.022409
0.026060
0.029266
0.018813
0.017138
0.017972
0.020644
0.017369
0.028274
0.029533
0.024070
0.024960
0.018629
0.022983
0.020091
0.019232
0.024562
0.018580
0.018909
0.021407
0.019696
0.023538
0.018852
0.018590
0.022329
0.020373
0.027005
0.019134
0.019487
0.022465
0.019734
0.019499
0.022964
0.019372
0.027029
0.020598
0.019828
0.020226
0.019355
0.023257
0.028705
0.028245
0.019708
0.022547
0.022064
0.019578
0.019939
0.019166
0.019404
0.027049
0.030891
0.019681
0.019237
0.020604
0.025420
0.019540
0.020412
0.021519
0.023209
0.021693
0.019536
0.019443
0.020123
0.026314
0.019603
0.019799
0.019156
0.019117
0.027637
0.019555
0.018418
0.018041
0.018827
0.018286
0.017979
0.018993
0.016048
0.020850
0.010441
0.016528
0.013474
0.016608
0.016275
0.018911
0.009328
0.010239
0.011815
0.010237
0.011107
0.009965
0.009500
0.010246
0.009299
0.014050
0.014878
0.008995
0.009564
0.019256
0.008361
0.012166
0.011327
0.019690
0.011459
0.009905
0.009590
0.009613
0.010036
0.011965
0.010266
0.010082
0.009902
0.009004
0.008980
0.008991
0.013192
0.009230
0.011343
0.012571
0.013574
0.013071
0.011584
0.009388
0.009565
0.013972
0.010340
0.010216
0.010009
0.010172
0.024461
0.012509
0.032494
0.023056
0.023143
0.022253
0.022473
0.023813
0.021909
0.025366
0.012916
0.012358
0.012730
0.012274
0.012848
0.015498
0.018874
0.014200
0.012701
0.015499
0.012902
0.012532
0.012323
0.014562
0.015605
0.012653
0.014867
0.013376
0.013077
0.014765
0.014568
0.013980
0.017113
0.031798
0.022129
0.031406
0.022223
0.022285
0.023934
0.023744
0.021820
0.022531
0.020153
0.023613
0.025555
0.022024
0.011525
0.025349
0.019408
0.022178
0.020501
0.023582
0.014430
0.013091
0.016644
0.012935
0.014537
0.013663
0.013507
0.014940
0.016059
0.018778
0.013904
0.013300
0.013796
0.023648
0.029880
0.019994
0.022480
0.035318
0.020154
0.021413
0.025174
0.022574
0.015695
0.012808
0.013343
0.014068
0.013595
0.016273
0.015329
0.013226
0.018916
0.022854
0.018975
0.014860
0.012867
0.012702
0.013252
0.021704
0.015076
0.013864
0.013843
0.021430
0.019198
0.012998
0.012931
0.016116
0.021616
0.023316
0.024360
0.022986
0.021273
0.023216
0.021548
0.022158
0.021372
0.029830
0.013678
0.032390
0.018297
0.017369
0.014143
0.013834
0.016340
0.014386
0.023738
0.014301
0.018450
0.016922
0.014803
0.015737
0.016366
0.014919
0.014893
0.014963
0.014981
0.017137
0.019348
0.016155
0.027411
0.017600
0.014647
0.018741
0.020972
0.016117
0.014771
0.014708
0.015200
0.014523
0.014825
0.020219
0.014508
0.014578
0.014844
0.012836
0.012385
0.011804
0.010618
0.011067
0.011029
0.012241
0.013727
0.018105
0.011641
0.025444
0.028295
0.025679
0.019647
0.023896
0.025909
0.013383
0.013087
0.013979
0.012925
0.012986
0.012760
0.020119
0.018797
0.018611
0.013850
0.019670
0.013664
0.019430
0.016762
0.016220
0.015846
0.015928
0.017496
0.021529
0.020158
0.019272
0.017922
0.013945
0.019570
0.024154
0.016405
0.016181
0.015746
0.014452
0.014059
0.015402
0.021238
0.014759
0.014676
0.016020
0.018075
0.015530
0.014469
0.014693
0.018383
0.014750
0.014673
0.015697
0.018728
0.016306
0.016193
0.019683
0.014852
0.014632
0.014885
0.023740
0.015048
0.017061
0.019532
0.022495
0.014771
0.015572
0.015781
0.015472
0.015738
0.018509
0.018833
0.024200
0.018320
0.016387
0.017723
0.016854
0.017246
0.017791
0.016924
0.016812
0.017174
0.016910
0.022611
0.018808
0.018376
0.017444
0.017386
0.017074
0.019886
0.020948
0.017834
0.017262
0.016956
0.017326
0.016927
0.017818
0.020151
0.020113
0.016700
0.017906
0.017448
0.017722
0.018604
0.019270
0.019917
0.016621
0.017126
0.016447
0.018017
0.019167
0.017778
0.019069
0.017336
0.018743
0.020670
0.023204
0.017196
0.020763
0.016956
0.019065
0.018594
0.020272
0.022638
0.016701
0.018566
0.023364
0.023363
0.022692
0.027475
0.020619
0.017600
0.017244
0.017104
0.020271
0.017674
0.017918
0.017772
0.020713
0.016731
0.025782
0.020203
0.019711
0.019350
0.017168
0.016546
0.016547
0.014716
0.021457
0.016523
0.015352
0.015993
0.021286
0.016612
0.021971
0.018815
0.015445
0.015253
0.019313
0.016289
0.015523
0.016601
0.015745
0.015189
0.029406
0.015565
0.023046
0.018383
0.016119
0.015286
0.015713
0.014856
0.015646
0.015880
0.014893
0.020881
0.015356
0.015077
0.015263
0.016275
0.013518
0.018672
0.018242
0.016320
0.012700
0.012306
0.012380
0.016636
0.014446
0.021360
0.022179
0.014222
0.013895
0.013383
0.013308
0.013627
0.018284
0.018627
0.013125
0.019769
0.017688
0.015503
0.015743
0.014051
0.019494
0.015178
0.014251
0.013565
0.015457
0.013098
0.015116
0.023192
0.015277
0.019711
0.013728
0.012812
0.013514
0.015775
0.019221
0.019455
0.021449
0.013233
0.013531
0.017968
0.014292
0.014024
0.015672
0.025650
0.015203
0.019119
0.014247
0.015989
0.018364
0.016446
0.021079
0.017756
0.016067
0.015038
0.015806
0.016220
0.025257
0.016160
0.021631
0.014316
0.014597
0.023364
0.018444
0.019218
0.019405
0.020661
0.019921
0.018232
0.016308
0.018096
0.016139
0.023544
0.020033
0.018479
0.015895
0.020107
0.017567
0.024416
0.027271
0.023050
0.018678
0.017026
0.016734
0.017937
0.023082
0.025943
0.019689
0.019167
0.019137
0.027905
0.018615
0.019407
0.025718
0.019549
0.017227
0.016861
0.017290
0.021543
0.021555
0.016723
0.018249
0.028803
0.017544
0.017431
0.023685
0.019753
0.017359
0.017872
0.017209
0.017113
0.023605
0.014153
0.019145
0.010562
0.014334
0.012020
0.014624
0.014486
0.014498
0.025829
0.021743
0.028008
0.017319
0.015591
0.014795
0.014908
0.015729
0.014789
0.014539
0.015038
0.015224
0.017599
0.016160
0.019824
0.019310
0.027224
0.030785
0.036163
0.020280
0.015286
0.015298
0.017216
0.019321
0.017501
0.016041
0.025760
0.023454
0.023285
0.016462
0.019728
0.019146
0.017563
0.016530
0.018439
0.019192
0.024932
0.022123
0.023208
0.024106
0.026060
0.032094
0.021321
0.025449
0.019181
0.023460
0.019397
0.025957
0.018725
0.018150
0.019750
0.030260
0.023863
0.019212
0.023363
0.023919
0.019364
0.019337
0.018747
0.024943
0.017954
0.027449
0.020689
0.026501
0.021468
0.020195
0.027727
0.017932
0.016256
0.017325
0.019817
0.016232
0.017207
0.018398
0.017780
0.017593
0.019037
0.022551
0.018324
0.025382
0.023430
0.019513
0.031769
0.018046
0.021041
0.018458
0.017993
0.018286
0.025645
0.018199
0.018733
0.030257
0.028943
0.025503
0.027396
0.019190
0.024122
0.018574
0.019423
0.024750
0.019199
0.018932
0.018229
0.018433
0.024393
0.020476
0.019452
0.019213
0.024689
0.033901
0.024540
0.023456
0.022064
0.022706
0.021278
0.026269
0.023719
0.027260
0.022832
0.023412
0.023020
0.023169
0.024210
0.024523
0.025018
0.021057
0.013922
0.014488
0.024951
0.020441
0.024433
0.024534
0.026824
0.026584
0.032220
0.025909
0.025002
0.028538
0.019588
0.028519
0.018584
0.019424
0.019061
0.015489
0.022604
0.019825
0.040016
0.015446
0.028193
0.016589
0.037074
0.029372
0.015529
0.027692
0.019546
0.018764
0.033314
0.027180
0.033366
0.028082
0.015035
0.035193
0.015770
0.017121
0.023700
0.020231
0.016802
0.020791
0.020037
0.018272
0.018462
0.022408
0.030890
0.023299
0.030246
0.021496
0.018242
0.024198
0.018347
0.018794
0.017920
0.017385
0.017823
0.023258
0.020649
0.018433
0.018094
0.017932
0.017695
0.025399
0.018613
0.017939
0.018014
0.023311
0.033115
0.015969
0.014536
0.014790
0.015096
0.014482
0.014620
0.021338
0.024873
0.028356
0.026775
0.026717
0.023896
0.022632
0.028833
0.023840
0.035069
0.022034
0.018968
0.018330
0.018846
0.017602
0.017721
0.017975
0.018630
0.019454
0.018725
0.017640
0.020615
0.017725
0.017905
0.017717
0.017497
0.024078
0.017585
0.021451
0.017889
0.017544
0.035883
0.020175
0.017638
0.019410
0.015876
0.018892
0.020927
0.016070
0.016834
0.017061
0.016804
0.024171
0.023054
0.019137
0.016348
0.022551
0.019121
0.021704
0.018343
0.018611
0.016989
0.016818
0.018151
0.016679
0.016914
0.026479
0.018698
0.019008
0.018947
0.016736
0.026812
0.016554
0.016411
0.018898
0.018807
0.017226
0.019282
0.016757
0.018625
0.019439
0.025084
0.030039
0.017989
0.017601
0.016575
0.011611
0.012551
0.017424
0.020073
0.018072
0.016303
0.015723
0.018317
0.020726
0.015754
0.016558
0.016058
0.017575
0.018795
0.016723
0.016942
0.016586
0.017079
0.017630
0.016605
0.016655
0.016870
0.016929
0.016691
0.016577
0.018716
0.011616
0.011355
0.012157
0.012421
0.019196
0.017673
0.020712
0.017503
0.017806
0.017518
0.017867
0.021633
0.023263
0.026223
0.022097
0.025746
0.017466
0.017124
0.017437
0.020283
0.018050
0.018083
0.018105
0.017439
0.017236
0.019501
0.017493
0.020030
0.019721
0.023569
0.020589
0.018083
0.019381
0.018143
0.017380
0.017257
0.027648
0.018246
0.017364
0.019421
0.018134
0.017509
0.017125
0.019396
0.017541
0.017246
0.020451
0.021847
0.021220
0.018760
0.019197
0.019296
0.017329
0.026024
0.027957
0.017424
0.017449
0.018181
0.019555
0.019032
0.019236
0.021372
0.018069
0.018187
0.017887
0.017182
0.017101
0.019998
0.018031
0.019492
0.017657
0.017235
0.023850
0.017384
0.018790
0.020269
0.018615
0.018383
0.018424
0.018219
0.019050
0.017360
0.026461
0.017283
0.019298
0.019111
0.019079
0.017353
0.020475
0.018607
0.018700
0.022190
0.019197
0.027597
0.019262
0.021308
0.019482
0.019448
0.020279
0.018598
0.018503
0.018415
0.020316
0.020678
0.018676
0.018688
0.030191
0.020590
0.026383
0.019416
0.018822
0.015869
0.017794
0.017962
0.018886
0.018440
0.020192
0.019164
0.015191
0.018699
0.019359
0.019710
0.020590
0.019241
0.018770
0.019499
0.018911
0.018543
0.017098
0.018767
0.018750
0.019658
0.019840
0.018767
0.019456
0.018955
0.022571
0.023519
0.019638
0.018646
0.018465
0.023506
0.021889
0.018726
0.018636
0.019112
0.018587
0.018517
0.021505
0.021368
0.013757
0.016227
0.015923
0.015868
0.018303
0.021077
0.025897
0.028187
0.024845
0.020818
0.019573
0.018953
0.021559
0.018920
0.018848
0.019412
0.021869
0.021774
0.019171
0.019613
0.021909
0.018991
0.021612
0.019708
0.018833
0.018808
0.018939
0.019177
0.019050
0.018749
0.018876
0.021307
0.018738
0.019538
0.018972
0.019020
0.018747
0.018793
0.018847
0.019791
0.020179
0.021840
0.018828
0.018954
0.019020
0.023115
0.020003
0.030374
0.027304
0.031728
0.029151
0.031770
0.021235
0.021522
0.018885
0.024179
0.019325
0.020785
0.018687
0.018599
0.020835
0.019284
0.021377
0.019818
0.019172
0.018984
0.020847
0.019314
0.019041
0.019204
0.019055
0.018762
0.022110
0.019623
0.021683
0.018983
0.018715
0.021521
0.024122
0.019491
0.018745
0.020022
0.021533
0.019165
0.019548
0.019300
0.018491
0.018842
0.019465
0.018717
0.024032
0.022771
0.019374
0.019309
0.020697
0.030654
0.029085
0.028673
0.029450
0.033112
0.026852
0.019053
0.019905
0.018615
0.018549
0.019988
0.024339
0.018577
0.018842
0.021568
0.024129
0.027704
0.027817
0.034406
0.026284
0.026457
0.014178
0.018670
0.022684
0.019756
0.020113
0.018813
0.018547
0.018934
0.018713
0.018710
0.018591
0.023786
0.019653
0.018685
0.018886
0.018816
0.020661
0.019777
0.018482
0.019272
0.027224
0.022967
0.019641
0.018607
0.018425
0.019157
0.019191
0.019739
0.018527
0.018800
0.023472
0.020574
0.022785
0.018853
0.018375
0.018419
0.018506
0.023157
0.019417
0.018624
0.018796
0.019236
0.018831
0.021119
0.019232
0.021530
0.019798
0.017501
0.025272
0.021139
0.018712
0.020589
0.020329
0.017886
0.019099
0.024725
0.031553
0.025816
0.025720
0.035092
0.024801
0.028413
0.018809
0.024502
0.019927
0.021747
0.032382
0.026637
0.025789
0.024257
0.028998
0.025865
0.029125
0.025876
0.025789
0.022310
0.019830
0.017559
0.017535
0.017612
0.016550
0.017212
0.017340
0.017868
0.020814
0.027100
0.019060
0.019306
0.022040
0.020326
0.024000
0.019406
0.028003
0.036927
0.030955
0.028753
0.024933
0.018170
0.021205
0.023157
0.019711
0.019907
0.028560
0.033533
0.022027
0.022708
0.023072
0.022430
0.021073
0.019078
0.019080
0.018530
0.018729
0.022196
0.020609
0.018592
0.024851
0.026793
0.019932
0.021439
0.019151
0.018866
0.019374
0.018439
0.018373
0.018572
0.019331
0.019505
0.018981
0.018605
0.018425
0.020267
0.020645
0.018946
0.018534
0.018707
0.018739
0.021773
0.018675
0.019384
0.019336
0.018471
0.018430
0.020045
0.017995
0.020370
0.018650
0.018606
0.026949
0.029226
0.029793
0.029827
0.029122
0.028838
0.019369
0.018585
0.019085
0.018139
0.026955
0.021555
0.020451
0.019535
0.019420
0.027217
0.021245
0.019672
0.020962
0.020062
0.022705
0.020652
0.020349
0.019703
0.019339
0.021854
0.024334
0.019691
0.019442
0.019557
0.023923
0.020109
0.020358
0.023376
0.019109
0.023015
0.020014
0.019273
0.019554
0.019276
0.020401
0.022295
0.018877
0.018839
0.020734
0.019635
0.019526
0.024074
0.020519
0.020030
0.022146
0.019682
0.019540
0.021093
0.020214
0.025875
0.019795
0.019984
0.019745
0.020686
0.022900
0.019602
0.023123
0.019500
0.019623
0.021825
0.018666
0.020459
0.019851
0.020053
0.017447
0.012605
0.014846
0.027388
0.019536
0.019076
0.018697
0.019017
0.019121
0.018610
0.018824
0.018898
0.021511
0.018367
0.021152
0.019255
0.018329
0.018340
0.018713
0.029588
0.019517
0.022197
0.019600
0.020642
0.019663
0.019550
0.019706
0.019567
0.019414
0.021974
0.020127
0.019889
0.013843
0.016373
0.017099
0.017837
0.018201
0.019061
0.019618
0.021110
0.020847
0.019884
0.020613
0.020367
0.019423
0.022871
0.020057
0.021033
0.019552
0.022110
0.019411
0.022022
0.020215
0.019672
0.019829
0.019281
0.015909
0.015572
0.031353
0.022862
0.026481
0.019229
0.019161
0.021036
0.019818
0.019510
0.019604
0.018677
0.018748
0.029187
0.021386
0.019913
0.019155
0.018222
0.018191
0.031028
0.020808
0.019686
0.018425
0.018031
0.019377
0.027560
0.024182
0.024141
0.023520
0.023985
0.030849
0.030533
0.017677
0.014477
0.023223
0.019033
0.021212
0.018755
0.018419
0.018450
0.018481
0.023664
0.019994
0.019824
0.019473
0.018852
0.018867
0.025469
0.021216
0.025962
0.029303
0.029439
0.019504
0.022375
0.019492
0.019876
0.018540
0.018417
0.018131
0.022080
0.018637
0.024423
0.019701
0.018379
0.018393
0.018819
0.019435
0.018803
0.018530
0.018396
0.018865
0.019118
0.021177
0.018996
0.019191
0.018833
0.018421
0.025766
0.018782
0.018368
0.018388
0.018419
0.022256
0.019325
0.019194
0.018858
0.018590
0.018850
0.018463
0.018938
0.025020
0.019414
0.020091
0.018859
0.018581
0.018626
0.018536
0.018544
0.020882
0.019725
0.018650
0.018418
0.019199
0.018889
0.019480
0.022689
0.020315
0.018506
0.018349
0.018540
0.018597
0.019181
0.019447
0.021377
0.019014
0.019099
0.018952
0.019434
0.018617
0.022711
0.018463
0.019083
0.018531
0.018489
0.018496
0.019301
0.015731
0.016419
0.015480
0.019387
0.017245
0.017170
0.017317
0.017397
0.016408
0.016317
0.016549
0.016383
0.017647
0.017822
0.018295
0.017845
0.019135
0.020631
0.017791
0.020314
0.017627
0.017362
0.017328
0.023073
0.020313
0.017601
0.024575
0.023724
0.021479
0.017826
0.017696
0.017883
0.017780
0.017805
0.021722
0.018933
0.020470
0.021542
0.017990
0.020091
0.020261
0.018542
0.018708
0.018060
0.017744
0.019378
0.019231
0.019199
0.018980
0.019459
0.021164
0.019095
0.020369
0.020067
0.020454
0.023378
0.020533
0.019692
0.019751
0.019606
0.019513
0.020770
0.019745
0.022756
0.020451
0.019917
0.020508
0.019690
0.022358
0.026025
0.020540
0.019966
0.019414
0.020299
0.020109
0.022084
0.020280
0.021845
0.029724
0.030126
0.022987
0.022102
0.026592
0.017380
0.024601
0.028616
0.023596
0.018603
0.021846
0.020387
0.021470
0.019808
0.018813
0.018741
0.018563
0.019813
0.020729
0.019898
0.019206
0.020258
0.023872
0.028843
0.019931
0.020593
0.018951
0.018932
0.018883
0.018786
0.021346
0.020339
0.019674
0.018805
0.017949
0.023229
0.027227
0.030249
0.030602
0.028023
0.023055
0.017893
0.019904
0.018124
0.023167
0.019705
0.018042
0.028011
0.026680
0.018767
0.018486
0.017869
0.017842
0.022411
0.020034
0.018388
0.019131
0.018289
0.017882
0.019031
0.018883
0.018183
0.032113
0.019231
0.018788
0.021224
0.018924
0.018192
0.019038
0.017604
0.017473
0.019024
0.018412
0.018775
0.019418
0.017456
0.021512
0.019817
0.018175
0.018279
0.018309
0.026250
0.020476
0.019287
0.019095
0.018493
0.019641
0.022268
0.021327
0.019128
0.019398
0.017310
0.018644
0.026277
0.020467
0.018750
0.018650
0.019122
0.022073
0.029992
0.029743
0.024132
0.023373
0.020824
0.019077
0.018745
0.018561
0.019137
0.019880
0.024986
0.021707
0.019228
0.018970
0.020139
0.019257
0.019818
0.019407
0.020597
0.023515
0.019611
0.018676
0.019516
0.018606
0.019565
0.021105
0.019804
0.018933
0.018605
0.018745
0.021319
0.019163
0.019453
0.018952
0.018914
0.019093
0.019584
0.019636
0.021015
0.019977
0.018909
0.018749
0.020116
0.019530
0.025151
0.025244
0.018881
0.020062
0.020853
0.019867
0.021967
0.028655
0.035141
0.025915
0.019603
0.022212
0.022740
0.019936
0.020023
0.019846
0.023678
0.019912
0.020636
0.026192
0.019596
0.021456
0.022052
0.019699
0.021276
0.022794
0.023605
0.020078
0.020109
0.019967
0.019607
0.020249
0.029267
0.033243
0.025874
0.023583
0.019692
0.019913
0.019768
0.021560
0.025139
0.021930
0.019891
0.019670
0.019394
0.022441
0.020870
0.021484
0.020063
0.020170
0.022602
0.019641
0.020598
0.019762
0.020128
0.020395
0.017478
0.018732
0.020443
0.017701
0.018726
0.019456
0.019093
0.020324
0.019814
0.019602
0.025387
0.019525
0.020190
0.019947
0.019705
0.019756
0.020783
0.019760
0.022598
0.022604
0.020028
0.022806
0.021304
0.019990
0.021245
0.020220
0.019845
0.022381
0.022462
0.031398
0.032622
0.027278
0.019770
0.019853
0.019966
0.019145
0.028136
0.020394
0.020730
0.019964
0.019680
0.026538
0.020311
0.019823
0.019878
0.019619
0.022888
0.023541
0.020212
0.019896
0.019905
0.019972
0.029949
0.019554
0.019647
0.021000
0.021993
0.025085
0.019881
0.019770
0.024686
0.020485
0.024450
0.023674
0.019538
0.019759
0.019631
0.020135
0.020545
0.023497
0.020184
0.019819
0.020806
0.022695
0.021266
0.021894
0.019622
0.019533
0.020682
0.022589
0.019913
0.020004
0.021651
0.022907
0.020291
0.021757
0.019740
0.019499
0.020217
0.030944
0.031610
0.025102
0.019639
0.019614
0.021127
0.019834
0.021075
0.020564
0.020134
0.020572
0.019952
0.019477
0.019863
0.019408
0.019452
0.022227
0.026751
0.019917
0.021066
0.019845
0.019622
0.034770
0.019508
0.020500
0.019648
0.019692
0.023774
0.021049
0.019913
0.023133
0.019560
0.012106
0.016851
0.017683
0.018745
0.016319
0.016845
0.016885
0.017344
0.018876
0.019292
0.019068
0.019191
0.018498
0.018912
0.021037
0.018747
0.019072
0.018736
0.018505
0.023216
0.019721
0.021113
0.019981
0.021619
0.018903
0.022178
0.020693
0.018690
0.018754
0.018478
0.022882
0.019697
0.019412
0.019689
0.023342
0.025285
0.029683
0.022858
0.027633
0.018955
0.021558
0.019052
0.022319
0.020621
0.025874
0.026557
0.039167
0.024241
0.023167
0.020826
0.019610
0.021753
0.028340
0.029549
0.018884
0.029063
0.019876
0.020257
0.018784
0.018458
0.021381
0.019352
0.019651
0.019685
0.021485
0.020267
0.033462
0.022016
0.026081
0.019831
0.019096
0.019159
0.018934
0.018697
0.027004
0.019525
0.019249
0.019114
0.018690
0.019341
0.018673
0.019466
0.019792
0.019390
0.018621
0.024820
0.020376
0.019652
0.019061
0.018534
0.018479
0.020163
0.021229
0.018547
0.031829
0.018338
0.036793
0.020065
0.024097
0.023270
0.020489
0.032026
0.018422
0.018278
0.018389
0.019447
0.018470
0.035432
0.021244
0.030025
0.056156
0.019184
0.022404
0.030466
0.020936
0.020826
0.021158
0.032454
0.019445
0.035266
0.023442
0.030518
0.034010
0.029344
0.026190
0.028580
0.030560
0.033201
0.029680
0.028943
0.029113
0.031528
0.018412
0.021199
0.018679
0.018809
0.019859
0.021055
0.018781
0.022492
0.018715
0.018952
0.027048
0.018673
0.018725
0.018718
0.018588
0.018857
0.019047
0.018702
0.019039
0.019678
0.019503
0.009863
0.019218
0.021046
0.050146
0.010587
0.023923
0.031538
0.016885
0.017965
0.026064
0.020841
0.032015
0.033922
0.032178
0.032779
0.036955
0.023425
0.025121
0.026190
0.019709
0.019383
0.019812
0.019496
0.022258
0.019499
0.023077
0.020098
0.033293
0.023287
0.019957
0.023698
0.020932
0.021086
0.023419
0.021610
0.025438
0.021942
0.021214
0.020994
0.022406
0.021044
0.026652
0.023726
0.021664
0.020784
0.020995
0.021614
0.020334
0.023819
0.021044
0.022024
0.023835
0.025920
0.020927
0.021036
0.020452
0.021270
0.021293
0.021373
0.021275
0.024051
0.034155
0.020966
0.020868
0.021585
0.029938
0.021717
0.020830
0.021217
0.026243
0.022516
0.020972
0.021203
0.021365
0.030092
0.020539
0.028762
0.021257
0.020999
0.020913
0.023166
0.022205
0.021331
0.020918
0.037675
0.020919
0.035436
0.023569
0.021126
0.018728
0.020894
0.022178
0.021145
0.023932
0.021399
0.021314
0.020566
0.020805
0.020774
0.021122
0.020851
0.020901
0.021776
0.024340
0.021372
0.021314
0.021246
0.021141
0.022349
0.021386
0.021039
0.021892
0.021612
0.022440
0.020627
0.023132
0.022075
0.021355
0.026104
0.020577
0.022437
0.021052
0.020947
0.023987
0.022954
0.021129
0.021339
0.021019
0.025432
0.021801
0.021187
0.020922
0.020927
0.025664
0.019855
0.021715
0.022203
0.022329
0.023346
0.027117
0.022008
0.022080
0.022343
0.025266
0.022927
0.022751
0.024238
0.022369
0.025863
0.021720
0.026439
0.033232
0.039369
0.023393
0.022136
0.021226
0.020916
0.022084
0.021317
0.021066
0.023430
0.020038
0.024537
0.029829
0.034791
0.032118
0.021761
0.021132
0.022407
0.023748
0.027857
0.033569
0.043763
0.029444
0.025424
0.018775
0.018860
0.018910
0.020615
0.022450
0.019460
0.020281
0.022203
0.020768
0.038052
0.019985
0.020118
0.020613
0.020055
0.020927
0.020233
0.022021
0.020714
0.020020
0.021235
0.020579
0.021951
0.019767
0.023998
0.020681
0.020801
0.019557
0.021107
0.020607
0.019954
0.019994
0.020057
0.020580
0.020275
0.021448
0.019965
0.020078
0.020937
0.020506
0.020434
0.022098
0.020021
0.021177
0.021638
0.023800
0.021293
0.021746
0.021657
0.026295
0.038740
0.023197
0.021893
0.028769
0.021192
0.036206
0.027568
0.020813
0.030375
0.019247
0.028811
0.021933
0.025795
0.020348
0.033863
0.021196
0.021419
0.028530
0.019811
0.019718
0.020832
0.022340
0.020614
0.019452
0.020030
0.021614
0.020319
0.020576
0.020623
0.020528
0.024226
0.019978
0.020601
0.019689
0.020482
0.020444
0.020793
0.021154
0.020351
0.022664
0.022779
0.021881
0.022965
0.027580
0.037164
0.020872
0.019855
0.024109
0.028028
0.020209
0.022870
0.037888
0.019663
0.036308
0.021993
0.030980
0.038898
0.029665
0.021531
0.021655
0.021032
0.023306
0.020801
0.020139
0.020901
0.022655
0.033869
0.033549
0.020410
0.021959
0.021496
0.021109
0.020808
0.021664
0.021605
0.020181
0.021065
0.021930
0.019878
0.020275
0.021435
0.019816
0.020472
0.022773
0.023450
0.021291
0.025610
0.020402
0.019946
0.020275
0.026482
0.032680
0.025323
0.020808
0.026171
0.026692
0.026767
0.020436
0.020467
0.025556
0.021981
0.023443
0.020608
0.020379
0.021111
0.022792
0.021285
0.021487
0.021011
0.024394
0.020704
0.021632
0.020864
0.020597
0.029291
0.020624
0.022823
0.020063
0.021923
0.023538
0.019970
0.023281
0.021892
0.020755
0.021715
0.020116
0.020164
0.023924
0.026117
0.021572
0.027260
0.023346
0.019937
0.022525
0.022986
0.021596
0.020388
0.021412
0.020750
0.023155
0.023922
0.031452
0.023237
0.020769
0.022628
0.026375
0.025060
0.026797
0.020666
0.023981
0.020422
0.020053
0.020223
0.022603
0.020643
0.032765
0.020662
0.035846
0.024848
0.021599
0.020936
0.022742
0.022557
0.020722
0.020982
0.020769
0.020866
0.022211
0.019840
0.020770
0.019891
0.020077
0.020382
0.021258
0.019752
0.028506
0.019625
0.024463
0.013289
0.019967
0.021365
0.018367
0.019981
0.018419
0.021240
0.025070
0.035864
0.042849
0.025136
0.027942
0.026670
0.018044
0.032987
0.022445
0.030519
0.034888
0.032753
0.029258
0.033370
0.024832
0.019052
0.021266
0.039361
0.020958
0.020344
0.024121
0.027446
0.021143
0.035336
0.020105
0.019941
0.020319
0.042476
0.027722
0.025424
0.028215
0.019639
0.019801
0.021227
0.017134
0.019682
0.019240
0.021829
0.023353
0.020178
0.016647
0.018849
0.014835
0.013442
0.013348
0.016316
0.016231
0.018610
0.016808
0.018367
0.016706
0.016116
0.016393
0.017095
0.017916
0.018467
0.018477
0.018382
0.019772
0.019035
0.019388
0.020351
0.025359
0.021660
0.021105
0.020766
0.021563
0.020685
0.022572
0.020855
0.020217
0.022708
0.022399
0.020571
0.021481
0.020793
0.020879
0.020641
0.023351
0.022560
0.020944
0.020973
0.021066
0.020462
0.020576
0.024611
0.019748
0.021305
0.020789
0.020604
0.020549
0.020831
0.025058
0.020991
0.021873
0.020715
0.020399
0.021429
0.022090
0.019545
0.021723
0.022177
0.022274
0.020765
0.022983
0.021577
0.025005
0.020840
0.024502
0.021788
0.022205
0.025286
0.020990
0.016973
0.021975
0.021335
0.022176
0.023374
0.022857
0.021412
0.024469
0.020985
0.026135
0.020604
0.021399
0.021874
0.021514
0.027221
0.020985
0.024326
0.021689
0.021760
0.029650
0.027517
0.020307
0.020698
0.020343
0.019758
0.021004
0.020152
0.020088
0.024572
0.020594
0.019841
0.019719
0.023760
0.019792
0.019970
0.020238
0.019187
0.025387
0.026747
0.019659
0.020719
0.019539
0.025658
0.019397
0.019064
0.018719
0.019578
0.019452
0.019179
0.019732
0.020066
0.019811
0.019048
0.018740
0.018746
0.018800
0.019246
0.022298
0.020422
0.021522
0.019698
0.019393
0.019420
0.019393
0.019408
0.020056
0.024970
0.020460
0.021647
0.020350
0.019865
0.019725
0.019456
0.019497
0.019627
0.022397
0.022020
0.019436
0.023909
0.019416
0.019361
0.019403
0.019406
0.019402
0.019855
0.022640
0.021225
0.021695
0.022883
0.022334
0.023921
0.024642
0.030133
0.026179
0.021964
0.019311
0.021944
0.022644
0.021407
0.020851
0.020850
0.021695
0.017832
0.019669
0.017066
0.017816
0.017272
0.017382
0.018192
0.017185
0.016900
0.019127
0.019317
0.017246
0.022610
0.024585
0.017435
0.017419
0.017076
0.017691
0.022726
0.019284
0.017628
0.017508
0.017208
0.017003
0.018058
0.017205
0.016745
0.016978
0.021766
0.022107
0.017187
0.017507
0.020573
0.019611
0.018966
0.017452
0.017123
0.017063
0.020511
0.021791
0.017634
0.018494
0.017271
0.017248
0.017530
0.018125
0.017950
0.018358
0.018847
0.018394
0.017513
0.017334
0.017094
0.017226
0.016960
0.019043
0.019648
0.017899
0.020259
0.020737
0.019384
0.019976
0.019418
0.017968
0.018780
0.017919
0.017803
0.015624
0.018281
0.016142
0.017379
0.019786
0.016557
0.017734
0.021474
0.016976
0.017543
0.018390
0.018281
0.017666
0.017668
0.017906
0.017608
0.017625
0.020682
0.020832
0.018760
0.020008
0.017873
0.018989
0.017796
0.021619
0.018455
0.036821
0.025773
0.024816
0.022638
0.021151
0.020888
0.025035
0.023989
0.027666
0.024638
0.026330
0.019655
0.018486
0.018169
0.020647
0.018054
0.017573
0.017964
0.017928
0.021464
0.019909
0.019167
0.018330
0.017540
0.018025
0.018539
0.017755
0.017906
0.017592
0.017746
0.019502
0.020607
0.018417
0.018876
0.019104
0.018820
0.018350
0.018364
0.018243
0.020183
0.020340
0.018690
0.018946
0.018820
0.018455
0.018953
0.018342
0.018291
0.018250
0.019088
0.023972
0.018687
0.018504
0.019005
0.018413
0.018544
0.018261
0.018336
0.018392
0.020050
0.019525
0.017073
0.014954
0.012701
0.013315
0.013640
0.013169
0.013111
0.013165
0.013094
0.013165
0.013190
0.014101
0.016428
0.014370
0.014184
0.015512
0.015010
0.014801
0.014857
0.014762
0.014519
0.014528
0.014449
0.014470
0.021078
0.014725
0.022199
0.014926
0.015917
0.016007
0.017838
0.016136
0.019212
0.019430
0.020491
0.027313
0.015954
0.015953
0.017020
0.019259
0.019468
0.019103
0.019584
0.020774
0.026727
0.018081
0.015599
0.015609
0.015931
0.016223
0.017164
0.019237
0.020975
0.018480
0.024506
0.015411
0.015786
0.015340
0.015591
0.015391
0.017861
0.016927
0.018790
0.016106
0.015746
0.018835
0.015798
0.016025
0.015946
0.018380
0.017594
0.016117
0.015742
0.015164
0.015103
0.015115
0.017540
0.016586
0.015330
0.015869
0.015432
0.016804
0.016103
0.019162
0.016595
0.016756
0.016761
0.016999
0.016791
0.016373
0.017390
0.018120
0.017083
0.016530
0.017200
0.016384
0.015926
0.017926
0.023672
0.016430
0.016550
0.018857
0.027598
0.019196
0.019366
0.018635
0.020082
0.017167
0.018275
0.016539
0.016097
0.018011
0.018375
0.017012
0.016674
0.017501
0.016230
0.016566
0.016289
0.018625
0.018843
0.023405
0.017173
0.032422
0.019508
0.019134
0.016046
0.016205
0.024181
0.017317
0.016365
0.016511
0.015984
0.016194
0.019549
0.016780
0.017749
0.017659
0.016814
0.016950
0.020245
0.017759
