0.399691
0.026551
0.027220
0.027121
0.030446
0.026257
0.025913
0.029452
0.032425
0.028647
0.029450
0.029880
0.029129
0.025381
0.030798
0.031224
0.031044
0.031757
0.024836
0.026425
0.037018
0.032075
0.030478
0.035951
0.035546
0.031667
0.034213
0.033072
0.030436
0.027882
0.023164
0.023999
0.046502
0.029204
0.031942
0.032734
0.029998
0.022184
0.027396
0.020366
0.029494
0.026281
0.043012
0.029876
0.025767
0.019282
0.030695
0.025664
0.029688
0.025939
0.040974
0.025757
0.025872
0.030243
0.024435
0.024619
0.043901
0.032013
0.024396
0.042464
0.025929
0.024570
0.025097
0.035002
0.030493
0.031308
0.033712
0.028473
0.029019
0.029043
0.034168
0.031216
0.028761
0.028613
0.031775
0.029762
0.036197
0.036719
0.038695
0.034527
0.034581
0.035680
0.039528
0.034736
0.036074
0.039218
0.043148
0.037809
0.036524
0.035790
0.036744
0.039449
0.036745
0.034703
0.036699
0.035281
0.041045
0.036331
0.043698
0.036760
0.036064
0.035941
0.043285
0.036688
0.037635
0.037827
0.026493
0.038856
0.029351
0.022863
0.016434
0.020107
0.017532
0.021242
0.020675
0.020985
0.021498
0.026196
0.027762
0.028730
0.022807
0.021627
0.023567
0.020982
0.021352
0.021468
0.021348
0.022038
0.021679
0.022183
0.023187
0.019160
0.018368
0.018308
0.018081
0.018058
0.023291
0.018987
0.018464
0.019116
0.017980
0.018079
0.023423
0.025287
0.026203
0.025816
0.025899
0.031399
0.032197
0.033379
0.031893
0.032142
0.031893
0.033015
0.033768
0.033470
0.035979
0.033799
0.045215
0.026153
0.033119
0.039602
0.035262
0.033125
0.042162
0.037441
0.034918
0.038007
0.034626
0.039766
0.021374
0.029561
0.022873
0.023263
0.038065
0.035486
0.024959
0.020275
0.024505
0.023381
0.029822
0.028615
0.030148
0.033464
0.038431
0.032532
0.032408
0.035187
0.031183
0.033070
0.032794
0.033906
0.033704
0.032662
0.032701
0.033446
0.035292
0.032540
0.048524
0.048953
0.048758
0.047084
0.048331
0.046722
0.022177
0.023527
0.027783
0.024272
0.024896
0.024100
0.024773
0.030366
0.025278
0.026083
0.028366
0.029359
0.026572
0.025015
0.024229
0.024785
0.030039
0.025663
0.024330
0.042395
0.025982
0.031812
0.029552
0.027565
0.024723
0.024666
0.026526
0.043899
0.028821
0.041615
0.033925
0.033548
0.034133
0.035638
0.049160
0.026702
0.028062
0.029512
0.030557
0.017169
0.015712
0.018699
0.017098
0.017794
0.023102
0.029504
0.030282
0.024645
0.018837
0.023447
0.028503
0.021830
0.012203
0.012043
0.011445
0.021501
0.011350
0.014837
0.012067
0.012563
0.013107
0.025771
0.013587
0.013329
0.014610
0.011573
0.016118
0.012260
0.021138
0.022244
0.024425
0.020697
0.015761
0.015644
0.032310
0.015428
0.016675
0.030102
0.020194
0.019465
0.015616
0.012867
0.015349
0.016088
0.014323
0.013069
0.015181
0.015976
0.013093
0.016936
0.016409
0.015572
0.016378
0.015513
0.039424
0.025298
0.016315
0.017940
0.015674
0.015634
0.020074
0.016051
0.018718
0.015927
0.015553
0.015575
0.019006
0.015793
0.023318
0.029920
0.031245
0.016461
0.015871
0.016084
0.017209
0.017709
0.020908
0.018413
0.022094
0.019968
0.021806
0.027516
0.036305
0.035897
0.034185
0.029518
0.039480
0.033739
0.030374
0.026311
0.019150
0.021376
0.020578
0.019519
0.026582
0.037949
0.029540
0.027491
0.026867
0.032633
0.032422
0.037160
0.036193
0.027039
0.031065
0.030144
0.036353
0.035548
0.021770
0.032884
0.023593
0.024283
0.027956
0.025506
0.029404
0.024261
0.024339
0.033910
0.033031
0.024545
0.023996
0.023788
0.036421
0.032578
0.032851
0.038435
0.032542
0.024100
0.024019
0.025177
0.031116
0.026179
0.036370
0.039076
0.030059
0.027998
0.033623
0.026431
0.026110
0.027975
0.027592
0.032182
0.026412
0.031668
0.029866
0.025543
0.028193
0.026513
0.029861
0.031929
0.025503
0.031676
0.026500
0.027073
0.025415
0.027935
0.025877
0.027978
0.030461
0.027871
0.034704
0.034903
0.032884
0.027887
0.029048
0.028618
0.028782
0.030876
0.029979
0.036301
0.030237
0.029917
0.031435
0.032202
0.035071
0.033892
0.040151
0.063397
0.037076
0.037740
0.035999
0.036317
0.040683
0.036056
0.037254
0.035957
0.035863
0.037693
0.033300
0.032488
0.030478
0.030970
0.038214
0.031247
0.032872
0.032145
0.031378
0.032066
0.030335
0.021688
0.018409
0.018268
0.027275
0.023796
0.027679
0.026103
0.030102
0.026449
0.028357
0.025713
0.028488
0.034195
0.025878
0.028999
0.026180
0.025973
0.025694
0.027681
0.026488
0.030865
0.029964
0.036480
0.028545
0.027804
0.021922
0.032497
0.023446
0.026206
0.023042
0.024767
0.022672
0.023713
0.023753
0.026902
0.034188
0.029746
0.023250
0.024565
0.028390
0.024081
0.026873
0.036609
0.026964
0.031183
0.041487
0.041029
0.035301
0.031501
0.031877
0.032349
0.031132
0.028054
0.038165
0.028708
0.030495
0.035111
0.031121
0.039618
0.035216
0.030011
0.027957
0.028311
0.028130
0.027833
0.038270
0.032306
0.034149
0.033449
0.030342
0.030411
0.031776
0.015218
0.017323
0.026539
0.031304
0.025466
0.036893
0.034109
0.036946
0.023760
0.033516
0.026751
0.025006
0.029303
0.023160
0.024693
0.025265
0.023240
0.027759
0.033840
0.022054
0.021354
0.021894
0.021657
0.022408
0.024128
0.022288
0.020166
0.021765
0.020835
0.025410
0.026910
0.025176
0.025893
0.029039
0.024175
0.023901
0.023973
0.025238
0.025024
0.025465
0.025623
0.023868
0.026507
0.023773
0.018301
0.018088
0.018146
0.020660
0.018689
0.022321
0.019124
0.022254
0.019655
0.018698
0.021064
0.024474
0.019695
0.027272
0.019713
0.019566
0.030200
0.023454
0.024450
0.030018
0.019416
0.024196
0.024212
0.024652
0.025547
0.022065
0.022343
0.025357
0.032259
0.028265
0.027723
0.027410
0.027491
0.037672
0.042638
0.034357
0.028126
0.041398
0.043184
0.040497
0.029983
0.028212
0.026069
0.028493
0.033192
0.040354
0.039003
0.019100
0.017327
0.016999
0.017139
0.036059
0.017801
0.017217
0.017172
0.020705
0.024508
0.026646
0.022233
0.021313
0.023747
0.025810
0.025834
0.020930
0.030460
0.027573
0.027870
0.029171
0.033387
0.032993
0.032734
0.031464
0.035902
0.032962
0.038545
0.035506
0.037141
0.033527
0.036856
0.032932
0.034766
0.033036
0.036740
0.040994
0.040380
0.030076
0.034480
0.033382
0.032268
0.030078
0.039466
0.033508
0.030727
0.030918
0.030358
0.033520
0.029950
0.032911
0.031950
0.030754
0.030106
0.029860
0.030557
0.028651
0.024057
0.023084
0.022719
0.025818
0.025693
0.029622
0.025118
0.036328
0.037124
0.030558
0.032993
0.031024
0.031583
0.030341
0.030873
0.019465
0.012885
0.010779
0.011140
0.012958
0.015376
0.024883
0.018009
0.015954
0.015788
0.016667
0.025390
0.034749
0.022814
0.020215
0.019979
0.020621
0.021574
0.022178
0.035417
0.032073
0.025225
0.026378
0.027278
0.027563
0.030944
0.029423
0.017038
0.017914
0.024570
0.026585
0.019295
0.017030
0.019275
0.019568
0.025647
0.033393
0.031266
0.032900
0.032859
0.022868
0.022125
0.019280
0.020236
0.025423
0.022753
0.019484
0.019095
0.019538
0.019489
0.019160
0.019630
0.021300
0.014066
0.014055
0.014539
0.014773
0.018503
0.015396
0.016315
0.024892
0.014990
0.015309
0.014665
0.015094
0.015215
0.017359
0.015580
0.015217
0.014467
0.015636
0.016486
0.018471
0.019876
0.016604
0.016603
0.018986
0.016376
0.026910
0.019980
0.017466
0.020701
0.016943
0.017639
0.016544
0.017654
0.021614
0.024043
0.027935
0.024125
0.024008
0.036793
0.029138
0.024373
0.023694
0.025985
0.023866
0.038325
0.024010
0.026214
0.039222
0.024222
0.023744
0.023645
0.024635
0.026162
0.024603
0.024195
0.025196
0.031875
0.027759
0.026188
0.026142
0.037060
0.027155
0.028082
0.031096
0.025970
0.027890
0.027292
0.026924
0.026112
0.025968
0.030480
0.022153
0.020912
0.024792
0.020340
0.020673
0.020373
0.027562
0.022538
0.021411
0.020461
0.023235
0.020401
0.020335
0.024880
0.020528
0.021135
0.016219
0.015502
0.017649
0.022050
0.023675
0.024391
0.022645
0.024040
0.023791
0.025558
0.025161
0.028439
0.026545
0.025452
0.024889
0.024870
0.024773
0.024894
0.029741
0.030220
0.034044
0.035625
0.033489
0.033000
0.032973
0.031976
0.021756
0.027256
0.028261
0.028616
0.030282
0.032735
0.030727
0.034829
0.029973
0.030023
0.030416
0.031320
0.022576
0.024659
0.023091
0.015735
0.018351
0.024821
0.023515
0.023058
0.023098
0.024327
0.023551
0.026089
0.023929
0.022793
0.020261
0.020791
0.020810
0.021328
0.021034
0.020456
0.025161
0.022154
0.031490
0.030294
0.030490
0.032359
0.023346
0.022415
0.024340
0.025055
0.024099
0.029838
0.023066
0.030364
0.025357
0.023958
0.026124
0.031883
0.025854
0.038480
0.035994
0.033564
0.022813
0.023191
0.039435
0.035995
0.033975
0.035650
0.038850
0.032626
0.036535
0.034076
0.023051
0.029590
0.039677
0.037328
0.044060
0.029158
0.031003
0.030007
0.024843
0.024518
0.025649
0.025425
0.021066
0.015476
0.016521
0.018311
0.016826
0.017187
0.017061
0.018501
0.015781
0.017718
0.018767
0.017833
0.016935
0.018316
0.018247
0.016383
0.018566
0.018608
0.017070
0.016118
0.016383
0.021304
0.024621
0.022314
0.021252
0.021810
0.023719
0.023340
0.026938
0.022319
0.025563
0.020808
0.022629
0.021969
0.022248
0.024245
0.023792
0.022476
0.019935
0.019895
0.020642
0.016647
0.020076
0.016839
0.016586
0.017495
0.034930
0.016692
0.016883
0.024451
0.017724
0.017649
0.016845
0.016896
0.016660
0.022285
0.019196
0.017446
0.018220
0.016459
0.016553
0.016629
0.025897
0.016749
0.020585
0.022221
0.020818
0.023363
0.026237
0.024192
0.024117
0.023921
0.028998
0.021659
0.020342
0.022442
0.022109
0.024271
0.026937
0.022860
0.023746
0.022191
0.024137
0.033313
0.022292
0.024888
0.033933
0.026105
0.025115
0.018682
0.019332
0.017888
0.032229
0.026455
0.021688
0.025376
0.019748
0.025682
0.024273
0.019061
0.020950
0.017758
0.019225
0.018244
0.021953
0.019580
0.017691
0.025004
0.017703
0.017244
0.025227
0.031200
0.022378
0.014007
0.033303
0.034951
0.026345
0.018276
0.018820
0.026162
0.031064
0.025586
0.035041
0.024812
0.034658
0.028862
0.039401
0.020970
0.033856
0.024398
0.029925
0.031429
0.018397
0.015262
0.015625
0.018142
0.015219
0.017277
0.025893
0.033445
0.025151
0.033324
0.034596
0.038097
0.026327
0.026159
0.025903
0.027432
0.027031
0.026949
0.027312
0.025926
0.026968
0.030736
0.028161
0.029056
0.028588
0.032862
0.029174
0.028213
0.028461
0.027676
0.029012
0.032526
0.028728
0.030572
0.029411
0.028805
0.029691
0.029206
0.032437
0.032511
0.029823
0.029893
0.020777
0.019033
0.018876
0.018795
0.016764
0.017057
0.019234
0.020105
0.017436
0.017251
0.016857
0.016943
0.019332
0.022126
0.022428
0.022148
0.020859
0.021121
0.030713
0.029679
0.030904
0.028983
0.029369
0.021903
0.021289
0.023222
0.023654
0.021138
0.021063
0.023326
0.021649
0.027885
0.021384
0.021127
0.021826
0.021081
0.021198
0.025253
0.025680
0.024098
0.023984
0.023769
0.024483
0.025669
0.024849
0.026778
0.016337
0.013351
0.021785
0.024866
0.024586
0.021993
0.017212
0.031239
0.025275
0.010449
0.011928
0.016665
0.012720
0.012926
0.011180
0.014859
0.010383
0.011841
0.010288
0.019814
0.032420
0.018749
0.015207
0.012421
0.012151
0.012955
0.015678
0.024323
0.026405
0.025158
0.026875
0.020115
0.034653
0.024763
0.015719
0.012692
0.010758
0.015296
0.012793
0.012880
0.012959
0.013710
0.016289
0.019741
0.018497
0.014401
0.014248
0.015349
0.017432
0.017044
0.015196
0.021582
0.015983
0.017958
0.027468
0.020548
0.019959
0.018174
0.018211
0.026758
0.019828
0.025933
0.026032
0.023588
0.024318
0.026894
0.024949
0.025924
0.024405
0.028086
0.023692
0.026778
0.024566
0.024142
0.023797
0.024433
0.026497
0.024487
0.035629
0.017175
0.023203
0.023196
0.023362
0.025092
0.023571
0.023779
0.025176
0.023193
0.023108
0.032097
0.037207
0.029909
0.038489
0.032134
0.029033
0.030318
0.025866
0.022313
0.021545
0.021126
0.022296
0.029728
0.034214
0.033197
0.031424
0.035006
0.021725
0.019645
0.019892
0.021249
0.020051
0.019817
0.020423
0.019512
0.019863
0.022433
0.026071
0.024394
0.024170
0.023700
0.024610
0.025611
0.024770
0.023642
0.023630
0.032323
0.043304
0.036328
0.024356
0.023800
0.023801
0.025965
0.028322
0.024684
0.024587
0.023605
0.030713
0.024707
0.023812
0.023951
0.025547
0.023703
0.024095
0.025875
0.027091
0.024565
0.024015
0.023639
0.023887
0.027811
0.024864
0.024177
0.024454
0.026823
0.028857
0.028450
0.029297
0.028434
0.030237
0.027784
0.037857
0.032329
0.023075
0.024938
0.032012
0.034419
0.035604
0.037330
0.036912
0.036000
0.035064
0.043812
0.027236
0.025650
0.025167
0.024956
0.027593
0.023911
0.024248
0.022989
0.025883
0.023603
0.022955
0.026684
0.023501
0.028437
0.018809
0.018589
0.024542
0.024662
0.025183
0.027355
0.024125
0.026113
0.025013
0.026650
0.026761
0.024729
0.026047
0.025217
0.024996
0.024719
0.030414
0.027061
0.026957
0.024824
0.025467
0.025179
0.018052
0.018623
0.018660
0.020937
0.021222
0.019285
0.019385
0.019387
0.020160
0.018817
0.018867
0.018682
0.018688
0.026123
0.022162
0.025472
0.024954
0.025958
0.025471
0.025068
0.027262
0.028068
0.027170
0.027998
0.029146
0.029904
0.027185
0.027471
0.029261
0.028497
0.027068
0.029388
0.028379
0.029274
0.028922
0.026923
0.026892
0.026714
0.032870
0.026919
0.028699
0.028116
0.029586
0.030004
0.030315
0.029333
0.041439
0.032068
0.032187
0.033122
0.030984
0.030885
0.030760
0.037102
0.031818
0.031303
0.030994
0.031593
0.041417
0.031809
0.042600
0.035963
0.039923
0.038328
0.033017
0.032590
0.039452
0.037576
0.037025
0.043137
0.032852
0.031458
0.032021
0.031337
0.040092
0.035946
0.036001
0.050668
0.036713
0.020826
0.049713
0.031745
0.029462
0.031728
0.030420
0.029339
0.033170
0.030508
0.029482
0.030622
0.040604
0.031280
0.029418
0.030856
0.031087
0.029911
0.034866
0.030030
0.029367
0.030434
0.032157
0.032171
0.029203
0.029126
0.029922
0.029316
0.029472
0.029216
0.040817
0.029570
0.029658
0.029641
0.031981
0.033647
0.035846
0.039140
0.029883
0.030816
0.030776
0.029684
0.029897
0.033603
0.030378
0.030606
0.029746
0.031245
0.031432
0.031230
0.037409
0.030128
0.030715
0.032710
0.030336
0.030023
0.029745
0.029783
0.033082
0.030246
0.032614
0.029794
0.029706
0.030607
0.029649
0.032291
0.029851
0.029867
0.030467
0.031540
0.030003
0.029990
0.030630
0.022096
0.032140
0.029970
0.029866
0.038669
0.032485
0.030775
0.030525
0.030703
0.030176
0.030256
0.030843
0.031444
0.029715
0.029668
0.030987
0.034132
0.032569
0.032370
0.032668
0.036587
0.041510
0.034148
0.032850
0.031008
0.032555
0.031169
0.031133
0.031935
0.031134
0.032116
0.031991
0.034729
0.033381
0.034373
0.033138
0.034389
0.033626
0.033201
0.035681
0.033859
0.039824
0.037044
0.035948
0.038407
0.036273
0.036200
0.036934
0.037459
0.041891
0.043218
0.040429
0.046353
0.028633
0.029169
0.028093
0.027225
0.027076
0.030015
0.028564
0.041986
0.027117
0.026844
0.027423
0.032715
0.030476
0.032245
0.032193
0.034168
0.031210
0.032050
0.032109
0.033935
0.037928
0.035859
0.036482
0.035861
0.037513
0.035691
0.038850
0.035960
0.036458
0.039922
0.037875
0.034886
0.037130
0.041921
0.042161
0.037374
0.040235
0.038627
0.038522
0.037415
0.040541
0.039659
0.040128
0.041971
0.039876
0.040809
0.039929
0.039588
0.034819
0.036522
0.036744
0.038985
0.039165
0.038712
0.038472
0.039865
0.041756
0.039915
0.040418
0.039201
0.029627
0.042114
0.039492
0.040035
0.040892
0.042390
0.040375
0.039180
0.040137
0.044426
0.040503
0.041891
0.040930
0.040201
0.042102
0.041188
0.040787
0.040264
0.040660
0.037665
0.037770
0.036840
0.038695
0.037078
0.037268
0.040416
0.037509
0.041680
0.041322
0.038089
0.038510
0.038603
0.035739
0.029601
0.037031
0.037506
0.033012
0.035395
0.039864
0.038399
0.040425
0.040447
0.039683
0.041135
0.041203
0.039755
0.041006
0.042575
0.040302
0.039433
0.044049
0.041456
0.039783
0.042877
0.039207
0.040166
0.047885
0.040970
0.040415
0.040743
0.042032
0.039132
0.032677
0.037650
0.039465
0.040830
0.043374
0.040335
0.040541
0.042570
0.043117
0.039190
0.040209
0.037376
0.036480
0.032903
0.029194
0.034811
0.033089
0.031649
0.031155
0.031105
0.034260
0.034051
0.033494
0.038822
0.034246
0.033210
0.032162
0.034772
0.035291
0.035197
0.037722
0.037046
0.036115
0.035620
0.036372
0.034448
0.034976
0.034588
0.035444
0.037100
0.035460
0.037420
0.035170
0.019985
0.042853
0.032564
0.034278
0.037364
0.035133
0.039707
0.035602
0.035262
0.040242
0.041299
0.035146
0.037702
0.035881
0.035206
0.035733
0.036185
0.039469
0.048924
0.030757
0.035162
0.042106
0.035740
0.038060
0.038002
0.038936
0.035116
0.037619
0.036306
0.035165
0.040121
0.035395
0.035555
0.038893
0.035445
0.035508
0.037918
0.036582
0.035306
0.036928
0.035560
0.035462
0.036388
0.035627
0.035293
0.038542
0.026159
0.026741
0.025632
0.026027
0.026045
0.025708
0.025967
0.025665
0.027694
0.026243
0.025522
0.027838
0.032853
0.026091
0.025943
0.028197
0.037336
0.038037
0.036333
0.037153
0.035064
0.040844
0.037209
0.038510
0.038786
0.035151
0.036456
0.035220
0.026722
0.036765
0.032600
0.027093
0.027412
0.025429
0.045616
0.031840
0.023319
0.034786
0.032615
0.032416
0.040586
0.033597
0.035983
0.038638
0.042627
0.032891
0.034917
0.036780
0.036595
0.037646
0.033842
0.033179
0.032959
0.035010
0.033545
0.032735
0.034749
0.034586
0.033838
0.032849
0.042014
0.042552
0.043632
0.038508
0.037175
0.043236
0.048792
0.068839
0.044075
0.037230
0.037334
0.036850
0.038783
0.042216
0.038405
0.038028
0.037361
0.039999
0.043132
0.038280
0.046352
0.037339
0.037879
0.038774
0.037767
0.037519
0.038460
0.037502
0.035054
0.036431
0.035144
0.036586
0.035216
0.046491
0.035101
0.035103
0.038495
0.035439
0.035511
0.038826
0.035335
0.037847
0.035039
0.035006
0.036255
0.036387
0.036147
0.043996
0.047997
0.041131
0.037806
0.041710
0.040422
0.037964
0.040152
0.038145
0.038189
0.037580
0.038410
0.038532
0.037821
0.037519
0.038865
0.047574
0.037548
0.043266
0.038420
0.037633
0.037652
0.045007
0.037707
0.042269
0.037722
0.040022
0.040359
0.037671
0.036139
0.037644
0.037124
0.036684
0.035887
0.040574
0.036081
0.038671
0.036030
0.036134
0.035956
0.042682
0.038917
0.039265
0.039411
0.038332
0.038167
0.039949
0.040778
0.038237
0.038266
0.038441
0.039809
0.038594
0.038020
0.037954
0.038907
0.038489
0.038098
0.038531
0.038124
0.038839
0.038631
0.038969
0.037874
0.045614
0.039897
0.038354
0.040279
0.040112
0.038063
0.038786
0.038562
0.038431
0.038091
0.038474
0.040838
0.038204
0.038227
0.039623
0.040992
0.037987
0.038187
0.040084
0.038464
0.038741
0.039406
0.038856
0.037785
0.038427
0.038642
0.040037
0.041603
0.038185
0.038046
0.039942
0.038189
0.039554
0.043683
0.037805
0.041379
0.041897
0.037896
0.039086
0.038414
0.041028
0.044941
0.044610
0.037671
0.040739
0.037947
0.038210
0.037759
0.038553
0.036150
0.036046
0.036767
0.036426
0.040797
0.037489
0.036602
0.037872
0.035666
0.047053
0.038157
0.038546
0.051378
0.039160
0.038808
0.038202
0.038002
0.034848
0.024260
0.034588
0.045507
0.045399
0.046871
0.046324
0.042519
0.044548
0.039857
0.042523
0.031600
0.031857
0.029959
0.031155
0.029595
0.030217
0.031161
0.033114
0.032772
0.035268
0.031933
0.034280
0.032490
0.032171
0.033661
0.032059
0.032215
0.034876
0.035796
0.032278
0.035079
0.033546
0.035148
0.044790
0.048829
0.048267
0.036792
0.039112
0.038673
0.036884
0.038836
0.036012
0.036679
0.037930
0.042486
0.038979
0.038857
0.042882
0.042797
0.042337
0.036621
0.039107
0.031348
0.030907
0.033464
0.032207
0.031250
0.035409
0.031713
0.031001
0.028573
0.023585
0.027772
0.028069
0.027412
0.024148
0.024512
0.026857
0.025209
0.024342
0.025068
0.025105
0.025614
0.027212
0.026779
0.030883
0.046163
0.047720
0.035650
0.035089
0.036555
0.037088
0.035173
0.038996
0.035129
0.039109
0.038450
0.035227
0.037132
0.038162
0.036182
0.036960
0.036047
0.036661
0.036718
0.038735
0.025644
0.035937
0.044841
0.036297
0.037265
0.036665
0.047596
0.040208
0.037188
0.035936
0.035058
0.035236
0.041074
0.035291
0.040726
0.035660
0.035024
0.035211
0.036617
0.037986
0.037206
0.036660
0.035259
0.040579
0.047793
0.035807
0.035238
0.038489
0.031246
0.037704
0.038309
0.035250
0.057343
0.035078
0.036659
0.038011
0.035862
0.035143
0.037759
0.038380
0.035145
0.036174
0.035891
0.027668
0.033642
0.036699
0.035276
0.035049
0.036169
0.035634
0.035829
0.038129
0.048165
0.039109
0.045662
0.036119
0.043682
0.041348
0.036942
0.037660
0.035156
0.044523
0.036728
0.035816
0.035813
0.041147
0.035575
0.035445
0.037292
0.040915
0.050124
0.035773
0.035239
0.037776
0.036246
0.035379
0.035439
0.035793
0.035247
0.035055
0.042315
0.035744
0.035294
0.036347
0.035339
0.035535
0.035363
0.040898
0.036074
0.035249
0.044810
0.048048
0.035713
0.037632
0.035017
0.038357
0.039201
0.047796
0.026852
0.032306
0.028195
0.047685
0.041744
0.044099
0.046724
0.043693
0.044258
0.047163
0.044181
0.044366
0.048862
0.043723
0.048459
0.033414
0.031127
0.023714
0.023080
0.033689
0.029231
0.030515
0.028386
0.026585
0.028559
0.028873
0.027012
0.037547
0.028252
0.027148
0.027064
0.026766
0.025186
0.028154
0.025873
0.029828
0.035942
0.046281
0.036485
0.034017
0.038450
0.035059
0.036767
0.036976
0.035074
0.039298
0.051375
0.032793
0.029452
0.048675
0.031060
0.031905
0.031508
0.033614
0.031626
0.030976
0.035900
0.033267
0.030993
0.033300
0.032362
0.043671
0.033506
0.032773
0.033692
0.032518
0.034036
0.032535
0.030954
0.030929
0.030914
0.031072
0.032767
0.032149
0.033049
0.030844
0.030834
0.035270
0.038614
0.026093
0.032766
0.030825
0.032844
0.034626
0.034053
0.033165
0.033903
0.035375
0.033453
0.034731
0.032885
0.033192
0.041101
0.033198
0.032922
0.036680
0.034374
0.033154
0.035083
0.033091
0.032819
0.034895
0.033783
0.032945
0.034123
0.033796
0.034350
0.038081
0.040223
0.035231
0.034939
0.039449
0.048973
0.032116
0.044405
0.035468
0.035139
0.035587
0.041452
0.036809
0.042218
0.037202
0.041371
0.038304
0.037137
0.041948
0.037898
0.042983
0.037288
0.040662
0.037466
0.045738
0.037225
0.039792
0.037514
0.037596
0.042617
0.047028
0.040473
0.040508
0.040049
0.043914
0.041532
0.040257
0.044834
0.041181
0.040813
0.040195
0.041894
0.040856
0.040497
0.040002
0.040631
0.040988
0.040052
0.040089
0.040728
0.040275
0.040330
0.039971
0.040960
0.041172
0.040079
0.040664
0.029729
0.028893
0.023419
0.035476
0.028461
0.028425
0.029318
0.031244
0.029622
0.029040
0.033571
0.029454
0.029046
0.032767
0.040903
0.029043
0.031861
0.029078
0.031090
0.029054
0.030129
0.030269
0.039762
0.040427
0.033287
0.029370
0.029009
0.028927
0.030383
0.031048
0.029542
0.029193
0.029490
0.035935
0.037495
0.030738
0.031743
0.029235
0.031649
0.029967
0.041401
0.039904
0.042520
0.042821
0.040993
0.044905
0.039902
0.039827
0.055854
0.042016
0.040554
0.035125
0.042184
0.042559
0.045532
0.039968
0.040064
0.042432
0.031094
0.025919
0.027954
0.027244
0.027136
0.029019
0.028819
0.033049
0.044070
0.036240
0.035175
0.034488
0.036026
0.035404
0.043826
0.039146
0.033986
0.035397
0.035383
0.035174
0.045535
0.038018
0.035193
0.036752
0.038202
0.038615
0.040102
0.042292
0.038221
0.038566
0.039846
0.039835
0.038171
0.038001
0.037804
0.040291
0.039796
0.039820
0.038074
0.038024
0.038466
0.039196
0.037889
0.038827
0.041114
0.039323
0.039757
0.042715
0.038039
0.042351
0.038909
0.037919
0.042703
0.038569
0.044278
0.038173
0.040220
0.039442
0.034117
0.037089
0.037704
0.035514
0.039286
0.036206
0.038033
0.037505
0.037165
0.038261
0.049967
0.042818
0.045847
0.042747
0.040141
0.042026
0.040118
0.040055
0.040709
0.042250
0.044843
0.042443
0.046348
0.044646
0.042281
0.045098
0.042162
0.042944
0.049221
0.042540
0.042042
0.045130
0.033171
0.040939
0.039741
0.039157
0.028534
0.030119
0.033173
0.031283
0.032769
0.049290
0.034789
0.033612
0.031356
0.030999
0.038566
0.042049
0.042031
0.035535
0.034022
0.034910
0.030559
0.030741
0.031236
0.042715
0.042457
0.042090
0.042651
0.039284
0.033200
0.027362
0.028697
0.040357
0.039215
0.044267
0.039369
0.039881
0.049530
0.040140
0.039126
0.039264
0.040709
0.040506
0.040445
0.042169
0.039736
0.044390
0.041163
0.040821
0.040567
0.040216
0.040629
0.040849
0.039461
0.039758
0.038189
0.039571
0.041246
0.039743
0.043726
0.042564
0.038900
0.035258
0.039295
0.039625
0.036905
0.039120
0.045006
0.041860
0.039293
0.042467
0.039102
0.039346
0.040931
0.039463
0.039654
0.043571
0.041874
0.043092
0.041894
0.044443
0.041966
0.051136
0.041830
0.046344
0.038873
0.034167
0.036203
0.037154
0.040043
0.039156
0.034202
0.041836
0.040914
0.039713
0.039840
0.040031
0.040229
0.042615
0.041852
0.042071
0.041323
0.039403
0.039753
0.043189
0.039692
0.044031
0.041872
0.043804
0.045863
0.042147
0.042731
0.044087
0.044522
0.042042
0.045059
0.042425
0.045798
0.042344
0.046348
0.041967
0.044769
0.044785
0.042267
0.042865
0.042719
0.044601
0.043644
0.042140
0.042209
0.045974
0.042010
0.042578
0.043761
0.045426
0.042816
0.044990
0.041886
0.043013
0.044177
0.042063
0.044900
0.044099
0.049538
0.042120
0.042335
0.042087
0.042194
0.042425
0.029430
0.034470
0.034016
0.029718
0.027583
0.047722
0.034694
0.025229
0.025706
0.025157
0.027186
0.025039
0.026571
0.025361
0.027745
0.025332
0.025032
0.025347
0.027786
0.029268
0.026118
0.025794
0.028813
0.029155
0.029648
0.026398
0.022739
0.024239
0.033827
0.030560
0.030308
0.025743
0.023665
0.024965
0.024726
0.024694
0.025952
0.029424
0.026585
0.036562
0.035285
0.036584
0.035410
0.035191
0.041980
0.040174
0.042297
0.045540
0.043012
0.043988
0.057669
0.055631
0.042142
0.042102
0.045762
0.045122
0.044155
0.045494
0.041041
0.040063
0.055279
0.044008
0.045341
0.040843
0.040195
0.042498
0.040076
0.039944
0.041444
0.040291
0.040720
0.040972
0.041385
0.044830
0.043057
0.042604
0.044236
0.042541
0.042688
0.043143
0.042234
0.042038
0.043055
0.044942
0.042321
0.041987
0.042241
0.036545
0.038902
0.036206
0.040199
0.039744
0.039454
0.039220
0.039958
0.042011
0.040295
0.039446
0.039203
0.039182
0.040911
0.039242
0.036427
0.040356
0.041504
0.040079
0.041764
0.040406
0.044512
0.040564
0.040234
0.040492
0.039628
0.043062
0.033934
0.035355
0.037229
0.043679
0.052947
0.040143
0.040622
0.040289
0.043482
0.041238
0.039958
0.041009
0.043931
0.040181
0.040430
0.044297
0.040123
0.043071
0.042019
0.044300
0.040356
0.041776
0.051988
0.040034
0.042005
0.040868
0.041095
0.040775
0.044336
0.040209
0.042286
0.041511
0.041979
0.040677
0.041837
0.041123
0.043510
0.040129
0.029397
0.032081
0.032609
0.030065
0.029101
0.028839
0.033416
0.027565
0.022756
0.034989
0.025789
0.026340
0.025806
0.025944
0.026302
0.026980
0.026134
0.027360
0.026270
0.026073
0.029022
0.029571
0.040289
0.042273
0.043224
0.042280
0.042640
0.044673
0.042616
0.045624
0.042156
0.042372
0.045514
0.042056
0.046134
