1
329.7281,334.0028,79.5438,138.9943
331.4389,330.7137,80.1221,139.5726
332.6809,323.9556,79.6383,139.0888
324.8633,337.6380,78.2735,137.7240
323.4810,337.7557,77.0381,136.4886
318.8607,330.6355,80.2785,139.7290
315.4951,325.7699,80.0098,139.4603
315.4310,326.7057,79.1381,138.5886
314.8095,327.5843,80.3810,139.8315
302.7473,334.0220,78.5054,137.9559
294.4302,332.7050,83.1396,142.5901
291.5525,336.3272,80.8951,140.3456
280.3022,335.0770,82.3955,141.8460
274.0443,334.3191,76.9114,136.3619
270.4024,331.1772,79.1952,138.6457
270.1101,330.8849,80.7797,140.2302
270.2978,331.0726,81.4044,140.8549
269.2956,324.0703,78.4089,137.8594
262.3444,330.1192,80.3112,139.7617
257.4623,332.7371,80.0753,139.5258
259.8033,331.5780,75.3935,134.8440
255.7980,334.5727,78.4041,137.8546
256.8026,324.5774,79.3947,138.8452
252.6801,325.9549,83.6398,143.0903
243.6801,331.9549,83.6398,143.0903
239.1067,324.8815,83.7866,143.2370
240.9631,322.2379,79.0737,138.5242
231.9822,338.2570,76.0356,135.4861
225.1811,329.4558,78.6379,138.0884
214.9532,334.2279,74.0937,133.5442
203.4214,309.6961,83.1573,142.6078
201.1713,309.4461,84.6573,144.1078
195.6959,317.9706,87.6082,147.0587
198.7976,318.5724,86.4048,145.8553
190.6713,318.9460,85.6574,145.1079
189.8168,317.5916,85.3664,144.8169
180.6801,312.9549,83.6398,143.0903
183.0772,314.8519,85.8456,145.2961
183.1703,310.4450,85.6595,145.1100
175.0576,311.8323,88.8849,148.3354
174.0870,306.8618,89.8259,149.2764
171.7189,307.9937,89.5622,149.0127
166.5851,305.3599,92.8297,152.2802
160.7974,304.5721,92.4052,151.8557
160.1712,302.4460,92.6576,152.1081
149.7459,306.0206,93.5082,152.9587
147.4546,303.7294,92.0908,151.5413
140.4814,301.7561,92.0372,151.4877
138.3354,305.1102,92.3291,151.7796
137.5280,298.3027,90.9440,150.3945
138.3357,290.6105,90.3286,149.7791
138.0591,288.8339,90.8818,150.3323
137.4451,289.7198,92.1099,151.5604
137.4451,290.7198,92.1099,151.5604
135.2665,289.5413,91.4669,150.9174
133.7309,291.5057,92.5382,151.9887
134.9776,286.7524,93.0447,152.4952
134.9785,288.2533,92.0430,151.4935
134.0511,288.8259,92.8977,152.3482
131.9409,291.2157,93.1181,152.5686
130.1911,288.9659,92.6178,152.0683
126.1372,281.9119,94.7256,154.1761
128.0336,282.3083,94.9328,154.3833
128.3170,282.0917,96.3660,155.8165
126.8852,278.1599,96.2296,155.6801
121.9771,275.2519,98.0458,157.4963
119.7815,275.0563,98.4369,157.8874
117.0711,269.3458,99.8579,159.3084
114.4345,269.7093,101.1310,160.5815
111.8925,264.1672,103.2150,162.6655
105.0376,260.3123,105.9249,165.3754
104.8437,258.6185,104.3126,163.7631
103.7962,257.0710,105.4075,164.8580
103.7439,253.0186,105.5122,164.9627
105.1390,246.4138,108.7220,168.1725
102.3317,247.1065,109.3366,168.7871
97.0291,253.3038,106.9418,166.3923
99.5012,262.2760,102.9976,162.4481
99.3714,266.1462,102.2571,161.7076
94.0408,245.8156,107.9183,167.3689
92.2485,248.0232,106.5031,165.9536
88.8117,237.0865,107.3766,166.8271
82.4273,237.2021,106.1453,165.5958
79.3714,228.6461,107.2573,166.7078
82.1935,231.4682,104.6130,164.0635
79.8045,224.5793,109.3910,168.8415
86.3466,227.1214,102.3067,161.7572
83.3909,224.6656,101.2182,160.6687
88.4123,220.1870,97.1755,156.6260
84.0244,220.2992,100.9512,160.4017
88.6241,219.8988,95.7518,155.2023
84.5895,209.8642,94.8211,154.2716
85.1078,216.8826,94.7844,154.2349
85.3818,214.6566,98.2364,157.6869
82.7189,202.9936,98.5622,158.0127
79.1694,197.4441,98.6612,158.1117
76.1914,178.4661,94.6172,154.0677
75.6739,177.4487,94.6521,154.1026
72.8777,178.1525,97.2446,156.6951
70.2974,163.0721,92.4052,151.8557
64.0870,162.3618,89.8259,149.2764
57.6498,151.4245,87.7005,147.1510
44.5726,125.8473,79.8549,139.3054
47.1186,121.8934,55.7628,115.2133
31.4688,141.7436,69.0623,128.5128
293.3405,153.8900,53.3190,172.2200
138.3405,-54.1100,53.3190,172.2200
293.3405,153.8900,53.3190,172.2200
293.3405,153.8900,53.3190,172.2200
293.3405,153.8900,53.3190,172.2200
293.3405,153.8900,53.3190,172.2200
293.3405,153.8900,53.3190,172.2200
293.3405,153.8900,53.3190,172.2200
293.3405,153.8900,53.3190,172.2200
293.3405,153.8900,53.3190,172.2200
293.3405,153.8900,53.3190,172.2200
62.3405,505.8900,53.3190,172.2200
41.3405,505.8900,53.3190,172.2200
40.3405,505.8900,53.3190,172.2200
293.3405,153.8900,53.3190,172.2200
293.3405,153.8900,53.3190,172.2200
293.3405,153.8900,53.3190,172.2200
293.3405,153.8900,53.3190,172.2200
293.3405,153.8900,53.3190,172.2200
293.3405,153.8900,53.3190,172.2200
293.3405,153.8900,53.3190,172.2200
293.3405,153.8900,53.3190,172.2200
293.3405,153.8900,53.3190,172.2200
293.3405,153.8900,53.3190,172.2200
293.3405,153.8900,53.3190,172.2200
293.3405,153.8900,53.3190,172.2200
293.3405,153.8900,53.3190,172.2200
293.3405,153.8900,53.3190,172.2200
293.3405,153.8900,53.3190,172.2200
293.3405,153.8900,53.3190,172.2200
293.3405,153.8900,53.3190,172.2200
293.3405,153.8900,53.3190,172.2200
293.3405,153.8900,53.3190,172.2200
293.3405,153.8900,53.3190,172.2200
293.3405,153.8900,53.3190,172.2200
293.3405,153.8900,53.3190,172.2200
94.7094,13.4842,42.5812,102.0317
92.0962,18.8710,58.8076,118.2581
114.8003,14.5751,54.3994,113.8499
119.7956,12.5703,76.4089,135.8594
123.6977,18.9724,83.6047,143.0551
142.4489,22.7237,81.1021,140.5526
158.0455,26.8203,88.9090,148.3595
160.7051,38.4799,87.5898,147.0403
148.7991,34.0738,96.4019,155.8524
159.6234,33.3982,98.7532,158.2037
190.4290,30.7037,91.1421,150.5926
143.6600,31.4347,111.6801,171.1306
155.5662,31.3410,116.8676,176.3181
165.1764,31.4511,118.6473,178.0978
171.3835,27.1582,120.2330,179.6835
179.4886,30.7634,118.0228,177.4733
186.3250,34.0998,115.3500,174.8005
191.6882,38.9630,113.6236,173.0741
191.4460,44.7207,114.1081,173.5586
190.6814,42.9561,116.6373,176.0878
190.7845,63.5592,106.4310,165.8815
191.8906,48.6654,113.2187,172.6692
194.9268,48.2016,112.1463,171.5968
207.0603,46.8350,110.8794,170.3300
215.2209,49.4957,105.5582,165.0087
226.1165,33.8912,105.7670,165.2175
222.1857,36.9604,107.6286,167.0791
236.0330,28.8077,106.9340,166.3845
247.2875,28.0623,105.4250,164.8755
239.2045,32.9792,110.5910,170.0415
247.4801,38.7548,107.0398,166.4903
257.6538,38.4286,102.6924,162.1429
281.2283,31.5030,95.5435,154.9940
293.5738,32.3485,92.8524,152.3029
283.0683,32.3430,97.8634,157.3139
289.2227,35.9974,100.5547,160.0052
305.8206,35.5953,101.3589,160.8094
317.9203,40.1950,95.1595,154.6100
314.6743,51.9490,88.6514,148.1019
322.4290,48.7037,91.1421,150.5926
335.1947,46.4694,90.6107,150.0612
338.6305,48.4053,92.7390,152.1895
340.3651,50.1398,91.2699,150.7204
353.4290,46.7037,91.1421,150.5926
356.9291,49.2039,90.1418,149.5923
359.8151,50.5899,90.3698,149.8203
365.7205,56.9952,87.5590,147.0095
364.1712,62.4460,90.6575,150.1080
366.6703,61.9450,90.6595,150.1100
371.0455,60.8202,90.9090,150.3595
376.8071,60.5818,91.3858,150.8363
386.0644,60.8391,92.8713,152.3218
394.6666,68.4413,94.6669,154.1174
389.5511,71.3258,93.8979,153.3484
394.6929,72.9677,95.6142,155.0647
395.5509,73.3256,95.8982,155.3487
397.9644,75.2391,96.0713,155.5218
397.2140,80.4888,96.5719,156.0224
399.2426,81.5174,96.5147,155.9652
405.3740,81.1487,98.2521,157.7026
411.8331,81.6079,96.3337,155.7842
410.9279,86.2027,100.1442,159.5947
411.0557,89.8305,99.8886,159.3391
415.3055,88.0802,101.3890,160.8395
416.7858,84.0606,104.4284,163.8789
419.2352,92.5100,104.5296,163.9801
421.8199,84.0947,108.3602,167.8107
430.2971,100.0718,103.4058,162.8563
431.9211,109.1958,102.1578,161.6083
434.8004,110.5752,102.3992,161.8497
429.0991,97.8738,112.8018,172.2523
433.8777,95.6524,113.2447,172.6952
441.4763,143.2511,99.0473,158.4978
445.4106,149.1854,98.1787,157.6292
433.0129,98.2877,120.9741,180.4246
432.8488,103.1235,120.3024,179.7529
444.4763,164.2511,99.0473,158.4978
448.9397,178.7144,94.1206,153.5711
448.3987,184.6734,93.2027,152.6532
448.1078,189.8826,92.7844,152.2349
444.7881,183.0629,94.4238,153.8743
445.1541,190.4289,92.6917,152.1422
446.4406,191.7154,94.1187,153.5692
446.2791,194.5539,95.4418,154.8923
447.3774,198.6521,95.2452,154.6957
446.3774,203.6521,95.2452,154.6957
446.2865,207.0613,96.4270,155.8775
445.3373,213.1121,95.3254,154.7759
447.3191,215.5939,95.3618,154.8123
448.2974,223.5721,93.4053,152.8558
448.1850,230.9597,94.6301,154.0806
446.3987,236.6734,93.2027,152.6532
448.0920,238.3667,93.8160,153.2665
448.6850,244.9597,94.6301,154.0806
448.1286,251.9034,95.7428,155.1933
449.9796,256.7544,95.0408,154.4913
451.0391,259.3138,94.9219,154.3724
452.5968,264.8716,94.8064,154.2569
448.6881,265.9629,96.6238,156.0743
443.7002,265.4749,97.5996,157.0501
442.4104,272.1851,96.1793,155.6298
448.8829,278.6576,95.2343,154.6848
448.8786,284.6534,94.2428,153.6933
451.1049,305.8797,91.7901,151.2406
458.1703,308.4450,89.6595,149.1100
456.4124,311.6871,90.1752,149.6257
457.8482,315.1229,88.3036,147.7541
461.8224,319.0972,82.3551,141.8056
488.6078,205.8826,82.7844,142.2349
487.6140,204.3887,77.7721,137.2226
490.0859,213.3606,80.8282,140.2787
501.0146,222.2893,68.9708,128.4213
518.3536,237.1283,48.2928,107.7433
270.3405,490.8900,53.3190,172.2200
293.3405,153.8900,53.3190,172.2200
293.3405,153.8900,53.3190,172.2200
293.3405,153.8900,53.3190,172.2200
293.3405,153.8900,53.3190,172.2200
293.3405,153.8900,53.3190,172.2200
293.3405,153.8900,53.3190,172.2200
293.3405,153.8900,53.3190,172.2200
293.3405,153.8900,53.3190,172.2200
293.3405,153.8900,53.3190,172.2200
132.8883,228.6631,48.2234,107.6739
265.3405,62.8900,53.3190,172.2200
264.3405,40.8900,53.3190,172.2200
292.3405,287.8900,53.3190,172.2200
293.3405,153.8900,53.3190,172.2200
302.3405,69.8900,53.3190,172.2200
293.3405,153.8900,53.3190,172.2200
303.3405,40.8900,53.3190,172.2200
293.3405,153.8900,53.3190,172.2200
293.3405,153.8900,53.3190,172.2200
329.3405,330.8900,53.3190,172.2200
335.3405,25.8900,53.3190,172.2200
325.3405,25.8900,53.3190,172.2200
335.3405,25.8900,53.3190,172.2200
357.3405,236.8900,53.3190,172.2200
357.3405,236.8900,53.3190,172.2200
368.3405,243.8900,53.3190,172.2200
311.6881,325.9629,54.6238,114.0743
293.3405,153.8900,53.3190,172.2200
346.3405,243.8900,53.3190,172.2200
293.3405,153.8900,53.3190,172.2200
293.3405,153.8900,53.3190,172.2200
351.3405,185.8900,53.3190,172.2200
293.3405,153.8900,53.3190,172.2200
293.3405,153.8900,53.3190,172.2200
293.3405,153.8900,53.3190,172.2200
436.0516,321.8263,48.8969,108.3474
293.3405,153.8900,53.3190,172.2200
417.3405,367.8900,53.3190,172.2200
412.3405,360.8900,53.3190,172.2200
410.9246,389.6993,41.1509,100.6014
389.0818,375.3565,57.8364,117.2869
374.4024,368.6772,65.1952,124.6457
360.2680,365.5428,67.4639,126.9144
346.8051,361.5798,66.3898,125.8403
337.2956,356.0704,68.4088,127.8593
326.6757,346.9504,72.6486,132.0991
339.9418,335.2165,73.1165,132.5670
331.3495,332.1242,75.3010,134.7515
326.7009,327.9756,77.5982,137.0487
329.8207,326.5955,76.3586,135.8091
328.5479,318.3227,78.9041,138.3546
325.2979,314.0727,79.4042,138.8547
323.3207,318.0955,76.3586,135.8091
320.8292,310.6039,82.3416,141.7921
319.7260,311.0007,81.5480,140.9985
312.6726,312.4473,80.6549,140.1054
307.9214,312.6961,81.1572,140.6077
307.2841,312.5589,81.4318,140.8823
302.8966,312.6714,82.2068,141.6573
291.0455,309.8203,85.9090,145.3595
280.4461,307.7208,87.1078,146.5583
281.0772,308.8519,85.8456,145.2961
278.6967,307.9715,85.6065,145.0570
277.0586,309.8334,83.8827,143.3333
275.8172,307.5919,84.3657,143.8161
281.4875,305.7623,86.0249,145.4754
282.1169,300.3916,88.7663,148.2168
277.9718,308.2465,86.0565,145.5070
275.3522,301.1270,88.2955,147.7460
272.9575,303.2322,87.0851,146.5356
268.3374,298.1121,89.3253,148.7758
265.4854,296.7601,88.0293,147.4798
266.7534,297.0281,87.4933,146.9438
260.1872,304.4619,85.6256,145.0761
251.0906,298.8654,84.8188,144.2693
251.4383,303.7130,82.1235,141.5740
250.4248,304.6995,82.1505,141.6010
241.1746,304.4494,83.6507,143.1012
241.3098,311.0845,79.3805,138.8310
238.5596,311.3344,79.8807,139.3312
235.8090,310.5837,82.3820,141.8325
227.0523,310.8271,81.8954,141.3459
222.4203,306.6950,84.1595,143.6100
220.3023,309.0770,82.3955,141.8460
216.1746,304.4494,83.6507,143.1012
215.5678,306.3425,82.8645,142.3150
214.0666,301.8414,85.8668,145.3173
203.8085,302.5833,84.3830,143.8335
202.2231,301.4979,84.5538,144.0043
199.8749,304.6497,83.2501,142.7006
196.9474,300.2222,84.1051,143.5556
194.9736,302.2483,84.0529,143.5034
190.3573,301.1320,83.2855,142.7360
186.7418,299.0165,82.5165,141.9670
184.8314,303.1062,82.3371,141.7876
180.1057,293.8804,84.7887,144.2392
169.3709,291.1457,86.2582,145.7087
170.5953,287.8701,86.8093,146.2598
160.8867,288.6615,88.2265,147.6770
163.9701,290.2448,88.0598,147.5103
160.3662,291.1409,90.2677,149.7182
151.8504,284.6252,90.2991,149.7496
150.3825,280.1572,91.2350,150.6855
150.1742,278.9489,90.6517,150.1022
147.1167,283.8915,89.7665,149.2171
148.0001,283.2748,89.9998,149.4503
150.2637,281.5384,93.4727,152.9232
148.6464,276.4211,94.7073,154.1578
148.6262,276.9009,94.7477,154.1982
151.4921,274.7669,97.0157,156.4662
147.0481,273.3229,96.9037,156.3542
141.8902,274.6649,95.2197,154.6702
142.4921,272.2669,97.0157,156.4662
138.6850,266.9597,94.6301,154.0806
144.8996,261.1743,96.2009,155.6514
147.6807,260.4554,98.6387,158.0892
143.4292,256.7040,96.1415,155.5920
146.8901,253.6648,99.2198,158.6703
137.5078,249.7825,97.9845,157.4350
141.3963,242.6711,97.2074,156.6579
136.1891,233.9638,99.6218,159.0723
137.0540,233.8288,99.8920,159.3425
135.0301,229.8049,99.9398,159.3903
134.1412,227.9159,99.7177,159.1682
123.8807,231.6554,107.2387,166.6891
106.8757,229.1504,105.2486,164.6991
115.1672,233.9419,107.6657,167.1162
106.9287,230.2035,115.1425,174.5930
135.9212,287.1960,90.1575,149.6080
108.2279,223.0026,115.5443,174.9948
109.2060,225.4807,117.5880,177.0385
141.6713,282.9460,87.6574,147.1080
127.2810,308.5557,82.4381,141.8886
127.9212,295.1960,90.1575,149.6080
123.1681,304.9428,83.6639,143.1144
126.1736,262.4483,101.6528,161.1033
132.4203,265.6950,92.1595,151.6100
115.9330,212.7077,120.1341,179.5846
127.8196,252.5943,104.3609,163.8114
147.4742,253.2489,81.0516,140.5021
150.5331,235.8078,81.9338,141.3843
137.4383,237.7130,82.1235,141.5740
97.3289,164.6037,114.3422,173.7927
83.8683,159.1430,101.2635,160.7140
86.0695,155.8442,109.8611,169.3116
81.3781,145.1528,105.2439,164.6944
82.3384,145.6132,99.3231,158.7736
89.4292,160.7040,96.1415,155.5920
95.7381,166.5129,85.5238,144.9742
86.3508,173.6255,84.2985,143.7490
85.5890,170.8638,79.8220,139.2725
81.0564,165.8312,83.8871,143.3376
75.6485,158.9233,72.7030,132.1535
504.9081,173.6829,73.1837,132.6342
498.3488,169.1235,78.3025,137.7530
491.5732,163.3479,80.8536,140.3041
484.7999,165.5747,83.4001,142.8506
474.3683,174.1431,83.2634,142.7139
467.0414,161.8162,87.9172,147.3676
454.5557,156.3305,87.8886,147.3391
438.8072,143.0820,85.3856,144.8361
432.3898,124.6645,88.2204,147.6709
420.4933,110.7681,89.0133,148.4638
413.2099,104.9846,86.5803,146.0308
403.1068,93.3815,84.7865,144.2370
398.0606,77.3353,88.8789,148.3294
389.2457,71.5205,89.5085,148.9590
385.9330,70.2078,90.1339,149.5844
383.6891,66.9639,89.6218,149.0723
392.9522,63.7270,91.0955,150.5460
386.8897,54.6645,90.2205,149.6710
389.4098,42.1845,92.1805,151.6310
392.1460,37.9208,93.7080,153.1585
392.4499,38.7246,94.1002,153.5507
396.2411,32.5158,94.5178,153.9683
406.0336,33.3083,94.9328,154.3833
412.1739,32.9486,95.6523,155.1028
423.1811,34.4559,95.6378,155.0883
427.5436,36.3184,94.9127,154.3632
437.7376,33.5124,91.5247,150.9753
437.2665,34.5413,91.4669,150.9174
446.7376,32.5124,91.5247,150.9753
457.5247,29.7995,89.9505,149.4010
465.0569,36.3316,81.8863,141.3368
484.4397,58.7144,78.1207,137.5712
493.1198,73.8945,73.7605,133.2110
506.4116,82.6863,77.1768,136.6273
528.0721,105.3468,59.8559,119.3064
75.8496,47.1243,68.3008,127.7513
82.9101,52.6849,82.1798,141.6303
106.4981,35.2729,90.0038,149.4543
146.1972,26.4720,84.6056,144.0561
157.3017,27.0764,87.3966,146.8471
161.5500,34.8247,95.9000,155.3505
185.0568,27.8316,92.8864,152.3369
202.3269,23.1016,94.3463,153.7968
211.3829,33.1576,95.2343,154.6848
214.7390,38.5137,97.5220,156.9725
221.4842,41.2589,96.0317,155.4822
230.2078,44.9825,96.5845,156.0350
243.8193,45.0941,97.3613,156.8118
246.1087,45.8834,97.7826,157.2331
254.3432,46.6180,97.3136,156.7641
257.3842,44.6589,101.2316,160.6821
263.4738,45.2486,100.0523,159.5028
265.1175,53.3922,97.7651,157.2156
269.1598,48.9346,98.6803,158.1308
272.2283,51.5030,95.5435,154.9940
273.8283,54.1030,93.3435,152.7940
276.5734,55.3481,93.8532,153.3038
281.6712,57.9460,91.6576,151.1081
286.4212,54.6959,93.1576,152.6081
289.0455,63.8202,90.9090,150.3595
291.5647,64.3394,91.8707,151.3212
292.5647,66.3394,91.8707,151.3212
299.8014,68.5761,90.3972,149.8477
305.9212,61.1960,92.1576,151.6081
313.3228,51.0975,95.3545,154.8050
316.9953,52.2701,94.0093,153.4598
320.9927,58.7674,93.0146,152.4651
328.3048,63.5796,93.3903,152.8408
330.0511,74.8259,92.8977,152.3482
335.2176,75.9924,92.5647,152.0152
333.6324,87.9071,92.7352,152.1857
341.1305,87.9053,92.7390,152.1895
343.8283,85.1030,93.3435,152.7940
353.0173,87.2920,90.9654,150.4159
352.5580,88.8327,91.8841,151.3346
357.5704,83.8451,96.8592,156.3097
365.0446,82.3194,98.9108,158.3613
375.6984,72.9731,106.6032,166.0537
377.2197,74.4944,107.5607,167.0112
384.2197,75.4944,107.5607,167.0112
391.2788,78.5536,109.4423,168.8929
391.2336,86.5083,106.5328,165.9833
399.5511,121.3259,92.8977,152.3482
405.9409,121.2157,93.1181,152.5686
407.2850,122.5598,92.4299,151.8804
408.8971,115.6719,94.2058,153.6563
414.9427,115.2175,96.1145,155.5650
407.0633,117.8380,96.8735,156.3240
401.0642,102.3390,99.8715,159.3220
397.2648,81.5396,114.4704,173.9209
414.8707,79.6454,116.2586,175.7091
410.6415,89.4163,113.7169,173.1674
420.3061,134.0808,97.3879,156.8383
420.9521,97.2268,113.0959,172.5464
428.9929,109.7677,110.0142,169.4647
427.7314,91.0061,113.5373,172.9878
435.2849,98.0596,109.4303,168.8808
443.0195,104.2942,110.9610,170.4115
445.5519,101.8266,113.8962,173.3467
448.4209,99.6957,117.1581,176.6086
450.0650,109.3398,112.8700,172.3205
438.9761,100.7508,115.0478,174.4984
434.2390,99.5137,117.5220,176.9725
442.1807,100.4554,116.6387,176.0892
442.3854,104.1602,118.2291,177.6796
444.8166,113.5913,115.3669,174.8174
443.9941,115.7689,112.0117,171.4622
441.9034,118.1782,112.1931,171.6436
438.4777,110.7524,118.0447,177.4952
447.7704,109.0451,116.4593,175.9098
447.3892,108.1639,121.2216,180.6721
442.5026,108.2773,122.9949,182.4454
443.8882,115.1629,118.2237,177.6742
442.9129,117.6876,120.1742,179.6247
444.8854,122.1602,118.2291,177.6796
450.9381,124.7129,114.1238,173.5743
456.6642,143.9389,108.6717,168.1222
451.0851,165.3598,111.8299,171.2804
450.4331,165.7079,114.1338,173.5843
448.6239,167.3987,115.7522,175.2027
448.6576,171.4324,115.6848,175.1353
445.9231,178.1979,113.1537,172.6042
449.1100,183.3847,113.7801,173.2306
453.8697,192.1445,113.2606,172.7111
459.0980,194.8728,109.8040,169.2545
452.4839,196.2586,112.0322,171.4827
458.1040,198.3787,108.7920,168.2425
450.1342,203.9089,116.7317,176.1822
453.7750,201.0498,112.4499,171.9004
446.3589,201.6336,115.2823,174.7328
449.5599,202.8347,112.8801,172.3306
448.5051,206.7799,111.9897,171.4402
454.5116,203.2864,107.9768,167.4273
449.7571,210.5319,111.4858,170.9363
455.7050,229.9797,107.5900,167.0405
453.2320,231.0068,107.5359,166.9865
452.0376,233.3123,105.9249,165.3754
452.6510,232.4258,104.6980,164.1485
453.3002,232.5750,105.3996,164.8501
454.2484,234.0232,106.5031,165.9536
461.5215,238.2962,104.9570,164.4075
477.9220,241.1968,97.1560,156.6065
484.4742,241.7490,96.0515,155.5020
487.5474,245.3222,91.9052,151.3557
490.0113,251.2860,86.9774,146.4279
498.6262,262.4009,77.7477,137.1982
509.3459,264.1206,76.3083,135.7588
308.3405,469.8900,53.3190,172.2200
319.3405,476.8900,53.3190,172.2200
330.3405,498.8900,53.3190,172.2200
293.3405,153.8900,53.3190,172.2200
293.3405,153.8900,53.3190,172.2200
293.3405,153.8900,53.3190,172.2200
293.3405,153.8900,53.3190,172.2200
293.3405,153.8900,53.3190,172.2200
293.3405,153.8900,53.3190,172.2200
293.3405,153.8900,53.3190,172.2200
293.3405,153.8900,53.3190,172.2200
293.3405,153.8900,53.3190,172.2200
293.3405,153.8900,53.3190,172.2200
293.3405,153.8900,53.3190,172.2200
253.3405,374.8900,53.3190,172.2200
293.3405,153.8900,53.3190,172.2200
253.3405,374.8900,53.3190,172.2200
293.3405,153.8900,53.3190,172.2200
293.3405,153.8900,53.3190,172.2200
313.3405,345.8900,53.3190,172.2200
139.3405,374.8900,53.3190,172.2200
128.3405,360.8900,53.3190,172.2200
138.3405,346.8900,53.3190,172.2200
293.3405,153.8900,53.3190,172.2200
395.8482,110.6230,62.3036,121.7541
171.3405,345.8900,53.3190,172.2200
378.6536,114.9283,56.6928,116.1433
139.3405,316.8900,53.3190,172.2200
161.3405,316.8900,53.3190,172.2200
368.4240,98.6988,43.1519,102.6024
133.3405,294.8900,53.3190,172.2200
368.3405,447.8900,53.3190,172.2200
504.4428,319.2176,57.1144,116.5649
499.6048,301.8795,67.7904,127.2409
128.3405,244.8900,53.3190,172.2200
489.8083,301.0830,61.3834,120.8339
470.0872,312.8619,56.8257,116.2762
447.1033,315.8781,39.7934,99.2439
357.3405,381.8900,53.3190,172.2200
346.3405,331.8900,53.3190,172.2200
406.3405,331.8900,53.3190,172.2200
406.3405,316.8900,53.3190,172.2200
385.5471,389.3219,34.9057,94.3562
371.8155,365.0902,61.3690,120.8195
349.5341,351.3088,69.9319,129.3824
328.1516,345.9264,73.6967,133.1472
321.7579,362.5327,66.4841,125.9346
312.5078,352.7825,67.9844,127.4349
317.8051,345.5798,66.3898,125.8403
306.0630,338.8377,69.8741,129.3246
301.2759,328.5507,74.4481,133.8986
287.2026,326.9774,84.5948,144.0453
297.7304,326.0051,77.5393,136.9898
277.1047,322.8795,87.7905,147.2410
272.2469,318.0217,88.5061,147.9566
266.9172,314.6920,88.1656,147.6161
264.2834,316.0581,88.4333,147.8838
270.2060,312.9807,89.5880,149.0385
254.2665,309.5413,91.4669,150.9174
263.1853,318.9601,84.6293,144.0798
265.0836,320.3583,80.8328,140.2833
260.0689,315.3436,82.8623,142.3128
253.1379,314.4127,82.7242,142.1747
260.8444,317.6192,80.3112,139.7617
260.6271,316.4019,81.7458,141.1963
256.4383,313.7130,82.1235,141.5740
255.6888,316.9635,80.6225,140.0730
254.6881,312.9629,82.6238,142.0743
255.0477,311.8225,82.9045,142.3550
249.9474,315.2222,84.1051,143.5556
249.3176,314.0923,83.3649,142.8154
251.9214,318.1961,82.1572,141.6077
244.5789,320.3536,82.8422,142.2927
234.3717,314.6465,87.2565,146.7070
218.0842,318.8589,84.8317,144.2822
221.0455,314.8203,83.9090,143.3595
206.8388,314.6136,84.3223,143.7728
199.1045,315.3793,83.7909,143.2414
200.0084,311.2832,83.9831,143.4336
194.5069,309.7817,84.9862,144.4367
197.3168,307.0916,85.3664,144.8169
194.1745,306.4492,85.6510,145.1015
193.9213,303.1960,86.1574,145.6079
190.9297,302.2045,86.1406,145.5911
191.9465,303.2213,86.1070,145.5574
189.3083,303.0830,85.3834,144.8339
189.3275,301.1022,85.3451,144.7956
189.4371,298.7118,86.1259,145.5764
187.4371,296.7118,86.1259,145.5764
183.8387,297.6135,87.3225,146.7730
180.3264,295.1011,87.3472,146.7977
177.5475,294.3223,87.9049,147.3554
168.7955,292.5703,87.4090,146.8595
168.9203,292.1950,87.1595,146.6100
166.6795,288.9542,87.6411,147.0916
159.6713,287.9460,87.6574,147.1080
157.4213,288.6960,87.1574,146.6079
152.4296,290.7043,87.1409,146.5914
152.6713,293.9460,85.6574,145.1079
151.7078,291.9825,86.5844,146.0350
146.2547,292.5295,86.4905,145.9410
144.7746,289.0493,86.4508,145.9013
135.0435,283.3182,87.9131,147.3636
131.4272,282.2020,89.1455,148.5960
129.8685,282.1432,88.2631,147.7136
128.1380,280.9128,88.7240,148.1745
125.9232,275.6980,89.1535,148.6040
124.2459,276.5207,88.5081,147.9586
123.3543,274.1290,88.2915,147.7420
121.9232,270.6980,89.1535,148.6040
120.4294,269.2042,88.1412,147.5917
122.9003,267.1750,89.1995,148.6500
119.6326,266.4073,89.7348,149.1853
118.9583,264.2330,89.0835,148.5340
117.8158,258.0905,88.3685,147.8190
109.8112,258.0859,90.3776,149.8281
105.2665,253.5413,91.4669,150.9174
119.7571,253.5318,88.4859,147.9364
111.6346,250.4093,89.7309,149.1814
104.2696,244.5444,89.4608,148.9113
101.6027,243.3775,87.7946,147.2451
103.0435,239.3182,87.9131,147.3636
104.9294,233.2041,88.1412,147.5917
105.3979,231.6727,88.2042,147.6547
104.5088,233.2835,87.9824,147.4329
100.1234,228.3982,86.7532,146.2037
103.8198,226.5946,88.3604,147.8109
102.7914,226.5661,87.4172,146.8677
109.0435,223.3182,87.9131,147.3636
108.4108,220.1855,86.1784,145.6289
106.0983,221.3730,85.8034,145.2539
109.0198,220.7945,84.9604,144.4109
106.5544,214.8292,82.8912,142.3417
109.6439,215.4187,83.7121,143.1626
111.7562,212.0309,85.4876,144.9381
114.7091,206.9838,84.5819,144.0324
117.8402,204.6150,85.3195,144.7700
121.1659,198.9406,83.6683,143.1188
111.8697,187.6444,87.2607,146.7112
109.8206,184.0954,86.3587,145.8092
104.6406,182.4154,85.7188,145.1693
97.9128,181.6875,85.1745,144.6250
91.6014,177.8761,84.7973,144.2478
86.1950,172.4698,84.6099,144.0604
83.4523,170.7271,83.0953,142.5458
79.4834,163.7581,84.0333,143.4838
74.9708,160.2455,81.0585,140.5090
71.0732,167.8479,80.8536,140.3041
66.7537,160.0285,80.4926,139.9431
55.8796,157.6543,71.2409,130.6914
41.9333,164.7081,60.1334,119.5839
28.5038,148.7785,57.9924,117.4429
453.4203,258.6950,36.1595,95.6100
293.3405,153.8900,53.3190,172.2200
293.3405,153.8900,53.3190,172.2200
243.3405,381.8900,53.3190,172.2200
402.4030,210.6778,70.1940,129.6445
242.3405,316.8900,53.3190,172.2200
368.3405,418.8900,53.3190,172.2200
487.8591,328.1338,53.2819,112.7324
489.7463,323.5211,54.5073,113.9578
322.9070,334.6817,50.1861,109.6366
480.1778,288.4526,59.6443,119.0948
494.1795,293.4543,53.6410,113.0915
455.0207,262.7954,76.9586,136.4091
270.2642,289.0389,86.4717,145.9222
271.1617,271.4365,92.6765,152.1270
262.2262,267.5009,92.5477,151.9982
257.5123,267.2871,86.9753,146.4258
248.0528,256.3276,102.8943,162.3448
235.1791,253.4538,104.6419,164.0924
198.8366,299.6114,72.3268,131.7773
209.9203,301.1950,67.1595,126.6100
419.7015,65.9763,66.5970,126.0475
416.6818,60.9566,53.6363,113.0868
84.3405,360.8900,53.3190,172.2200
439.5457,60.8205,58.9085,118.3590
290.2890,236.5638,74.4219,133.8724
457.9100,61.1847,63.1800,122.6305
323.4673,226.7421,81.0654,140.5159
328.0767,235.3515,68.8466,128.2971
348.6068,231.3815,87.7864,147.2369
342.4850,247.7598,98.0300,157.4805
332.4431,254.7178,95.1139,154.5644
338.6783,275.4531,88.6434,148.0939
363.6603,276.9350,95.6794,155.1299
372.5284,281.8031,84.9433,144.3938
403.2685,291.5432,84.4630,143.9135
407.2632,304.5379,90.4737,149.9242
436.4474,308.2222,84.1051,143.5556
447.0431,332.8179,77.9138,137.3643
453.6930,334.4677,81.6140,141.0645
453.5326,372.8073,59.9349,119.3854
454.9520,380.7267,60.0960,119.5465
461.4228,389.6975,51.1544,110.6049
41.3405,199.8900,53.3190,172.2200
63.3405,229.8900,53.3190,172.2200
278.1851,23.4598,64.6299,124.0804
265.9798,13.2545,78.0404,137.4909
258.4640,11.7387,78.0720,137.5226
258.9495,14.2242,80.1011,139.5516
257.2112,10.4859,81.5776,141.0281
257.1101,10.8849,80.7797,140.2302
257.5940,9.3687,80.8121,140.2626
257.6997,7.9745,79.6005,139.0510
263.7136,7.9883,78.5729,138.0234
267.1126,9.8874,78.7748,138.2253
271.0968,11.8716,77.8064,137.2569
274.9506,9.2254,78.0988,137.5493
279.9733,11.2480,69.0535,128.5040
289.1731,10.9478,70.6538,130.1043
299.2365,17.0113,77.5270,136.9775
301.1742,19.4489,74.6517,134.1022
311.2841,17.5589,81.4318,140.8823
313.2270,16.5018,80.5460,139.9965
316.2270,19.5018,80.5460,139.9965
318.5940,18.3687,80.8121,140.2626
321.2458,17.5206,79.5083,138.9588
327.2488,21.5236,77.5024,136.9529
331.3484,25.1231,76.3032,135.7537
329.0605,23.8352,76.8790,136.3295
333.4835,24.7582,75.0330,134.4836
341.9546,30.2294,72.0908,131.5413
345.6762,42.9510,68.6476,128.0981
341.5484,39.3232,70.9031,130.3536
338.5483,33.3230,72.9034,132.3539
349.5630,38.3377,69.8741,129.3246
343.3207,49.5955,71.3585,130.8090
335.6520,49.4268,74.6959,134.1464
360.0634,54.8381,68.8732,128.3237
369.1331,56.4078,68.7338,128.1843
364.1187,53.8934,72.7626,132.2132
375.3722,63.1470,72.2556,131.7061
376.4189,60.1936,72.1622,131.6127
376.3113,62.0860,74.3774,133.8279
376.5046,63.7794,73.9908,133.4413
368.2555,61.5303,73.4890,132.9395
371.3795,64.1543,71.2409,130.6914
321.5947,59.8694,83.8106,143.2611
316.4035,57.1783,90.1930,149.6435
339.6703,58.4450,86.6595,146.1100
315.4035,62.1783,90.1930,149.6435
332.8989,68.6737,88.2022,147.6527
342.6125,69.3872,93.7751,153.2256
325.0797,75.8544,88.8407,148.2912
375.2836,90.5584,84.4328,143.8833
359.2686,94.0434,82.4627,141.9132
370.0432,96.8179,78.9137,138.3642
368.2685,80.5432,84.4630,143.9135
363.8831,95.6579,82.2338,141.6843
370.1680,104.9428,82.6640,142.1145
412.8235,107.5982,80.3531,139.8036
411.2361,107.5109,83.5278,142.9783
407.6616,108.4364,84.6767,144.1272
399.0704,110.8452,86.8592,146.3097
402.8989,109.6737,88.2022,147.6527
408.5863,117.3611,84.8274,144.2779
411.9833,112.7581,87.0333,146.4838
437.4052,108.1800,89.1895,148.6400
431.0455,96.8203,86.9090,146.3595
450.9780,116.2527,85.0440,144.4945
455.9579,124.2326,88.0843,147.5347
447.6745,131.4492,85.6510,145.1015
442.8793,138.1541,86.2414,145.6919
442.5206,139.2954,86.9588,146.4093
434.3087,145.0835,83.3825,142.8330
441.7834,142.0581,88.4333,147.8838
431.4727,142.7474,85.0547,144.5052
433.4089,139.1836,87.1822,146.6327
444.7230,129.4978,90.5539,150.0044
446.5580,122.8327,91.8841,151.3346
438.5591,130.3339,90.8818,150.3323
441.9488,128.7236,90.1024,149.5529
445.4089,125.1836,87.1822,146.6327
450.5394,134.3141,87.9212,147.3717
443.9887,132.2635,85.0226,144.4731
450.0808,136.8555,79.8384,139.2889
449.3660,135.1408,76.2680,135.7185
453.4690,127.2437,74.0620,133.5125
459.6126,145.3874,65.7747,125.2252
448.4786,151.7534,79.0427,138.4932
458.9776,153.7523,80.0449,139.4954
452.5934,142.3682,78.8131,138.2636
456.1640,151.4388,76.6720,136.1225
458.5070,155.2818,58.9860,118.4365
193.3405,403.8900,53.3190,172.2200
460.4968,161.7715,47.0065,106.4570
204.3405,382.8900,53.3190,172.2200
462.7934,174.0681,51.4133,110.8638
462.0786,184.3533,45.8428,105.2933
450.1827,164.9575,76.6345,136.0850
469.4836,188.2583,69.0328,128.4833
451.4024,170.6772,79.1952,138.6457
460.7805,181.0552,76.4390,135.8895
455.3249,173.0996,69.3503,128.8008
476.4661,191.7408,62.0678,121.5183
479.8113,200.5861,35.3773,94.8278
455.9203,193.1950,65.1595,124.6100
481.8093,215.5841,54.3813,113.8318
476.9798,223.2546,36.0403,95.4908
293.3405,153.8900,53.3190,172.2200
293.3405,153.8900,53.3190,172.2200
293.3405,153.8900,53.3190,172.2200
293.3405,153.8900,53.3190,172.2200
293.3405,153.8900,53.3190,172.2200
73.3405,374.8900,53.3190,172.2200
74.3405,375.8900,53.3190,172.2200
73.3405,381.8900,53.3190,172.2200
84.3405,389.8900,53.3190,172.2200
90.3405,382.8900,53.3190,172.2200
106.3405,375.8900,53.3190,172.2200
106.3405,389.8900,53.3190,172.2200
128.3405,375.8900,53.3190,172.2200
453.5363,88.8111,52.9274,112.3779
451.9727,88.7475,73.0545,132.5050
451.2642,92.0389,74.4716,133.9221
456.5809,100.8557,63.8381,123.2886
453.7574,100.0321,72.4853,131.9358
443.9525,112.2273,73.0949,132.5454
441.2418,118.0165,75.5164,134.9669
436.0456,124.8203,71.9088,131.3593
413.5222,136.2970,63.9556,123.4061
398.5557,140.3305,63.8885,123.3390
183.3405,316.8900,53.3190,172.2200
194.3405,316.8900,53.3190,172.2200
182.3405,316.8900,53.3190,172.2200
293.3405,153.8900,53.3190,172.2200
293.3405,153.8900,53.3190,172.2200
293.3405,153.8900,53.3190,172.2200
293.3405,153.8900,53.3190,172.2200
293.3405,153.8900,53.3190,172.2200
313.9153,159.6900,64.1695,123.6200
293.3405,153.8900,53.3190,172.2200
237.3405,389.8900,53.3190,172.2200
293.3405,153.8900,53.3190,172.2200
293.3405,153.8900,53.3190,172.2200
293.3405,153.8900,53.3190,172.2200
182.3405,258.8900,53.3190,172.2200
293.3405,153.8900,53.3190,172.2200
166.3405,251.8900,53.3190,172.2200
284.4749,150.2496,46.0502,105.5007
318.4301,352.7048,52.1399,111.5904
303.5629,331.3377,62.8741,122.3246
273.3816,329.6563,62.2369,121.6874
273.2396,321.5144,54.5208,113.9713
266.4413,297.7161,74.1174,133.5679
350.8328,372.1075,60.3344,119.7849
351.5043,367.7791,62.9913,122.4418
357.5308,350.3056,68.9383,128.3888
390.5529,345.3276,77.8943,137.3448
374.7015,335.4763,78.5970,138.0475
330.1494,343.9242,68.7011,128.1516
322.5643,344.8390,66.8714,126.3219
323.4041,347.1788,69.1918,128.6423
320.6788,339.4535,70.6424,130.0930
324.4323,335.7071,73.1353,132.5858
311.7555,334.5303,73.4890,132.9395
293.2060,334.4807,75.5880,135.0385
292.2762,329.0510,78.4475,137.8980
284.8207,331.0955,76.3586,135.8091
299.2537,329.5285,77.4926,136.9431
292.9283,332.2031,73.1434,132.5939
276.2776,332.5524,75.4447,134.8952
275.3392,336.6140,75.3216,134.7721
270.4413,337.2161,71.1173,130.5678
271.4216,335.1964,72.1568,131.6073
264.9525,334.2273,73.0949,132.5454
266.0843,337.8590,71.8314,131.2819
265.4922,336.7670,70.0156,129.4661
258.3093,332.0840,72.3815,131.8320
271.3161,336.5909,69.3678,128.8183
266.3442,333.1190,70.3115,129.7620
257.0977,334.8724,69.8046,129.2551
256.9998,337.2746,69.0004,128.4509
253.0456,333.8204,68.9088,128.3593
203.0342,327.8090,81.9316,141.3820
215.9215,329.6963,75.1569,134.6074
184.0378,323.3125,82.9245,142.3750
197.8985,322.6732,81.2031,140.6536
190.3370,319.6118,82.3259,141.7764
230.6443,324.9191,67.7113,127.1618
230.4519,322.2267,68.0962,127.5467
235.0833,320.3580,64.8334,124.2839
238.2555,321.5303,62.4890,121.9395
227.3404,315.6152,64.3192,123.7697
228.4739,309.2487,65.0522,124.5027
220.2466,301.0214,67.5068,126.9573
220.6941,299.9688,68.6119,128.0623
217.6757,282.9504,72.6486,132.0991
227.0488,288.8236,65.9023,125.3528
223.5488,282.3236,65.9023,125.3528
224.3042,273.0789,70.3916,129.8421
219.5726,261.3474,72.8547,132.3052
214.8349,252.6096,74.3302,133.7807
508.3209,289.5956,61.3582,120.8087
500.6465,277.9212,68.7071,128.1576
92.4576,281.7324,75.0847,134.5352
89.1828,281.9575,76.6345,136.0850
495.7224,281.9971,74.5552,134.0057
496.9137,278.6884,74.1727,133.6232
495.6953,278.9700,66.6095,126.0600
495.3291,278.1039,71.3417,130.7922
495.0871,284.3618,71.8259,131.2764
493.2563,284.0311,74.4873,133.9378
496.5359,289.3106,64.9283,124.3788
499.1300,286.4047,57.7400,117.1905
502.7060,289.9808,54.5880,114.0385
153.6425,258.9172,62.7150,122.1655
500.9821,293.7568,68.0358,127.4863
154.0012,264.2760,58.9976,118.4481
161.5969,252.3716,60.8062,120.2567
152.5272,254.8020,63.9456,123.3961
506.0146,304.7894,66.9708,126.4213
513.2460,309.5207,69.5081,128.9586
511.4010,308.6758,72.1979,131.6485
509.0923,302.3670,78.8155,138.2660
509.7328,301.0076,77.5343,136.9848
511.5929,300.3676,76.8143,136.2648
516.3585,302.1332,74.2830,133.7335
111.1916,236.9664,67.6168,127.0673
123.1719,238.4466,64.6562,124.1067
132.4039,238.1787,61.1921,120.6426
118.8587,239.1335,62.2825,121.7330
112.1500,235.4248,60.6999,120.1504
120.0657,233.8404,51.8686,111.3191
107.8876,225.6623,59.2248,118.6753
98.7626,215.0373,64.4748,123.9253
115.8061,203.5808,74.3879,133.8384
111.5795,207.3543,70.8409,130.2914
117.8586,202.6333,68.2828,127.7333
118.6596,198.9343,67.6808,127.1313
112.0063,201.2810,67.9875,127.4380
131.0487,196.8234,67.9027,127.3532
117.3528,197.1276,70.2943,129.7448
132.9729,199.7476,61.0543,120.5048
137.8083,196.0830,61.3834,120.8339
117.9218,194.1966,66.1563,125.6068
114.4678,192.2426,62.0643,121.5148
107.2487,199.5234,46.5026,105.9531
121.0872,191.8620,50.8256,110.2761
119.1918,186.9666,55.6164,115.0669
194.3405,127.8900,53.3190,172.2200
122.7643,181.0390,58.4714,117.9219
145.4415,182.7163,50.1169,109.5674
117.1953,188.9701,36.6094,96.0599
94.1811,180.4559,49.6377,109.0882
86.8250,172.0998,52.3500,111.8005
77.1059,163.3806,57.7883,117.2388
53.5679,163.3427,54.8641,114.3146
47.7173,169.4920,42.5655,102.0160
193.3405,-18.1100,53.3190,172.2200
193.3405,-18.1100,53.3190,172.2200
183.3405,-24.1100,53.3190,172.2200
293.3405,153.8900,53.3190,172.2200
293.3405,153.8900,53.3190,172.2200
293.3405,153.8900,53.3190,172.2200
293.3405,153.8900,53.3190,172.2200
19.3405,258.8900,53.3190,172.2200
19.3405,258.8900,53.3190,172.2200
19.3405,258.8900,53.3190,172.2200
293.3405,153.8900,53.3190,172.2200
293.3405,153.8900,53.3190,172.2200
293.3405,153.8900,53.3190,172.2200
293.3405,153.8900,53.3190,172.2200
293.3405,153.8900,53.3190,172.2200
293.3405,153.8900,53.3190,172.2200
293.3405,153.8900,53.3190,172.2200
293.3405,153.8900,53.3190,172.2200
293.3405,153.8900,53.3190,172.2200
293.3405,153.8900,53.3190,172.2200
293.3405,153.8900,53.3190,172.2200
368.3405,389.8900,53.3190,172.2200
293.3405,153.8900,53.3190,172.2200
293.3405,153.8900,53.3190,172.2200
40.3405,-17.1100,53.3190,172.2200
57.2894,-12.4358,45.4212,104.8717
8.3405,3.8900,53.3190,172.2200
8.3405,32.8900,53.3190,172.2200
436.7619,352.5367,52.4762,111.9267
455.1269,357.9016,49.7463,109.1968
451.5162,349.2910,51.9676,111.4181
481.7671,358.5419,39.4657,98.9163
385.3405,432.8900,53.3190,172.2200
400.3405,433.8900,53.3190,172.2200
90.1584,-14.5669,47.6833,107.1338
19.3405,54.8900,53.3190,172.2200
122.2643,-11.4610,56.4714,115.9219
138.4631,-18.7621,63.0738,122.5243
164.2538,-14.9715,62.4924,121.9429
169.7906,-8.9347,63.4189,122.8694
148.7538,-3.9715,68.4925,127.9430
172.3710,8.6458,62.2580,121.7085
41.3405,69.8900,53.3190,172.2200
155.6788,3.4535,70.6424,130.0930
182.4215,0.1962,77.1570,136.6075
200.5672,4.8420,72.8656,132.3161
221.4308,8.7055,74.1384,133.5889
225.3518,14.1266,73.2964,132.7469
240.6678,16.4425,77.6644,137.1149
249.9352,24.7099,81.1297,140.5802
248.8338,29.6086,85.3323,144.7828
259.1995,30.4742,88.6010,148.0515
268.8903,32.1650,89.2195,148.6700
277.1615,34.4362,90.6771,150.1276
281.8504,34.1252,90.2991,149.7496
282.8903,38.1650,89.2195,148.6700
280.1326,30.9073,89.7348,149.1853
294.5110,29.2858,91.9780,151.4285
293.9193,27.6940,91.1614,150.6119
285.4933,26.7681,89.0133,148.4638
275.0027,29.2774,87.9946,147.4451
292.8445,28.6193,90.3109,149.7614
289.9035,28.6783,90.1930,149.6435
295.5984,28.3731,92.8033,152.2538
293.1703,29.4450,91.6595,151.1100
285.9241,33.1989,91.1517,150.6022
300.0572,32.8319,90.8857,150.3362
297.3496,35.1243,91.3008,150.7513
299.3134,38.5882,89.3731,148.8236
306.2874,40.0622,88.4252,147.8757
308.1380,40.9128,88.7240,148.1745
306.0415,45.8163,89.9169,149.3674
307.8328,48.6075,90.3345,149.7850
310.8680,52.1427,91.2641,150.7146
315.7233,59.4981,92.5534,152.0039
313.5266,59.3014,92.9468,152.3972
316.5266,70.3014,92.9468,152.3972
318.0399,69.3147,93.9202,153.3707
320.0583,76.8331,94.8834,154.3339
320.1390,80.9138,94.7220,154.1725
323.7143,80.4890,97.5714,157.0219
325.4384,83.7131,99.1233,158.5738
355.4332,68.2079,99.1336,158.5841
358.1834,73.9582,102.6332,162.0837
361.5750,87.3497,102.8501,162.3006
370.0735,93.8482,106.8530,166.3035
375.3892,91.6639,113.2216,172.6721
379.7679,106.5427,108.4641,167.9146
383.9810,99.2557,113.0380,172.4885
391.9045,90.1793,118.1909,177.6414
395.2438,95.0185,123.5125,182.9630
411.6732,164.9480,89.6535,149.1040
414.0577,179.3325,97.8845,157.3350
413.9560,166.2307,107.0880,166.5385
407.7372,178.0119,112.5257,171.9762
416.1108,151.3856,88.7783,148.2288
404.4124,167.6871,90.1752,149.6257
402.1245,174.8992,86.7511,146.2016
404.1850,181.9597,94.6301,154.0806
392.6172,189.3920,92.7655,152.2160
400.1078,182.8826,92.7844,152.2349
395.7496,192.0244,93.5007,152.9512
393.6115,196.8862,94.7770,154.2275
399.9117,230.6864,92.1767,151.6272
402.1497,236.9245,93.7005,153.1510
405.5210,254.2958,87.9579,147.4084
412.1049,247.8797,91.7901,151.2406
428.5618,254.8365,91.8764,151.3270
435.2815,255.0563,98.4369,157.8874
441.4941,258.7688,96.0119,155.4624
442.8042,271.0789,91.3916,150.8421
447.8228,257.5975,95.3545,154.8050
463.2203,258.9950,91.5594,151.0099
475.8206,268.0954,86.3587,145.8092
461.6406,271.4153,85.7188,145.1693
461.9474,272.2222,84.1051,143.5556
477.8493,252.6241,89.3013,148.7518
474.0918,223.8665,96.8165,156.2670
471.5020,235.7767,99.9961,159.4465
465.1703,239.9450,95.6595,155.1100
451.3181,188.5928,109.3638,168.8143
450.3541,214.1289,103.2917,162.7422
451.8534,195.1281,104.2933,163.7438
448.1248,197.8996,103.7504,163.2009
469.7913,209.0660,101.4174,160.8679
463.2302,198.5049,98.5396,157.9901
460.0542,200.3290,97.8915,157.3420
462.5565,208.8313,99.8869,159.3374
453.2117,203.4864,100.5767,160.0272
454.8282,202.6030,95.3436,154.7941
450.5455,200.3202,92.9090,152.3595
456.3161,217.5908,90.3678,149.8183
450.6078,214.8826,91.7844,151.2349
449.2060,215.4807,89.5880,149.0385
448.0854,215.3602,90.8292,150.2797
449.4399,220.7147,90.1201,149.5706
446.1498,229.4245,87.7005,147.1510
447.0041,231.7788,86.9919,146.4424
447.8685,233.6432,88.2631,147.7136
448.8583,238.1331,86.2833,145.7338
450.2015,242.4763,88.5970,148.0475
457.5244,245.2992,85.9511,145.4017
465.0055,247.2802,85.9891,145.4396
466.2328,256.0076,84.5344,143.9849
476.3898,256.6645,88.2204,147.6709
481.9782,261.7530,88.0435,147.4940
487.9718,263.7465,86.0565,145.5070
491.2161,265.9909,86.5678,146.0183
499.9788,262.7535,81.0424,140.4929
507.9141,275.6888,77.1719,136.6224
282.0620,311.3367,79.8760,139.3265
293.7489,336.0237,65.5021,124.9526
304.5690,345.3438,58.8620,118.3125
270.3405,84.8900,53.3190,172.2200
280.3405,98.8900,53.3190,172.2200
302.3405,98.8900,53.3190,172.2200
351.3405,294.8900,53.3190,172.2200
166.3405,127.8900,53.3190,172.2200
204.3405,83.8900,53.3190,172.2200
368.3405,330.8900,53.3190,172.2200
226.3405,113.8900,53.3190,172.2200
417.3405,323.8900,53.3190,172.2200
204.5511,238.3258,50.8979,110.3484
186.3233,233.0980,67.3535,126.8040
193.5522,236.8270,64.8956,124.3461
275.3405,141.8900,53.3190,172.2200
286.3405,142.8900,53.3190,172.2200
208.5992,284.3739,40.8016,100.2521
196.0098,278.7845,64.9805,124.4310
200.4453,279.7200,49.1094,108.5599
293.3405,153.8900,53.3190,172.2200
313.3405,142.8900,53.3190,172.2200
293.3405,153.8900,53.3190,172.2200
293.3405,153.8900,53.3190,172.2200
293.3405,153.8900,53.3190,172.2200
293.3405,153.8900,53.3190,172.2200
293.3405,153.8900,53.3190,172.2200
352.3405,352.8900,53.3190,172.2200
341.3405,367.8900,53.3190,172.2200
293.3405,153.8900,53.3190,172.2200
293.3405,153.8900,53.3190,172.2200
293.3405,153.8900,53.3190,172.2200
293.3405,153.8900,53.3190,172.2200
293.3405,153.8900,53.3190,172.2200
293.3405,153.8900,53.3190,172.2200
368.3405,294.8900,53.3190,172.2200
293.3405,153.8900,53.3190,172.2200
293.3405,153.8900,53.3190,172.2200
293.3405,153.8900,53.3190,172.2200
293.3405,153.8900,53.3190,172.2200
293.3405,153.8900,53.3190,172.2200
293.3405,153.8900,53.3190,172.2200
293.3405,153.8900,53.3190,172.2200
406.3405,316.8900,53.3190,172.2200
293.3405,153.8900,53.3190,172.2200
349.9299,376.7046,46.1403,105.5908
401.3405,287.8900,53.3190,172.2200
322.6005,356.3753,60.7989,120.2494
318.1078,344.8826,68.7843,128.2348
315.5046,337.7794,73.9908,133.4413
310.7103,330.4850,76.5794,136.0299
286.2328,338.0076,80.5344,139.9848
294.2944,336.5691,80.4112,139.8617
278.4859,340.7607,77.0281,136.4786
261.5940,330.3687,80.8121,140.2626
254.7361,328.5109,83.5278,142.9783
262.5551,333.8299,78.8898,138.3403
261.9500,333.7248,79.0999,138.5504
252.2157,335.4905,81.5685,141.0190
256.8917,337.1664,79.2166,138.6671
256.4024,341.6772,79.1952,138.6457
260.2885,340.5632,79.4231,138.8736
253.2841,338.5589,81.4318,140.8823
257.2292,339.5040,78.5416,137.9921
247.1726,336.9473,80.6549,140.1054
253.9776,338.2523,80.0449,139.4954
251.1514,335.9261,79.6972,139.1477
248.1112,335.3860,81.7776,141.2281
199.8573,328.6321,93.2853,152.7358
202.3315,329.6062,94.3370,153.7876
237.1966,334.4713,83.6068,143.0573
231.9910,334.2657,84.0180,143.4685
195.9723,326.2470,89.0554,148.5059
224.9710,329.7457,82.0581,141.5086
226.5871,330.3618,77.8259,137.2764
223.6027,332.8775,75.7945,135.2450
211.5989,333.3737,75.8021,135.2527
212.8341,332.6088,75.3319,134.7824
214.0482,333.8230,73.9035,133.3540
206.9401,330.2148,77.1199,136.5704
204.7981,329.5729,75.4037,134.8542
203.7980,328.5728,77.4040,136.8545
197.7956,324.5703,77.4089,136.8594
198.9215,326.1963,76.1570,135.6075
195.4512,322.7260,77.0976,136.5481
199.5605,320.3352,76.8790,136.3295
199.0822,316.8569,77.8357,137.2862
193.8103,314.5851,77.3793,136.8298
192.8484,310.6231,76.3032,135.7537
193.6578,319.4325,76.6845,136.1350
186.7738,315.0485,75.4524,134.9029
172.2600,308.5348,79.4799,138.9305
161.0342,303.3090,81.9316,141.3820
158.3184,302.0931,81.3633,140.8138
157.9214,296.6961,83.1573,142.6078
159.1346,296.9093,82.7309,142.1814
168.2685,291.5432,84.4630,143.9135
178.0730,289.3477,85.8541,145.3046
166.0611,290.8358,82.8778,142.3283
163.5163,289.2910,77.9674,137.4179
157.1065,291.3813,74.7869,134.2374
163.8585,288.6332,74.2830,133.7335
155.5522,288.8269,73.8956,133.3461
155.5767,286.8514,74.8466,134.2971
155.2776,285.0524,75.4447,134.8952
147.7103,281.4850,76.5794,136.0299
145.0443,280.3191,76.9114,136.3619
143.1353,274.9100,76.7295,136.1799
142.5169,273.7916,78.9663,138.4168
140.1318,266.9066,78.7364,138.1869
136.8092,255.5840,81.3815,140.8320
139.8188,253.5936,80.3624,139.8129
498.9308,258.2055,80.1385,139.5890
492.9997,253.7745,84.0006,143.4511
492.1412,252.4159,84.7177,144.1682
488.1539,249.9286,87.6923,147.1428
485.0336,242.8084,89.9327,149.3832
478.6248,240.8996,92.7503,152.2009
477.7043,244.4791,92.5913,152.0418
473.3009,239.0757,95.3981,154.8486
464.9464,232.2211,96.1073,155.5578
450.8582,240.1330,98.2835,157.7340
447.3326,234.1073,97.3348,156.7853
438.5601,236.3349,94.8797,154.3302
434.6078,230.8826,94.7844,154.2349
431.8127,235.0875,95.3745,154.8250
426.9631,232.2379,98.0738,157.5243
423.4364,226.7112,96.1271,155.5776
420.4064,230.1811,94.1873,153.6378
418.3064,233.0811,95.3872,154.8377
413.1738,229.4485,97.6525,157.1030
401.9662,225.7409,96.0677,155.5182
388.0509,230.3256,95.8982,155.3487
375.4746,231.2493,99.0508,158.5013
369.5926,228.8674,100.8147,160.2652
363.8863,223.6611,102.2273,161.6779
356.2453,224.0201,101.5093,160.9599
353.2269,228.5016,100.5462,159.9967
342.7328,226.0076,98.5344,157.9849
328.6230,220.8977,100.7540,160.2045
323.0096,224.2844,99.9807,159.4312
310.8929,218.6677,102.2141,161.6646
305.8197,212.0945,101.3606,160.8111
298.8914,207.6662,98.2172,157.6677
291.5989,199.3736,96.8022,156.2527
264.6555,188.9303,94.6889,154.1394
254.2319,187.0067,97.5362,156.9866
242.6899,179.9647,99.6201,159.0706
232.6497,179.4245,99.7006,159.1511
205.4930,181.7678,103.0139,162.4644
132.0110,169.2857,131.9781,191.4286
173.7970,178.5717,108.4061,167.8566
150.6078,172.8826,109.7844,169.2349
131.9707,173.7455,107.0585,166.5090
119.7820,178.0567,105.4361,164.8866
89.3582,167.1329,110.2837,169.7342
73.1927,172.9674,104.6146,164.0651
73.7815,182.0563,98.4369,157.8874
41.8814,168.1561,102.2373,161.6878
49.1906,212.4654,72.6187,132.0692
226.8262,337.1010,53.3475,112.7980
203.2314,329.5061,68.5373,127.9878
198.5760,328.3507,67.8481,127.2986
185.1565,316.4312,76.6870,136.1375
174.5097,308.2844,78.9806,138.4311
164.8649,313.6396,75.2702,134.7207
153.3161,320.5909,45.3678,104.8183
152.5267,312.8015,35.9466,95.3971
324.3405,84.8900,53.3190,172.2200
324.3405,69.8900,53.3190,172.2200
293.3405,153.8900,53.3190,172.2200
293.3405,153.8900,53.3190,172.2200
297.3405,76.8900,53.3190,172.2200
157.8836,268.6584,35.2327,94.6832
281.3405,91.8900,53.3190,172.2200
154.9405,253.2153,45.1189,104.5694
30.3405,-25.1100,53.3190,172.2200
164.7969,236.5716,36.4063,95.8568
165.9286,223.2033,34.1428,93.5933
368.3405,389.8900,53.3190,172.2200
357.3405,375.8900,53.3190,172.2200
357.3405,375.8900,53.3190,172.2200
88.6287,-7.0966,50.7427,110.1932
97.4757,-17.7495,66.0486,125.4991
108.9243,-21.3010,73.1514,132.6019
122.2172,-21.0081,74.5657,134.0162
145.2446,-19.4807,74.5108,133.9613
148.9344,-17.2908,75.1311,134.5816
160.6991,-17.0261,78.6018,138.0523
169.1680,-14.0572,82.6640,142.1145
182.9340,-12.7912,81.1320,140.5825
201.8981,-8.8271,83.2037,142.6542
217.4619,-4.7633,85.0761,144.5266
228.1150,-2.1103,87.7701,147.2206
240.0495,4.8243,88.9010,148.3515
247.6825,17.4573,87.6349,147.0854
256.7877,22.5624,90.4247,149.8752
268.0338,25.8086,90.9324,150.3829
276.5040,28.7788,92.9920,152.4425
283.4661,30.7408,92.0678,151.5183
285.5455,34.8202,92.9090,152.3595
290.1852,37.9599,93.6296,153.0801
292.3311,38.1058,93.3378,152.7883
298.4690,38.2437,92.0621,151.5126
303.1527,37.9274,90.6946,150.1451
310.0001,41.2748,89.9998,149.4503
317.8825,41.6572,91.2350,150.6855
317.3812,44.1559,92.2377,151.6882
321.1684,44.9431,93.6632,153.1137
327.5511,42.3259,92.8977,152.3482
332.7992,41.5740,93.4015,152.8520
336.3777,38.6524,94.2446,153.6951
339.1648,37.9396,95.6704,155.1209
340.0995,40.3743,94.8009,154.2514
341.5748,39.8495,94.8504,154.3009
346.8237,36.0984,95.3527,154.8032
350.1886,33.9634,94.6227,154.0732
353.7833,34.0581,93.4334,152.8839
362.6510,34.4258,91.6980,151.1485
359.4988,47.7736,91.0023,150.4528
363.6783,50.4531,88.6434,148.0939
367.2925,48.5672,88.4151,147.8656
374.9272,45.7020,89.1455,148.5960
383.1465,42.4212,89.7071,149.1576
387.4626,42.7374,87.0747,146.5252
398.4497,48.2245,88.1005,147.5510
418.5616,54.8363,88.8769,148.3274
414.1150,46.8897,87.7701,147.2206
416.9522,41.2270,93.0956,152.5461
418.9979,40.7726,95.0042,154.4547
412.3993,51.6740,95.2015,154.6520
410.0401,50.8148,95.9199,155.3704
414.3744,50.1492,96.2512,155.7017
425.0542,49.3290,97.8915,157.3420
424.8134,51.0882,96.3732,155.8237
412.5474,45.3222,90.9051,150.3556
416.9465,51.2213,86.1070,145.5574
432.2998,64.0745,85.4005,144.8510
452.4744,206.2492,90.0511,149.5016
443.3348,200.1096,93.3303,152.7808
442.3610,197.1357,95.2780,154.7285
437.1435,197.9182,96.7131,156.1635
432.9279,202.2027,100.1442,159.5947
431.3008,204.0755,97.3985,156.8490
426.6737,205.9485,98.6526,158.1031
407.4603,215.7350,103.0794,162.5299
396.8311,224.6058,100.3379,159.7884
379.2816,215.5564,94.4367,153.8872
361.4424,221.7172,97.1152,156.5657
342.8464,230.6212,95.3072,154.7576
328.4814,220.7561,92.0372,151.4877
314.8513,226.6261,89.2973,148.7478
303.2318,227.5066,91.5363,150.9868
289.5158,232.7906,91.9684,151.4189
274.6854,233.9602,92.6292,152.0797
257.2975,236.0722,89.4050,148.8555
250.1742,235.4490,89.6516,149.1021
238.5220,240.7968,87.9559,147.4064
224.2696,247.5444,89.4608,148.9113
459.3170,114.0917,96.3660,155.8165
467.1811,129.4559,95.6378,155.0883
193.6580,247.4327,87.6841,147.1346
460.2517,137.0265,89.4966,148.9471
182.3593,255.6340,91.2815,150.7320
178.7035,259.4782,90.5931,150.0436
173.0304,261.3052,88.9391,148.3896
163.3087,271.0835,83.3825,142.8330
162.0160,275.7907,85.9680,145.4185
154.7907,279.0655,78.4186,137.8691
149.8258,272.1006,84.3483,143.7988
143.6216,277.3963,85.7569,145.2074
137.2547,276.5295,86.4905,145.9410
128.5220,275.7968,87.9559,147.4064
113.7679,279.5426,85.4643,144.9148
104.0991,282.3738,76.8018,136.2523
103.6390,282.9138,74.7220,134.1725
464.7955,245.5703,82.4089,141.8594
468.4859,270.7607,77.0281,136.4786
467.1229,276.8976,84.7542,144.2048
465.6173,280.3921,85.7653,145.2158
465.5829,284.8576,86.8342,146.2847
459.3120,287.0867,87.3761,146.8266
451.3583,287.1331,88.2834,147.7339
446.4021,288.1768,85.1958,144.6463
436.1111,289.8859,83.7778,143.2283
435.0761,292.3509,87.8477,147.2982
429.2198,302.9946,84.5603,144.0108
475.1256,142.9004,82.7487,142.1992
420.2750,315.0497,81.4500,140.9005
484.6809,152.9556,79.6383,139.0888
484.6715,159.9462,77.6571,137.1075
490.4217,176.6965,69.1566,128.6071
497.4520,179.7268,58.0959,117.5464
362.3405,432.8900,53.3190,172.2200
390.3405,418.8900,53.3190,172.2200
401.3405,418.8900,53.3190,172.2200
406.3405,418.8900,53.3190,172.2200
401.3405,433.8900,53.3190,172.2200
297.3405,200.8900,53.3190,172.2200
95.3405,142.8900,53.3190,172.2200
325.3405,200.8900,53.3190,172.2200
239.3786,299.6534,73.2428,132.6933
223.7328,310.0076,75.5343,134.9848
218.6312,313.4060,74.7376,134.1881
210.8079,326.5827,67.3842,126.8347
206.5812,343.3559,61.8376,121.2881
197.3510,366.1257,58.2981,117.7486
157.3017,197.0765,48.3966,107.8471
237.3405,83.8900,53.3190,172.2200
141.3982,234.1730,52.2036,111.6541
115.8409,229.6157,54.3181,113.7686
270.3568,7.6315,54.2865,113.7370
264.2437,13.0185,55.5126,114.9631
351.1313,54.9060,42.7374,102.1879
262.0688,27.8436,90.8623,150.3128
266.6078,48.8826,82.7844,142.2349
220.2386,72.5134,80.5228,139.9733
220.6111,77.3858,83.7778,143.2283
156.7239,88.4986,68.5522,128.0027
209.9291,81.7039,90.1418,149.5923
203.6703,88.9450,82.6595,142.1100
142.3602,106.6349,67.2797,126.7302
117.2259,100.0006,71.5482,130.9987
106.6892,108.9639,69.6217,129.0722
140.8112,97.5859,98.3777,157.8282
71.7758,123.0506,64.4484,123.8989
308.1179,143.8927,57.7642,117.2147
233.5605,133.8352,76.8790,136.3295
284.9620,153.2367,52.0760,111.5265
196.2206,130.4953,72.5588,132.0094
181.9789,125.7537,83.0421,142.4926
180.3571,132.6319,69.2858,128.7363
177.1546,133.4294,70.6907,130.1412
160.1135,113.8882,81.7730,141.2235
139.6286,111.4034,80.7428,140.1933
161.6118,101.3866,73.7764,133.2269
149.5456,86.3203,71.9088,131.3593
136.2316,75.5063,76.5368,135.9874
118.5003,69.2751,81.9994,141.4499
113.5564,54.3312,83.8871,143.3376
99.7757,40.5505,83.4486,142.8991
87.3607,41.1355,80.2785,139.7290
81.4456,31.7203,66.1088,125.5593
293.3405,153.8900,53.3190,172.2200
369.5459,376.8206,50.9082,110.3587
363.0321,375.3068,53.9359,113.3864
356.5210,370.7957,56.9580,116.4085
336.9494,368.7241,63.1012,122.5517
331.8912,361.6659,63.2177,122.6682
325.6765,356.9513,66.6470,126.0975
319.0901,347.8648,68.8199,128.2704
309.9546,346.2294,72.0908,131.5413
311.2226,347.4974,69.5547,129.0052
303.9532,343.2279,74.0937,133.5442
303.5871,342.3618,71.8259,131.2764
305.9877,341.2624,72.0247,131.4752
304.0626,341.8373,70.8749,130.3254
301.2984,339.0732,71.4032,130.8537
294.9217,337.1964,70.1566,129.6071
280.9259,337.2006,71.1483,130.5988
278.5456,340.3204,69.9088,129.3593
277.0486,343.8233,68.9028,128.3533
277.9218,342.1965,68.1565,127.6070
273.7982,336.5730,73.4035,132.8540
271.9216,341.1964,72.1568,131.6073
269.6822,338.9570,73.6356,133.0861
262.8033,338.5780,75.3935,134.8440
257.6715,340.9463,75.6570,135.1075
254.9215,340.1963,76.1570,135.6075
252.6755,341.9502,74.6491,134.0996
253.0618,342.8365,72.8764,132.3269
249.1915,343.4663,73.6169,133.0674
243.5482,340.3230,73.9035,133.3540
238.7050,343.9797,71.5900,131.0405
228.1761,343.4508,69.6479,129.0984
226.8249,347.5996,69.3503,128.8008
229.0484,337.8232,70.9031,130.3536
232.0484,334.8231,71.9033,131.3538
221.4413,330.7161,74.1174,133.5679
213.9312,329.2059,78.1376,137.5882
211.9215,327.1962,78.1571,137.6076
207.1703,327.4450,79.6595,139.1100
207.5480,330.3228,76.9039,136.3544
201.9250,326.1998,79.1500,138.6005
197.3193,321.0940,79.3615,138.8120
194.6714,322.9462,79.6571,139.1076
195.5479,327.3227,78.9041,138.3546
189.9214,327.1962,80.1572,139.6077
187.6752,329.9500,76.6495,136.1000
190.1820,328.4567,74.6361,134.0866
185.9250,326.1998,79.1500,138.6005
179.9393,325.2141,79.1214,138.5719
170.4500,324.7248,79.0999,138.5504
162.1820,323.4567,74.6361,134.0866
159.8207,319.5955,76.3586,135.8091
158.0455,311.8203,79.9089,139.3594
152.1884,307.4632,81.6231,141.0736
153.6714,300.9461,81.6572,141.1077
152.9215,302.1962,78.1571,137.6076
145.9215,302.1962,78.1571,137.6076
148.5480,298.3228,76.9039,136.3544
149.8028,293.5775,78.3944,137.8449
150.8341,292.6088,75.3319,134.7824
146.4314,288.7061,77.1372,136.5877
144.3333,289.1080,76.3334,135.7839
147.5605,285.3352,76.8790,136.3295
145.5829,282.3577,76.8342,136.2847
139.9409,283.2156,75.1182,134.5687
132.8229,277.5977,72.3541,131.8046
132.3120,275.0867,72.3760,131.8265
128.4335,272.7083,69.1330,128.5835
128.6717,265.9464,69.6566,129.1071
129.6757,263.9504,72.6486,132.0991
124.3046,266.0793,68.3908,127.8413
128.4263,256.7010,68.1475,127.5980
121.7986,252.5734,68.4028,127.8533
124.5486,245.3233,68.9028,128.3533
122.0550,244.8297,66.8901,126.3406
125.1702,246.4450,63.6595,123.1100
117.3048,243.0796,67.3903,126.8408
121.9345,240.2092,66.1310,125.5815
121.4269,239.7017,64.1462,123.5967
115.8256,235.6003,68.3488,127.7993
110.0890,233.8638,69.8220,129.2725
105.1050,232.8798,70.7900,130.2405
102.5083,227.7831,71.9833,131.4338
105.6499,224.4247,69.7002,129.1507
101.6012,221.3759,73.7976,133.2481
105.2028,217.4776,74.5944,134.0448
108.8229,211.5977,72.3541,131.8046
104.1907,209.4654,75.6187,135.0692
112.2070,201.9818,77.5859,137.0364
110.1184,195.3932,79.7632,139.2137
101.0979,198.8726,76.8043,136.2548
103.6410,198.4158,73.7180,133.1685
106.8782,195.1530,77.2436,136.6941
101.2520,194.5268,75.4960,134.9465
106.5249,191.7996,74.9503,134.4008
101.3690,190.1437,74.2620,133.7125
98.6182,187.3930,74.7636,134.2141
95.6182,181.3930,74.7636,134.2141
91.0979,173.8726,76.8043,136.2548
89.3473,166.1221,77.3053,136.7558
89.0979,167.8726,76.8043,136.2548
89.2520,162.5268,75.4960,134.9465
84.6903,162.9650,76.6195,136.0700
74.5484,159.3232,70.9031,130.3536
71.7214,154.9962,70.5571,130.0076
440.8953,130.6700,64.2095,123.6600
59.3059,154.0806,63.3882,122.8387
55.6799,153.9546,52.6403,112.0908
161.3405,324.8900,53.3190,172.2200
413.2061,144.4809,33.5877,93.0382
392.5457,121.3205,57.9085,117.3590
386.6453,107.4200,61.7095,121.1600
139.3405,317.8900,53.3190,172.2200
293.3405,153.8900,53.3190,172.2200
344.1503,71.9250,51.6995,111.1500
305.3036,57.5784,73.3928,132.8433
95.3405,258.8900,53.3190,172.2200
84.3405,243.8900,53.3190,172.2200
63.3405,214.8900,53.3190,172.2200
51.3405,236.8900,53.3190,172.2200
278.9968,34.7715,47.0065,106.4570
262.5768,19.3515,58.8465,118.2970
277.5955,-8.1297,46.8089,106.2594
19.3405,214.8900,53.3190,172.2200
19.3405,185.8900,53.3190,172.2200
401.3405,404.8900,53.3190,172.2200
390.3405,418.8900,53.3190,172.2200
-2.6595,185.8900,53.3190,172.2200
489.5998,351.3746,49.8004,109.2509
479.5378,348.3125,57.9245,117.3750
476.2915,336.5663,72.4170,131.8675
489.4680,330.2427,75.0640,134.5145
484.1142,328.3889,75.7716,135.2221
487.4308,324.7055,74.1384,133.5889
498.1834,326.9582,64.6332,124.0837
480.9998,325.2746,69.0004,128.4509
471.6410,330.4158,73.7180,133.1685
481.7066,328.9814,69.5868,129.0373
488.9462,329.2210,65.1075,124.5580
504.4225,341.1973,54.1550,113.6055
513.7329,345.0077,50.5342,109.9847
379.3405,461.8900,53.3190,172.2200
384.3405,461.8900,53.3190,172.2200
406.3405,476.8900,53.3190,172.2200
407.3405,490.8900,53.3190,172.2200
41.3405,69.8900,53.3190,172.2200
51.3405,120.8900,53.3190,172.2200
182.7713,15.0460,36.4575,95.9080
40.3405,142.8900,53.3190,172.2200
213.1734,1.4481,46.6532,106.1038
221.7580,-5.9673,61.4841,120.9346
235.7834,12.0581,46.4332,105.8837
241.6064,-0.6189,69.7872,129.2377
239.5732,3.3480,71.8535,131.3040
246.0715,2.8462,74.8570,134.3075
258.5460,21.3207,47.9080,107.3585
274.3167,20.0914,62.3666,121.8171
270.3549,31.1297,58.2902,117.7407
277.4225,37.1973,54.1550,113.6055
280.3942,34.6689,60.2117,119.6622
282.5333,43.8080,61.9334,121.3839
275.2280,41.5028,65.5439,124.9944
297.8237,50.5985,40.3526,99.8031
289.1056,51.3803,53.7888,113.2393
296.5023,46.7771,53.9954,113.4459
299.8591,48.1338,53.2819,112.7324
307.3429,58.1176,45.3143,104.7648
319.4749,51.2496,46.0502,105.5007
332.7086,49.9834,57.5828,117.0333
335.4222,47.6969,59.1557,118.6062
338.3404,44.6152,64.3192,123.7697
330.9419,46.7167,64.1161,123.5666
333.1354,43.4101,69.7292,129.1797
330.4725,50.2473,66.0549,125.5054
335.7498,50.0246,63.5004,122.9509
340.8016,50.5764,68.3968,127.8473
333.8965,51.1713,66.2069,125.6574
338.5363,53.3111,66.9274,126.3779
340.7643,57.5390,62.4715,121.9220
341.4528,54.2276,63.0944,122.5449
339.5440,58.8187,63.9120,123.3625
360.6314,53.4061,71.7372,131.1877
352.5045,61.7792,56.9910,116.4415
353.9716,63.7463,57.0569,116.5074
388.8218,49.0965,74.3565,133.8070
381.2271,54.0019,70.5457,129.9962
391.2015,51.4763,68.5970,128.0475
387.0843,47.8591,71.8314,131.2819
391.3652,48.1400,73.2696,132.7201
398.7722,50.5470,69.4555,128.9060
393.9533,52.7281,70.0934,129.5439
390.3690,47.1437,74.2620,133.7125
389.6214,51.3961,72.7572,132.2077
396.0948,58.3696,69.8104,129.2609
396.7418,61.5166,68.5164,127.9669
401.8663,61.6411,67.2674,126.7179
397.0557,66.3305,63.8885,123.3390
403.4713,66.7460,67.0575,126.5080
404.8409,86.6157,54.3181,113.7686
411.0707,92.8455,46.8585,106.3090
127.3405,345.8900,53.3190,172.2200
128.3405,374.8900,53.3190,172.2200
128.3405,374.8900,53.3190,172.2200
128.3405,375.8900,53.3190,172.2200
128.3405,388.8900,53.3190,172.2200
128.3405,389.8900,53.3190,172.2200
453.1781,116.4528,34.6439,94.0944
442.6841,115.9589,44.6317,104.0822
446.9070,116.6817,50.1861,109.6366
442.8250,120.0998,52.3500,111.8005
455.3953,105.1700,69.2095,128.6600
453.6048,111.8796,67.7904,127.2409
455.7175,108.4923,71.5650,131.0155
449.2015,119.4763,68.5970,128.0475
454.3207,115.5955,71.3585,130.8090
461.0512,114.8260,70.8975,130.3480
465.3016,131.5764,58.3967,117.8472
171.3405,418.8900,53.3190,172.2200
472.2172,117.9919,66.5656,126.0161
471.3716,139.1463,56.2568,115.7073
471.4850,128.2598,70.0300,129.4805
460.1135,151.8883,59.7729,119.2234
452.5472,153.8220,65.9055,125.3560
453.2576,156.5324,64.4848,123.9353
451.2405,157.0152,67.5190,126.9695
448.8058,157.0806,69.3883,128.8388
461.1761,154.4508,69.6479,129.0984
464.2556,153.0304,70.4887,129.9392
478.4033,154.6780,67.1934,126.6439
473.7394,162.5142,64.5211,123.9716
469.9619,163.7367,67.0761,126.5266
479.9414,165.7161,65.1173,124.5678
477.9789,174.2536,66.0422,125.4927
480.0543,180.3291,62.8914,122.3419
469.5472,186.8220,65.9055,125.3560
470.6815,185.9562,65.6371,125.0876
468.3688,181.6436,69.2623,128.7128
477.3602,184.6349,67.2797,126.7302
469.3053,190.5801,65.3893,124.8398
464.9350,192.2097,69.1301,128.5806
473.4414,190.7161,65.1173,124.5678
473.0155,192.2902,63.9690,123.4195
476.5839,190.3587,65.8322,125.2827
475.9220,191.1968,62.1560,121.6065
473.9503,191.7251,66.0993,125.5498
480.3192,189.5940,66.3615,125.8120
489.0138,199.7885,57.9724,117.4229
488.6390,206.4138,54.7219,114.1724
492.3689,212.1436,52.2622,111.7127
495.6703,211.9450,46.6595,106.1100
497.5526,222.3273,45.8949,105.3454
491.7706,227.0453,56.4588,115.9093
503.1059,226.8806,57.7883,117.2388
503.4700,237.2447,63.0601,122.5106
500.1446,237.9194,65.7107,125.1612
507.1650,241.4398,62.6699,122.1204
508.3167,251.0914,62.3666,121.8171
509.5629,260.3377,62.8741,122.3246
527.5851,280.3599,45.8298,105.2803
540.7462,289.0210,45.5076,104.9581
543.1953,286.9700,56.6095,116.0600
561.5513,294.3260,49.8974,109.3479
346.3405,491.8900,53.3190,172.2200
347.3405,498.8900,53.3190,172.2200
293.3405,153.8900,53.3190,172.2200
293.3405,153.8900,53.3190,172.2200
293.3405,153.8900,53.3190,172.2200
293.3405,153.8900,53.3190,172.2200
293.3405,153.8900,53.3190,172.2200
293.3405,153.8900,53.3190,172.2200
293.3405,153.8900,53.3190,172.2200
293.3405,153.8900,53.3190,172.2200
293.3405,153.8900,53.3190,172.2200
293.3405,153.8900,53.3190,172.2200
293.3405,153.8900,53.3190,172.2200
293.3405,153.8900,53.3190,172.2200
293.3405,153.8900,53.3190,172.2200
293.3405,153.8900,53.3190,172.2200
293.3405,153.8900,53.3190,172.2200
293.3405,153.8900,53.3190,172.2200
286.3405,432.8900,53.3190,172.2200
297.3405,425.8900,53.3190,172.2200
457.0504,255.8252,53.8992,113.3497
448.6772,275.9519,62.6456,122.0961
432.6941,258.9688,68.6119,128.0623
427.2957,265.0705,57.4085,116.8590
419.7407,262.0155,58.5186,117.9691
398.6897,266.9644,55.6207,115.0712
384.0306,266.3054,46.9388,106.3893
358.8943,254.6691,53.2113,112.6618
276.3405,272.8900,53.3190,172.2200
237.3405,258.8900,53.3190,172.2200
293.3405,153.8900,53.3190,172.2200
259.3405,243.8900,53.3190,172.2200
242.3405,207.8900,53.3190,172.2200
293.3405,153.8900,53.3190,172.2200
293.3405,153.8900,53.3190,172.2200
293.3405,153.8900,53.3190,172.2200
433.3405,331.8900,53.3190,172.2200
374.0707,390.8455,46.8585,106.3090
351.0871,380.3619,59.8257,119.2762
332.3438,375.6185,64.3125,123.7630
337.9461,374.2208,58.1079,117.5584
331.1834,365.9582,64.6332,124.0837
332.8474,362.1221,59.3053,118.7558
324.9100,353.1847,63.1800,122.6305
318.4174,339.6921,70.1652,129.6158
320.4453,339.7200,69.1095,128.5600
317.5803,333.3551,69.8394,129.2899
306.7499,331.0247,70.5001,129.9506
290.1660,329.4407,70.6680,130.1185
273.8835,329.6583,69.2330,128.6835
273.6613,333.9361,61.6774,121.1279
274.2991,335.5738,63.4018,122.8523
267.9852,333.2599,67.0297,126.4802
267.5911,333.3659,67.8177,127.2682
255.7597,329.5345,68.4805,127.9310
243.2460,330.0207,69.5081,128.9586
242.3909,333.1657,67.2181,126.6686
242.2708,334.5456,64.4583,123.9088
276.7708,345.0455,46.4585,105.9090
262.6536,340.9283,56.6928,116.1433
243.7025,341.4773,57.5949,117.0454
246.5969,337.3716,60.8062,120.2567
520.5707,376.8455,46.8585,106.3090
250.4310,344.2057,44.1381,103.5886
499.3385,386.1133,44.3230,103.7735
484.3103,384.5851,48.3793,107.8298
485.4932,384.7679,42.0137,101.4641
466.7254,379.5001,51.5493,110.9998
460.5462,383.8210,42.9076,102.3581
444.6306,381.4053,48.7389,108.1894
447.2828,385.5575,35.4345,94.8850
434.8093,372.5841,54.3813,113.8318
427.6123,375.3871,54.7753,114.2258
416.8202,371.5949,57.3597,116.8102
409.1789,369.4536,55.6423,115.0928
404.0782,369.8530,49.8435,109.2940
417.3097,378.0844,36.3806,95.8311
357.3405,411.8900,53.3190,172.2200
406.3405,316.8900,53.3190,172.2200
401.3405,316.8900,53.3190,172.2200
474.4932,317.7679,54.0137,113.4642
346.3405,418.8900,53.3190,172.2200
346.3405,403.8900,53.3190,172.2200
469.7185,319.4933,39.5630,99.0135
335.3405,410.8900,53.3190,172.2200
339.6306,369.4053,48.7389,108.1894
342.4372,371.2119,45.1257,104.5762
333.6503,370.4250,51.6995,111.1500
333.2305,366.5052,52.5390,111.9895
329.0845,357.8593,58.8309,118.2814
330.8612,362.6359,55.2777,114.7282
329.5456,346.3204,66.9087,126.3592
324.8044,345.5791,69.3912,128.8417
326.3150,345.0898,65.3700,124.8205
323.6761,334.4508,69.6479,129.0984
323.5294,332.8041,72.9412,132.3917
323.6431,331.4178,72.7138,132.1643
323.5767,330.8514,74.8466,134.2971
324.8868,326.1615,75.2265,134.6770
325.4531,322.7278,76.0938,135.5443
328.3506,329.1254,74.2988,133.7493
334.6822,331.9570,73.6356,133.0861
333.4319,330.7066,75.1363,134.5868
335.5479,327.3227,78.9041,138.3546
344.5594,326.3341,80.8813,140.3318
350.1750,325.4497,79.6501,139.1006
360.5690,325.3438,79.8619,139.3124
362.2955,319.0703,81.4089,140.8594
367.0591,318.8339,81.8818,141.3323
365.9304,318.2051,82.1392,141.5897
365.9304,318.2051,82.1392,141.5897
368.5523,319.3271,81.8954,141.3459
369.4479,317.7227,83.1042,142.5547
371.6801,314.9549,83.6398,143.0903
374.4246,313.6993,84.1508,143.6013
375.4377,312.7124,84.1247,143.5752
374.4875,309.7623,86.0249,145.4754
375.8542,305.6289,86.2917,145.7422
376.8269,299.6017,86.3462,145.7967
385.0517,295.8265,86.8965,146.3470
384.3017,293.0764,87.3966,146.8471
391.2520,290.5268,88.4960,147.9465
406.9957,284.7705,92.0086,151.4591
414.9291,283.2039,90.1418,149.5923
420.9358,277.2105,91.1285,150.5790
422.3354,268.1102,92.3291,151.7796
426.9988,268.7736,91.0023,150.4528
425.5551,269.3298,91.8899,151.3404
428.2727,268.0474,92.4546,151.9051
431.4716,272.2464,91.0567,150.5072
440.6328,257.4075,96.7345,156.1850
443.6458,254.9205,95.7084,155.1589
449.4602,251.7349,97.0797,156.5302
454.9689,245.2437,101.0621,160.5126
456.8502,265.6250,88.2996,147.7501
463.9765,260.2513,91.0470,150.4975
467.1742,261.9489,90.6517,150.1022
469.9052,258.6800,89.1895,148.6400
469.8996,256.1743,87.2008,146.6513
466.8583,259.1331,89.2834,148.7339
462.1914,246.4661,94.6172,154.0677
458.7579,242.5326,96.4843,155.9348
452.9977,235.7725,100.0046,159.4551
458.4778,233.2525,95.0444,154.4949
452.5238,238.2986,95.9524,155.4029
449.9970,232.2717,95.0060,154.4565
440.7029,223.4776,95.5943,155.0448
436.4663,223.7411,93.0673,152.5178
430.7293,222.0040,97.5414,156.9919
426.7293,222.0040,97.5414,156.9919
423.9590,211.7337,96.0821,155.5326
418.9970,200.2717,95.0060,154.4565
416.0530,185.8278,92.8939,152.3444
411.5870,179.3618,89.8259,149.2764
397.3245,162.0992,91.3511,150.8016
384.8953,145.6700,94.2095,153.6600
384.4211,143.1959,96.1577,155.6082
387.0995,133.3743,94.8009,154.2514
379.5900,127.3647,96.8200,156.2705
376.6352,119.9099,99.7297,159.1802
382.5556,110.8303,100.8889,160.3394
386.9273,95.2021,97.1453,156.5958
399.7055,78.4802,97.5890,157.0395
408.5900,76.3647,96.8200,156.2705
418.2145,63.9893,91.5710,151.0215
424.4193,59.1940,91.1614,150.6119
430.1995,61.4742,88.6010,148.0515
436.8793,70.1541,86.2414,145.6919
454.2097,70.9845,83.5805,143.0310
478.3029,70.5777,77.3941,136.8446
489.2642,77.5390,68.4716,127.9221
497.5775,93.8522,67.8451,127.2956
150.3405,440.8900,53.3190,172.2200
357.3405,229.8900,53.3190,172.2200
368.3405,243.8900,53.3190,172.2200
308.0457,333.8205,57.9085,117.3590
318.3117,342.0865,50.3766,109.8271
338.8487,337.6234,50.3027,109.7532
385.4373,317.7120,78.1255,137.5760
413.4699,340.7446,53.0603,112.5108
426.7883,326.0630,69.4234,128.8739
110.5046,26.2794,53.9908,113.4413
115.5300,27.3048,74.9399,134.3904
139.1064,29.3811,69.7872,129.2377
148.3918,23.1666,77.2164,136.6669
161.3514,-3.3738,90.2971,149.7477
180.7225,0.9973,87.5549,147.0054
197.7207,10.4954,88.5586,148.0091
207.4020,12.6767,88.1961,147.6466
221.3767,26.1514,91.2467,150.6971
219.5285,34.3033,92.9430,152.3935
224.9466,40.2213,93.1068,152.5573
221.5879,35.8627,95.8242,155.2747
240.6160,39.3907,95.7681,155.2186
232.9098,42.6845,104.1805,163.6310
250.2697,52.5444,99.4606,158.9111
275.8195,56.5942,94.3611,153.8116
238.1418,56.4165,105.7164,165.1669
272.7849,63.5596,97.4303,156.8808
264.1914,59.4661,100.6173,160.0678
277.8669,62.1416,99.2663,158.7168
284.6927,59.9675,101.6145,161.0650
288.5914,63.8661,102.8172,162.2677
286.8164,70.0911,101.3673,160.8178
312.3161,72.5908,96.3678,155.8183
312.9752,76.2499,96.0497,155.5002
316.4422,78.2170,92.1156,151.5661
300.7328,75.0076,98.5344,157.9849
302.0152,69.7899,100.9697,160.4202
313.7418,75.0165,96.5165,155.9670
344.0813,67.8561,99.8374,159.2879
383.7203,79.4950,86.5594,146.0099
365.8390,69.1137,91.3221,150.7726
345.1262,73.4009,77.7477,137.1982
336.9297,74.7044,73.1407,132.5912
311.2896,75.0644,68.4207,127.8712
325.8087,73.5835,83.3825,142.8330
344.7516,71.5264,86.4968,145.9473
335.8996,73.1743,93.2008,152.6513
309.7782,75.0530,73.4436,132.8941
349.3361,74.6108,91.3279,150.7784
305.7416,86.0163,69.5168,128.9673
305.2876,89.0623,73.4249,132.8754
332.2431,56.5178,81.5139,140.9644
335.4875,70.7623,86.0249,145.4754
323.9045,78.6792,78.1910,137.6415
341.0890,84.8638,69.8220,129.2725
346.3036,85.5784,73.3928,132.8433
349.7277,97.0025,75.5446,134.9951
363.4370,98.2118,75.1260,134.5765
365.5659,90.3407,81.8682,141.3187
366.5168,93.7916,78.9663,138.4168
374.4525,102.7272,75.0950,134.5455
375.8646,110.6394,77.2708,136.7213
372.1756,106.4503,73.6489,133.0994
377.1101,89.8849,80.7797,140.2302
385.7153,102.9900,76.5694,136.0199
388.5535,100.3283,73.8930,133.3435
396.7384,101.0132,71.5232,130.9737
411.5751,80.3498,85.8499,145.3004
413.6390,71.9138,90.7220,150.1725
406.2801,86.5549,83.4398,142.8903
423.5957,78.3705,88.8085,148.2590
433.2978,97.0726,81.4044,140.8549
422.6286,94.4034,86.7428,146.1933
422.2757,100.5505,83.4486,142.8991
427.1396,103.4143,83.7209,143.1714
430.0027,108.2774,87.9946,147.4451
432.5619,117.8367,83.8762,143.3267
429.5041,118.7788,86.9919,146.4424
422.3504,116.1252,90.2991,149.7496
424.5220,120.7968,87.9559,147.4064
421.6742,119.4489,90.6517,150.1022
432.3090,121.5838,91.3820,150.8325
435.0280,123.8027,90.9440,150.3945
430.1722,125.9469,91.6557,151.1062
429.4451,130.7198,92.1099,151.5604
431.0721,139.8468,87.8559,147.3064
435.2571,141.0318,88.4859,147.9364
427.7606,147.5353,87.4789,146.9294
422.5415,154.8162,88.9170,148.3675
419.7905,161.0653,89.4190,148.8695
422.6580,159.4327,87.6841,147.1346
412.6331,161.4079,90.7337,150.1842
424.4461,166.7208,87.1078,146.5583
422.9362,169.2110,89.1275,148.5780
422.3542,177.1289,86.2917,145.7422
425.1229,183.8976,84.7542,144.2048
427.6967,191.9715,85.6065,145.0570
419.0877,195.8624,88.8246,148.2751
420.1955,200.4702,88.6091,148.0596
416.8661,200.6409,90.2677,149.7182
412.4988,199.7736,91.0023,150.4528
405.6742,201.4489,90.6517,150.1022
401.4019,201.1766,91.1963,150.6468
405.6078,205.8826,91.7844,151.2349
407.4638,206.2385,94.0724,153.5229
405.3777,205.6524,94.2446,153.6951
408.2448,210.5195,94.5104,153.9609
410.2300,210.5048,93.5400,152.9905
400.5509,214.3256,95.8982,155.3487
400.0633,215.8380,96.8735,156.3240
397.1096,224.8843,96.7808,156.2313
396.8582,224.6330,98.2835,157.7340
400.4517,224.7265,98.0965,157.5470
409.5509,227.3256,95.8982,155.3487
416.1852,240.4599,93.6296,153.0801
416.5563,244.3311,95.8874,155.3379
410.2128,247.4876,98.5744,158.0249
415.5031,253.7779,101.9938,161.4443
435.4763,266.2511,99.0473,158.4978
449.9344,270.2092,97.1311,156.5816
453.5748,289.8495,94.8504,154.3009
465.5656,283.3403,88.8688,148.3193
466.5331,295.8078,81.9338,141.3843
490.6728,324.9475,51.6545,111.1050
362.9014,120.6762,63.1972,122.6477
380.9504,117.2252,70.0991,129.5496
414.7485,113.5232,82.5030,141.9535
435.9191,123.6938,79.1619,138.6124
473.1095,137.3843,63.7809,123.2314
497.4631,146.2379,63.0738,122.5243
527.5272,149.8020,63.9456,123.3961
528.5665,164.8412,53.8670,113.3175
293.3405,153.8900,53.3190,172.2200
293.3405,153.8900,53.3190,172.2200
293.3405,153.8900,53.3190,172.2200
293.3405,153.8900,53.3190,172.2200
293.3405,153.8900,53.3190,172.2200
293.3405,153.8900,53.3190,172.2200
293.3405,153.8900,53.3190,172.2200
293.3405,153.8900,53.3190,172.2200
293.3405,153.8900,53.3190,172.2200
293.3405,153.8900,53.3190,172.2200
293.3405,153.8900,53.3190,172.2200
293.3405,153.8900,53.3190,172.2200
237.3405,25.8900,53.3190,172.2200
96.7957,253.5705,59.4085,118.8590
110.1731,250.9478,70.6538,130.1043
151.9405,254.2153,45.1189,104.5694
280.3405,98.8900,53.3190,172.2200
259.3405,25.8900,53.3190,172.2200
70.6718,234.9465,67.6564,127.1069
76.4314,243.2061,77.1372,136.5877
91.4927,280.2675,74.0145,133.4650
88.4148,274.1896,84.1704,143.6209
93.1953,266.9700,81.6095,141.0600
111.9877,268.2624,72.0247,131.4752
96.7956,273.0703,76.4089,135.8594
123.2997,291.0744,58.4006,117.8511
103.2361,276.5108,84.5279,143.9784
115.7070,274.4818,77.5859,137.0364
150.8829,255.6577,75.2342,134.6847
139.7849,245.5596,73.4302,132.8807
127.9220,254.6967,63.1561,122.6066
121.1789,252.4536,55.6423,115.0928
293.3405,153.8900,53.3190,172.2200
406.3405,316.8900,53.3190,172.2200
406.3405,316.8900,53.3190,172.2200
372.3141,365.0888,47.3718,106.8223
356.7571,356.0318,52.4858,111.9363
354.2430,349.5178,57.5140,116.9645
344.8307,339.6054,62.3386,121.7891
321.0051,314.7798,72.9898,132.4403
317.7214,325.9962,70.5571,130.0076
311.9532,325.2279,74.0937,133.5442
304.8065,330.0813,72.3870,131.8374
298.0612,333.3359,70.8777,130.3282
276.0342,313.3090,81.9316,141.3820
278.6462,321.9210,78.7076,138.1581
274.3016,325.5764,78.3968,137.8473
272.6462,319.4210,78.7076,138.1581
274.5227,326.2975,75.9545,135.4050
272.4859,323.7607,77.0281,136.4786
267.9424,323.7172,80.1151,139.5656
266.6286,321.9034,80.7428,140.1933
264.2932,329.0679,79.4137,138.8642
265.0271,343.3018,73.9459,133.3964
262.2528,340.0276,73.4943,132.9448
262.0253,338.8000,75.9495,135.4000
266.6028,333.8775,75.7945,135.2450
267.6303,332.9050,76.7394,136.1899
260.0051,334.7798,72.9898,132.4403
253.0721,344.8468,73.8559,133.3064
259.5690,327.3438,79.8619,139.3124
254.6302,333.4049,79.7396,139.1901
250.4389,334.7137,80.1221,139.5726
243.7980,337.5728,77.4040,136.8545
237.5468,337.8216,75.9063,135.3568
319.7003,202.9750,76.5995,136.0500
244.3283,344.6031,74.3434,133.7939
245.3033,269.0781,121.3933,180.8438
220.8484,337.6231,76.3032,135.7537
223.3495,338.1242,75.3010,134.7515
214.4169,326.1917,83.1661,142.6166
220.1022,329.8769,81.7957,141.2462
216.8133,331.0881,79.3734,138.8239
214.9466,324.7214,81.1067,140.5572
211.7444,320.0192,80.5111,139.9617
213.8550,319.6297,81.2901,140.7406
210.9352,317.7099,81.1297,140.5802
204.7537,312.0285,80.4926,139.9431
208.0815,313.8562,78.8371,138.2876
198.8764,308.6511,82.2473,141.6978
203.1844,303.4592,79.6312,139.0817
196.8258,297.1006,84.3483,143.7988
196.3595,294.6342,82.2810,141.7315
193.9180,294.1928,83.1639,142.6144
177.9180,298.1928,83.1639,142.6144
182.5278,293.8025,82.9445,142.3950
180.8440,288.6188,83.3120,142.7625
176.4947,287.7694,82.0107,141.4612
162.8876,287.6624,82.2248,141.6753
163.5936,285.3683,83.8128,143.2633
166.1427,281.9175,85.7146,145.1651
165.0831,278.8579,79.8337,139.2842
165.3899,271.6646,80.2202,139.6707
159.5161,277.2909,81.9677,141.4182
160.3887,272.1635,84.2225,143.6730
159.4081,276.6828,83.1838,142.6343
154.5278,278.8025,82.9445,142.3950
154.6268,266.9016,85.7463,145.1968
152.1045,263.3793,83.7909,143.2414
155.0128,259.2875,83.9744,143.4249
158.0355,249.8102,88.9291,148.3796
147.8143,245.0890,83.3715,142.8220
151.7530,244.5277,85.4940,144.9445
156.5098,238.7846,87.9804,147.4309
153.4668,249.2415,87.0665,146.5170
158.5210,240.2958,87.9579,147.4084
154.8374,239.6121,86.3252,145.7757
153.0514,241.8262,89.8971,149.3476
156.5656,236.8403,88.8688,148.3193
163.6932,232.4679,86.6136,146.0641
161.1612,233.4359,88.6776,148.1281
159.9213,230.6960,87.1574,146.6079
155.8819,230.1566,90.2362,149.6867
144.9703,221.2450,89.0594,148.5099
157.6300,219.9047,88.7401,148.1906
157.0053,217.2800,91.9894,151.4399
155.6898,209.9646,93.6203,153.0708
169.9441,204.2189,92.1118,151.5623
155.9290,206.7037,91.1421,150.5926
142.5756,204.3504,88.8487,148.2992
131.7328,214.5076,84.5344,143.9849
127.2729,209.5476,87.4542,146.9047
126.1237,205.8984,85.7526,145.2031
137.4596,200.7344,90.0807,149.5312
141.5155,197.2902,84.9690,144.4195
128.8705,196.6453,83.2590,142.7095
129.8981,196.1729,83.2037,142.6542
128.5433,194.3181,83.9133,143.3638
127.8206,192.0954,86.3587,145.8092
118.2641,190.0389,86.4717,145.9222
115.1546,187.4294,86.6907,146.1412
107.1439,186.9187,83.7121,143.1626
101.5842,182.8589,84.8317,144.2822
101.4420,182.7168,84.1160,143.5665
98.8184,175.5931,81.3633,140.8138
86.4037,171.6784,83.1927,142.6432
93.4718,168.2465,86.0565,145.5070
90.1034,161.8781,82.7933,142.2438
86.0911,159.3659,82.8178,142.2683
71.4558,153.2306,81.0884,140.5388
59.6937,146.4684,74.6126,134.0631
51.0207,146.2955,71.9585,131.4090
33.1124,141.8872,67.7752,127.2257
36.6189,127.8937,71.7622,131.2127
24.0586,126.8334,55.8828,115.3333
28.1110,137.8857,66.7781,126.2286
21.8564,131.6312,47.2872,106.7376
293.3405,153.8900,53.3190,172.2200
293.3405,153.8900,53.3190,172.2200
293.3405,153.8900,53.3190,172.2200
293.3405,153.8900,53.3190,172.2200
293.3405,153.8900,53.3190,172.2200
293.3405,153.8900,53.3190,172.2200
293.3405,153.8900,53.3190,172.2200
293.3405,153.8900,53.3190,172.2200
293.3405,153.8900,53.3190,172.2200
293.3405,153.8900,53.3190,172.2200
293.3405,153.8900,53.3190,172.2200
293.3405,153.8900,53.3190,172.2200
293.3405,153.8900,53.3190,172.2200
293.3405,153.8900,53.3190,172.2200
293.3405,153.8900,53.3190,172.2200
293.3405,153.8900,53.3190,172.2200
293.3405,153.8900,53.3190,172.2200
293.3405,153.8900,53.3190,172.2200
293.3405,153.8900,53.3190,172.2200
293.3405,153.8900,53.3190,172.2200
293.3405,153.8900,53.3190,172.2200
237.3405,69.8900,53.3190,172.2200
139.4226,211.1974,53.1548,112.6053
146.1139,211.3887,57.7722,117.2227
156.1168,210.8915,54.7664,114.2169
161.2998,201.0746,57.4004,116.8509
237.3405,113.8900,53.3190,172.2200
226.3405,91.8900,53.3190,172.2200
226.3405,141.8900,53.3190,172.2200
226.3405,142.8900,53.3190,172.2200
293.3405,153.8900,53.3190,172.2200
215.3405,156.8900,53.3190,172.2200
215.3405,127.8900,53.3190,172.2200
30.3405,90.8900,53.3190,172.2200
159.1546,9.9294,50.6907,110.1412
173.6834,18.4582,45.6332,105.0837
178.9554,21.2301,55.0892,114.5397
176.0230,24.7978,70.9540,130.4045
194.6303,17.9050,76.7394,136.1899
204.5163,23.2911,77.9674,137.4179
215.2157,26.4905,81.5685,141.0190
232.6713,25.9461,85.6574,145.1079
226.0735,26.3483,75.8530,135.3035
236.2677,33.0424,71.4646,130.9151
237.9640,34.2387,68.0721,127.5226
259.3399,34.1147,77.3201,136.7706
256.6410,37.4158,73.7180,133.1685
257.0745,35.3493,84.8510,144.3015
262.8374,34.1122,80.3251,139.7756
253.6749,43.9496,80.6502,140.1007
254.5530,46.3278,76.8940,136.3445
259.9215,53.1962,78.1571,137.6076
271.3881,54.1628,75.2239,134.6744
275.9667,60.2414,75.0666,134.5171
283.8110,58.5857,75.3781,134.8286
284.1089,50.8837,81.7821,141.2326
290.5989,59.3737,75.8021,135.2527
306.5133,53.7880,80.9734,140.4239
310.3107,55.5854,80.3787,139.8292
319.9798,59.2545,78.0404,137.4909
325.8620,64.6367,79.2760,138.7265
325.2028,66.4776,74.5944,134.0448
318.3029,70.0777,77.3941,136.8446
324.9297,66.2045,86.1406,145.5911
324.7955,66.5703,86.4090,145.8595
319.9474,73.2222,84.1051,143.5556
321.3552,68.1299,85.2897,144.7402
321.5906,77.3654,84.8188,144.2693
322.3164,81.0912,86.3671,145.8176
325.2975,80.0722,89.4050,148.8555
333.5747,75.3494,90.8506,150.3011
332.5474,78.3222,91.9052,151.3557
339.8245,80.5992,91.3511,150.8016
346.5130,80.7877,93.9741,153.4246
340.2974,84.0722,91.4052,150.8557
344.4355,84.7103,92.1290,151.5795
358.9823,86.2571,91.0353,150.4859
360.6789,83.9537,91.6422,151.0927
366.4360,87.7108,90.1280,149.5785
368.0656,89.8403,88.8688,148.3193
373.7066,87.9813,88.5869,148.0374
373.8151,85.5899,90.3698,149.8203
371.9294,91.2041,88.1412,147.5917
372.4213,92.6960,87.1574,146.6079
376.4568,94.7316,88.0863,147.5368
376.5518,96.3266,85.8963,145.3468
396.7512,91.0260,94.4975,153.9480
387.4212,96.1960,92.1576,151.6081
390.6510,101.4258,91.6980,151.1485
387.5158,104.7906,91.9684,151.4189
390.4965,102.7712,93.0071,152.4576
391.0359,112.3107,91.9282,151.3787
388.3839,112.1586,90.2323,149.6828
381.7955,119.5702,90.4090,149.8595
389.5641,116.3388,93.8718,153.3224
392.5858,119.3605,91.8285,151.2790
388.0455,122.8202,89.9090,149.3595
406.8029,125.0776,94.3943,153.8448
413.4638,131.2385,94.0724,153.5229
412.5342,141.8089,92.9317,152.3822
410.1494,145.9242,92.7012,152.1517
409.2181,153.4929,90.5637,150.0142
410.4290,150.7037,91.1421,150.5926
419.7189,147.9937,89.5622,149.0127
414.5511,151.3259,92.8977,152.3482
416.3067,157.0815,93.3866,152.8371
416.8630,158.6377,93.2741,152.7246
416.2300,160.5048,93.5400,152.9905
421.4796,163.7543,94.0409,153.4914
423.5734,165.3481,93.8532,153.3038
417.7800,165.0548,95.4399,154.8904
419.4921,169.7669,97.0157,156.4662
419.7800,173.0548,95.4399,154.8904
422.4158,174.1906,97.1684,156.6189
425.3078,175.5826,97.3843,156.8348
426.5131,177.2878,99.9739,159.4244
428.2203,184.4950,101.5594,161.0099
427.2285,192.5033,99.5430,158.9935
428.3384,195.1132,99.3231,158.7736
424.5471,198.3219,100.9057,160.3562
418.6534,207.9281,100.6933,160.1438
422.2537,213.0284,98.4926,157.9431
425.9763,213.7511,99.0473,158.4978
432.9608,215.2356,102.0783,161.5288
440.3004,218.0751,102.3992,161.8497
443.9211,218.1958,104.1579,163.6084
449.0454,216.8202,105.9091,165.3596
451.6778,216.9525,101.6445,161.0950
454.5707,217.3455,100.8586,160.3091
453.1711,219.4458,102.6579,162.1084
446.9277,224.2025,102.1446,161.5951
453.4211,222.6958,105.1579,164.6084
456.2003,226.4750,101.5995,161.0500
451.0619,236.8366,102.8763,162.3268
450.4593,235.7340,105.0814,164.5319
453.0504,238.8251,102.8993,162.3497
448.3004,247.0751,102.3992,161.8497
453.6736,253.9483,102.6529,162.1034
462.8005,252.5752,101.3990,160.8495
464.9344,258.2092,97.1311,156.5816
474.6930,264.9677,92.6140,152.0645
479.8812,276.6559,92.2377,151.6882
477.8029,280.0776,94.3943,153.8448
482.3245,295.0992,91.3511,150.8016
488.6269,291.9016,85.7463,145.1968
501.1153,298.8900,76.7694,136.2199
506.9218,324.1965,68.1565,127.6070
293.3405,153.8900,53.3190,172.2200
293.3405,153.8900,53.3190,172.2200
293.3405,153.8900,53.3190,172.2200
293.3405,153.8900,53.3190,172.2200
293.3405,153.8900,53.3190,172.2200
293.3405,153.8900,53.3190,172.2200
293.3405,153.8900,53.3190,172.2200
293.3405,153.8900,53.3190,172.2200
293.3405,153.8900,53.3190,172.2200
293.3405,153.8900,53.3190,172.2200
293.3405,153.8900,53.3190,172.2200
293.3405,153.8900,53.3190,172.2200
293.3405,153.8900,53.3190,172.2200
293.3405,153.8900,53.3190,172.2200
313.3405,265.8900,53.3190,172.2200
293.3405,153.8900,53.3190,172.2200
293.3405,153.8900,53.3190,172.2200
293.3405,153.8900,53.3190,172.2200
293.3405,153.8900,53.3190,172.2200
293.3405,153.8900,53.3190,172.2200
293.3405,153.8900,53.3190,172.2200
293.3405,153.8900,53.3190,172.2200
293.3405,153.8900,53.3190,172.2200
293.3405,153.8900,53.3190,172.2200
293.3405,153.8900,53.3190,172.2200
293.3405,153.8900,53.3190,172.2200
293.3405,153.8900,53.3190,172.2200
293.3405,153.8900,53.3190,172.2200
293.3405,153.8900,53.3190,172.2200
293.3405,153.8900,53.3190,172.2200
293.3405,153.8900,53.3190,172.2200
293.3405,153.8900,53.3190,172.2200
293.3405,153.8900,53.3190,172.2200
293.3405,153.8900,53.3190,172.2200
293.3405,153.8900,53.3190,172.2200
293.3405,153.8900,53.3190,172.2200
293.3405,153.8900,53.3190,172.2200
293.3405,153.8900,53.3190,172.2200
293.3405,153.8900,53.3190,172.2200
293.3405,153.8900,53.3190,172.2200
401.3405,316.8900,53.3190,172.2200
406.3405,301.8900,53.3190,172.2200
353.0054,369.2802,52.9891,112.4396
341.1582,369.9329,57.6837,117.1342
325.3454,364.1201,64.3092,123.7597
326.1859,364.4606,62.6282,122.0787
322.7988,355.5735,66.4024,125.8529
319.9449,352.2197,67.1101,126.5606
316.8048,351.5796,67.3903,126.8408
308.8429,349.6176,66.3143,125.7648
313.7957,343.5705,58.4085,117.8590
304.7957,345.5705,57.4085,116.8590
305.5706,339.3453,56.8588,116.3093
306.3997,337.1745,60.2005,119.6510
302.3400,336.6147,56.3201,115.7706
296.3455,343.6202,49.3090,108.7595
288.7455,342.0202,56.5091,115.9596
277.9407,346.2155,54.1186,113.5691
276.0714,345.8462,55.8571,115.3076
265.5457,345.3205,57.9085,117.3590
261.4223,347.6971,57.1554,116.6059
260.8000,347.5747,56.4000,115.8505
260.9284,341.2032,57.1431,116.5936
257.1774,338.4521,61.6452,121.0957
252.2957,344.0704,63.4086,122.8591
251.4366,339.7113,61.1269,120.5774
249.8076,340.5823,58.3849,117.8354
246.9299,345.7046,46.1403,105.5908
244.8982,342.6730,52.2036,111.6541
236.5459,346.8206,50.9082,110.3587
238.8595,347.6343,46.2809,105.7314
223.0574,351.8321,58.8853,118.3358
216.0508,355.8256,51.8984,111.3489
204.3059,351.0806,63.3882,122.8387
198.3482,347.1230,62.3036,121.7541
198.1555,339.4302,64.6891,124.1396
196.0990,341.8737,61.8021,121.2526
195.8062,344.5809,62.3876,121.8381
193.8531,343.6278,59.2938,118.7443
195.9788,339.2535,65.0424,124.4929
195.1524,332.9272,68.6952,128.1457
191.8757,330.1505,70.2485,129.6990
180.6390,326.9138,74.7220,134.1725
176.4746,319.2494,76.0508,135.5013
175.5529,319.3276,77.8943,137.3448
169.0831,316.8579,79.8337,139.2842
164.3687,310.1434,81.2626,140.7131
167.9308,310.2055,80.1385,139.5890
173.7381,313.5128,74.5239,133.9744
158.6856,306.9603,79.6288,139.0793
152.8090,302.0837,82.3820,141.8325
153.3594,298.6341,87.2813,146.7318
156.8269,297.6017,86.3462,145.7967
154.4608,293.7356,82.0784,141.5289
153.1390,298.4138,84.7220,144.1725
149.3484,296.1232,83.3031,142.7536
157.6668,294.9416,81.6663,141.1168
150.4405,294.7152,79.1190,138.5695
147.1962,293.9709,79.6076,139.0581
143.3829,290.6577,80.2342,139.6847
140.5551,289.8299,78.8898,138.3403
142.2734,288.5482,77.4532,136.9037
137.7666,287.0413,78.4668,137.9173
142.8981,282.1728,80.2039,139.6544
141.7907,280.0655,78.4186,137.8691
135.0958,276.8706,78.8083,138.2588
132.7281,275.0028,79.5438,138.9943
133.6101,273.3849,80.7797,140.2302
137.3779,270.1526,81.2443,140.6948
134.8948,264.6696,83.2104,142.6609
128.3595,263.6342,82.2810,141.7315
128.3494,264.1241,82.3012,141.7517
132.7101,262.9848,81.5799,141.0304
127.8562,259.1309,83.2877,142.7382
130.7757,254.5505,83.4486,142.8991
131.6801,253.4548,77.6399,137.0904
121.1090,248.8837,81.7821,141.2326
120.6302,242.4049,79.7396,139.1901
119.7444,248.0192,80.5111,139.9617
117.5647,246.8394,78.8706,138.3211
123.5829,242.3577,76.8342,136.2847
123.1353,240.9100,76.7295,136.1799
125.4405,234.7152,76.1191,135.5696
117.1139,231.8887,77.7721,137.2226
116.6101,229.3849,80.7797,140.2302
122.0568,220.3316,81.8863,141.3368
127.9755,219.2502,82.0490,141.4995
121.0520,214.8267,84.8961,144.3466
121.1859,212.4606,86.6282,146.0787
120.0899,205.3646,85.8203,145.2708
117.1412,201.4159,84.7177,144.1682
116.1045,200.3793,83.7909,143.2414
118.1816,198.9564,81.6368,141.0873
113.0006,197.2754,80.9987,140.4492
108.5363,195.3111,80.9274,140.3779
104.0006,194.2754,80.9987,140.4492
102.4425,194.2172,80.1151,139.5656
104.1460,190.4207,80.7081,140.1586
102.0320,186.8067,81.9361,141.3866
94.4980,186.7728,78.0039,137.4544
95.7642,184.5389,78.4717,137.9222
102.4214,176.6962,81.1572,140.6077
97.2361,170.5109,83.5278,142.9783
92.7841,168.5589,81.4318,140.8823
88.0041,167.7788,80.9918,140.4423
82.0116,163.2864,81.9768,141.4273
78.9776,156.7523,80.0449,139.4954
55.3036,155.5784,73.3928,132.8433
45.4246,147.1993,70.1509,129.6014
34.4803,139.7551,64.0393,123.4898
26.5578,140.3325,57.8845,117.3350
172.3405,-32.1100,53.3190,172.2200
293.3405,153.8900,53.3190,172.2200
293.3405,153.8900,53.3190,172.2200
293.3405,153.8900,53.3190,172.2200
293.3405,153.8900,53.3190,172.2200
293.3405,153.8900,53.3190,172.2200
363.3405,200.8900,53.3190,172.2200
293.3405,153.8900,53.3190,172.2200
293.3405,153.8900,53.3190,172.2200
293.3405,153.8900,53.3190,172.2200
293.3405,153.8900,53.3190,172.2200
293.3405,153.8900,53.3190,172.2200
368.3405,127.8900,53.3190,172.2200
363.3405,127.8900,53.3190,172.2200
293.3405,153.8900,53.3190,172.2200
293.3405,153.8900,53.3190,172.2200
293.3405,153.8900,53.3190,172.2200
293.3405,153.8900,53.3190,172.2200
293.3405,153.8900,53.3190,172.2200
293.3405,153.8900,53.3190,172.2200
293.3405,153.8900,53.3190,172.2200
335.0207,332.2954,48.9586,108.4091
336.0321,328.3068,53.9359,113.3864
350.6494,335.4242,44.7011,104.1516
352.3405,287.8900,53.3190,172.2200
352.3405,294.8900,53.3190,172.2200
293.3405,153.8900,53.3190,172.2200
293.3405,153.8900,53.3190,172.2200
72.0471,5.8219,34.9057,94.3562
391.1850,334.4597,43.6301,103.0806
87.3602,-11.3650,66.2796,125.7301
104.8244,-8.9009,59.3512,118.8017
113.1895,-9.0358,65.6210,125.0715
134.0208,-8.7045,71.9585,131.4090
139.6796,-7.0457,73.6409,133.0914
149.3353,-6.3900,72.3295,131.7800
168.8317,-9.8935,73.3366,132.7871
187.8042,0.5789,70.3916,129.8421
203.2987,21.0735,67.4026,126.8531
208.9254,16.2002,75.1492,134.5997
214.6703,22.9450,72.6595,132.1100
221.3435,19.1183,81.3130,140.7635
234.0455,26.8203,84.9090,144.3595
235.6744,32.9492,86.6512,146.1017
245.9587,41.2335,85.0825,144.5330
248.7091,46.9838,84.5819,144.0324
252.3736,51.1483,84.2529,143.7034
257.6680,54.4428,82.6640,142.1145
262.6953,58.4700,81.6095,141.0600
265.5829,60.8576,81.8342,141.2847
272.5940,60.3687,80.8121,140.2626
274.0589,59.8336,82.8823,142.3328
282.0455,64.8203,84.9090,144.3595
284.0455,63.8203,84.9090,144.3595
288.9474,66.2222,84.1051,143.5556
295.4377,67.7124,84.1247,143.5752
303.5586,68.3334,83.8827,143.3333
303.4377,53.7124,84.1247,143.5752
307.5069,49.7817,84.9862,144.4367
307.0237,48.2985,86.9525,146.4030
312.3468,49.6216,86.3064,145.7569
312.1859,53.4606,86.6282,146.0787
310.9678,55.2426,87.0644,146.5149
316.8594,58.6341,87.2813,146.7318
318.0761,56.3509,87.8477,147.2982
320.2166,53.9914,88.5667,148.0172
328.1068,55.8815,87.7864,147.2369
334.7571,59.5318,88.4859,147.9364
335.3411,58.6158,88.3178,147.7683
341.5877,62.3624,88.8246,148.2751
345.2181,63.4929,90.5637,150.0142
355.8673,61.6420,89.2654,148.7159
364.4773,67.2521,89.0454,148.4959
370.1498,67.4245,87.7005,147.1510
370.9294,72.2041,88.1412,147.5917
371.4253,74.7000,89.1495,148.6000
372.3979,80.6727,88.2042,147.6547
374.0123,78.7871,86.9753,146.4258
373.1494,85.9242,86.7011,146.1517
374.4771,84.2519,87.0458,146.4963
375.0206,90.7954,86.9588,146.4093
379.4812,95.7560,85.0376,144.4881
379.6875,99.9622,84.6250,144.0755
377.9161,102.1909,87.1678,146.6183
377.7912,109.5659,84.4176,143.8681
381.6286,114.9034,80.7428,140.1933
382.7537,114.5285,83.4926,142.9431
384.0967,119.8714,82.8066,142.2571
384.1286,122.9034,83.7428,143.1933
384.9634,126.7382,83.0732,142.5237
385.5286,124.3034,85.9427,145.3932
389.3543,131.1290,88.2915,147.7420
391.6763,135.4510,88.6474,148.0979
392.4294,142.2041,88.1412,147.5917
391.2307,144.0055,86.5385,145.9890
394.6440,147.4188,88.7119,148.1624
402.8269,149.1016,90.3462,149.7967
401.4381,143.2129,93.1238,152.5743
403.7801,147.5548,91.4399,150.8904
406.6750,155.9498,91.6499,151.1004
408.1646,152.9393,92.6709,152.1214
412.3245,161.0992,91.3511,150.8016
414.4661,159.7408,92.0678,151.5183
413.4080,160.1828,93.1839,152.6344
414.7515,165.0263,93.4970,152.9475
415.1326,164.4073,94.7348,154.1853
418.9788,165.2535,96.0425,155.4930
420.5663,160.8410,95.8675,155.3180
424.0087,161.2835,92.9826,152.4331
426.4099,162.6847,93.1802,152.6307
426.6324,164.9072,92.7352,152.1857
430.1703,164.9450,92.6595,152.1100
432.5795,163.8542,92.8411,152.2916
428.7383,166.5131,94.5233,153.9738
436.5081,173.2829,96.9837,156.4342
437.4842,173.2589,96.0317,155.4822
436.1794,173.9542,94.6411,154.0916
436.3555,176.1303,95.2889,154.7394
439.5668,181.3416,96.8663,156.3168
438.3269,180.1016,94.3463,153.7968
442.5522,184.3270,100.8956,160.3461
439.5870,192.8618,98.8260,158.2765
439.0989,198.8736,96.8022,156.2527
442.6838,205.4585,100.6325,160.0830
446.8152,200.0900,99.3695,158.8200
445.7243,207.9991,100.5513,160.0018
446.3285,209.6033,100.3429,159.7934
438.4203,212.6950,98.1595,157.6100
439.7537,217.0284,98.4926,157.9431
439.9996,223.2744,99.0007,158.4512
441.3384,223.1132,99.3231,158.7736
440.0630,222.8378,97.8740,157.3245
441.0606,230.3354,96.8788,156.3293
442.0813,231.3561,99.8374,159.2879
438.0922,233.8670,98.8156,158.2661
437.4807,242.2554,100.0387,159.4892
438.7418,248.0165,96.5165,155.9670
447.0683,244.3430,97.8634,157.3139
450.8142,238.5890,93.3716,152.8221
453.8457,249.1204,96.3086,155.7591
465.8557,252.6305,101.2886,160.7391
470.0642,257.3390,99.8715,159.3220
475.1826,262.9573,97.6348,157.0853
476.7628,265.5375,95.4745,154.9250
481.6930,274.9677,92.6140,152.0645
488.9744,277.7492,90.0511,149.5016
494.6203,287.3951,86.7594,146.2099
498.4581,289.7328,86.0838,145.5343
499.4377,303.7124,84.1247,143.5752
530.5457,316.3204,61.9086,121.3591
357.3405,491.8900,53.3190,172.2200
362.3405,491.8900,53.3190,172.2200
293.3405,153.8900,53.3190,172.2200
293.3405,153.8900,53.3190,172.2200
293.3405,153.8900,53.3190,172.2200
293.3405,153.8900,53.3190,172.2200
293.3405,153.8900,53.3190,172.2200
293.3405,153.8900,53.3190,172.2200
293.3405,153.8900,53.3190,172.2200
293.3405,153.8900,53.3190,172.2200
293.3405,153.8900,53.3190,172.2200
293.3405,153.8900,53.3190,172.2200
293.3405,153.8900,53.3190,172.2200
293.3405,153.8900,53.3190,172.2200
293.3405,153.8900,53.3190,172.2200
293.3405,153.8900,53.3190,172.2200
293.3405,153.8900,53.3190,172.2200
293.3405,153.8900,53.3190,172.2200
293.3405,153.8900,53.3190,172.2200
293.3405,153.8900,53.3190,172.2200
293.3405,153.8900,53.3190,172.2200
293.3405,153.8900,53.3190,172.2200
293.3405,153.8900,53.3190,172.2200
293.3405,153.8900,53.3190,172.2200
293.3405,153.8900,53.3190,172.2200
293.3405,153.8900,53.3190,172.2200
293.3405,153.8900,53.3190,172.2200
293.3405,153.8900,53.3190,172.2200
293.3405,153.8900,53.3190,172.2200
293.3405,153.8900,53.3190,172.2200
293.3405,153.8900,53.3190,172.2200
293.3405,153.8900,53.3190,172.2200
293.3405,153.8900,53.3190,172.2200
293.3405,153.8900,53.3190,172.2200
433.3405,374.8900,53.3190,172.2200
428.3405,360.8900,53.3190,172.2200
428.3405,345.8900,53.3190,172.2200
411.3405,316.8900,53.3190,172.2200
412.3405,316.8900,53.3190,172.2200
371.0008,377.2755,38.9985,98.4490
365.9174,370.6921,48.1653,107.6158
352.5877,352.8624,63.8247,123.2752
340.9759,357.2506,67.0482,126.4987
328.7125,366.9873,63.5749,123.0254
323.8900,355.6648,74.2200,133.6705
318.2182,356.4929,73.5637,133.0142
313.4525,353.7272,75.0950,134.5455
308.2003,346.4751,78.5994,138.0499
302.5479,343.3227,78.9041,138.3546
303.3202,348.0949,77.3596,136.8101
294.4786,346.7534,79.0427,138.4932
288.8985,341.6732,81.2031,140.6536
282.6078,338.3826,82.7844,142.2349
285.2112,338.4859,81.5776,141.0281
269.4247,335.6995,82.1505,141.6010
270.3184,337.0931,81.3633,140.8138
261.6805,336.9552,81.6390,141.0895
261.1750,341.4497,79.6501,139.1006
263.5526,342.3273,79.8948,139.3453
256.0456,342.8203,77.9089,137.3594
252.5455,340.3203,78.9089,138.3594
253.0524,338.8272,80.8951,140.3456
254.4310,344.7057,79.1381,138.5886
251.5523,339.3271,81.8954,141.3459
244.9304,339.2051,82.1392,141.5897
245.4248,337.6995,82.1505,141.6010
239.6977,335.9724,83.6047,143.0551
224.4594,335.7342,84.0812,143.5317
221.8410,334.6158,84.3180,143.7685
219.5589,333.3336,82.8823,142.3328
215.5455,332.3203,81.9089,141.3594
206.4203,334.6950,82.1595,141.6100
209.6714,334.9461,81.6572,141.1077
205.6713,329.9461,83.6573,143.1078
204.8021,330.5769,83.3957,142.8462
199.2955,332.0703,83.4090,142.8595
197.4214,332.6961,83.1573,142.6078
197.0455,331.8203,82.9089,142.3595
193.1703,330.4450,83.6595,143.1100
190.2955,330.0703,83.4090,142.8595
186.4479,327.7227,83.1042,142.5547
173.2976,326.0724,86.4048,145.8553
174.0578,323.8325,87.8845,147.3350
175.5659,321.3407,87.8682,147.3187
171.7189,322.9937,89.5622,149.0127
162.5014,325.7761,88.9973,148.4478
165.3593,323.6340,91.2815,150.7320
158.4018,319.1766,91.1963,150.6468
159.1346,318.9093,89.7309,149.1814
158.1156,309.8904,90.7688,150.2193
157.0173,310.2921,90.9654,150.4159
154.2318,310.5066,91.5363,150.9868
148.2470,304.5218,92.5059,151.9564
141.2955,304.0703,90.4090,149.8595
137.4360,301.7108,90.1280,149.5785
136.4557,303.7304,90.0886,149.5391
134.3367,304.1115,90.3266,149.7771
135.1703,301.4450,91.6595,151.1100
129.2974,297.0721,92.4052,151.8557
130.4212,296.6960,91.1576,150.6081
126.4241,292.6988,92.1519,151.6024
125.7955,292.5703,92.4090,151.8595
124.1741,291.4489,91.6518,151.1023
112.4351,290.7098,94.1299,153.5804
114.4351,288.7098,94.1299,153.5804
113.9353,288.2101,93.1294,152.5799
117.0473,282.8221,93.9053,153.3558
107.9353,288.2101,93.1294,152.5799
110.7034,284.9781,94.5933,154.0438
109.5511,281.3258,93.8979,153.3484
102.4240,281.6987,94.1521,153.6026
102.9283,273.2031,96.1433,155.5938
103.6782,264.9529,97.6437,157.0941
99.7134,261.9882,97.5732,157.0237
98.3601,260.1348,96.2799,155.7304
95.3009,261.5757,95.3981,154.8486
92.2355,260.0103,95.5289,154.9794
94.8232,255.5979,94.3537,153.8042
94.6292,253.4040,93.7415,153.1920
98.1449,253.9196,95.7102,155.1607
92.8069,251.0816,92.3862,151.8367
93.8986,249.6734,93.2027,152.6532
92.2992,248.0740,93.4015,152.8520
93.6512,243.9260,95.6975,155.1480
92.8373,239.6121,95.3254,154.7759
97.4355,245.2103,96.1289,155.5794
96.7728,237.5476,98.4543,157.9048
94.8478,235.6225,98.3045,157.7550
93.5610,237.3358,98.8779,158.3284
92.6148,227.8896,97.7703,157.2208
92.3463,230.1211,100.3073,159.7578
92.5337,230.3084,100.9326,160.3831
94.0707,225.8455,100.8586,160.3091
88.6891,229.4638,99.6218,159.0723
85.3452,228.6199,98.3097,157.7602
89.1343,226.9091,99.7314,159.1819
91.8134,216.0882,96.3732,155.8237
88.2119,215.9867,95.5761,155.0266
89.2637,208.5384,93.4727,152.9232
85.7868,207.0616,91.4264,150.8769
77.2035,191.9782,90.5931,150.0436
75.8042,180.0789,91.3916,150.8421
70.9252,170.6999,90.1497,149.6002
68.1360,175.9108,88.7280,148.1785
51.9215,175.1962,78.1571,137.6076
48.6717,180.9465,69.6566,129.1071
42.5714,186.3462,55.8571,115.3076
293.3405,153.8900,53.3190,172.2200
293.3405,153.8900,53.3190,172.2200
293.3405,153.8900,53.3190,172.2200
293.3405,153.8900,53.3190,172.2200
293.3405,153.8900,53.3190,172.2200
293.3405,153.8900,53.3190,172.2200
293.3405,153.8900,53.3190,172.2200
293.3405,153.8900,53.3190,172.2200
293.3405,153.8900,53.3190,172.2200
293.3405,153.8900,53.3190,172.2200
293.3405,153.8900,53.3190,172.2200
293.3405,153.8900,53.3190,172.2200
293.3405,153.8900,53.3190,172.2200
293.3405,153.8900,53.3190,172.2200
293.3405,153.8900,53.3190,172.2200
293.3405,153.8900,53.3190,172.2200
293.3405,153.8900,53.3190,172.2200
293.3405,153.8900,53.3190,172.2200
293.3405,153.8900,53.3190,172.2200
293.3405,153.8900,53.3190,172.2200
293.3405,153.8900,53.3190,172.2200
293.3405,153.8900,53.3190,172.2200
373.3405,316.8900,53.3190,172.2200
368.3405,316.8900,53.3190,172.2200
385.3186,341.0934,43.3628,102.8133
383.9477,327.2224,63.1047,122.5552
391.8468,328.6215,63.3065,122.7570
404.8786,331.6534,58.2427,117.6932
418.1100,329.8848,55.7799,115.2304
422.2191,326.4939,58.5617,118.0122
368.3405,389.8900,53.3190,172.2200
454.7036,330.9784,56.5928,116.0433
471.1148,332.8896,53.7704,113.2209
357.3405,433.8900,53.3190,172.2200
368.3405,418.8900,53.3190,172.2200
