0.439784
0.071193
0.075968
0.069643
0.069733
0.074445
0.068150
0.049444
0.053329
0.044331
0.042848
0.060030
0.068108
0.068319
0.071991
0.046893
0.065393
0.043284
0.046715
0.043911
0.065159
0.046350
0.066707
0.048924
0.052002
0.065404
0.047522
0.046705
0.046456
0.048596
0.061962
0.046391
0.047658
0.047658
0.046664
0.065799
0.064836
0.048660
0.046374
0.048947
0.049126
0.053682
0.046581
0.046416
0.049861
0.050709
0.038630
0.039746
0.040356
0.047278
0.042328
0.041965
0.041102
0.043713
0.042523
0.053908
0.051074
0.043964
0.044888
0.046515
0.041332
0.040665
0.040695
0.043533
0.041252
0.043666
0.041227
0.041192
0.040632
0.039082
0.037523
0.042506
0.047810
0.041347
0.041964
0.040094
0.038786
0.038521
0.041017
0.040865
0.040945
0.037201
0.039516
0.038622
0.036709
0.040492
0.033718
0.046479
0.034706
0.035930
0.042444
0.039203
0.039343
0.041254
0.043675
0.040805
0.043799
0.044357
0.045568
0.047327
0.042980
0.029456
0.027027
0.027249
0.025997
0.029274
0.029242
0.027264
0.026380
0.033536
0.027165
0.026433
0.028746
0.028126
0.026067
0.028539
0.034866
0.035323
0.028355
0.028047
0.028897
0.026393
0.026356
0.026943
0.029238
0.027695
0.026887
0.026689
0.029720
0.028646
0.026047
0.025801
0.025962
0.032165
0.027071
0.026529
0.028897
0.028326
0.026227
0.029453
0.027212
0.028398
0.030029
0.031085
0.030555
0.040224
0.043602
0.051062
0.044572
0.042623
0.025675
0.026150
0.027468
0.027950
0.033931
0.028789
0.030907
0.026016
0.026947
0.025984
0.034354
0.028307
0.026408
0.019229
0.018903
0.019422
0.017928
0.017787
0.019814
0.020625
0.026222
0.028576
0.028044
0.030535
0.037438
0.031263
0.028752
0.028478
0.028344
0.027942
0.030469
0.027489
0.029166
0.030090
0.035218
0.031390
0.032328
0.032968
0.030782
0.030871
0.049978
0.041714
0.051004
0.038025
0.044374
0.037863
0.036792
0.037127
0.037101
0.036055
0.044005
0.030354
0.030846
0.029615
0.030603
0.030747
0.031971
0.035530
0.034339
0.030809
0.039523
0.030774
0.031223
0.030499
0.033231
0.034627
0.033014
0.033236
0.038741
0.035209
0.035632
0.034823
0.037366
0.037551
0.035027
0.036677
0.040019
0.038863
0.037657
0.039510
0.037058
0.037151
0.045129
0.058696
0.060112
0.038763
0.037149
0.037356
0.034383
0.031334
0.029975
0.029315
0.038272
0.039426
0.019754
0.028120
0.043868
0.038097
0.038588
0.038928
0.050191
0.053707
0.050697
0.050009
0.047768
0.053471
0.036308
0.044736
0.031445
0.030023
0.044185
0.038198
0.031151
0.032803
0.031529
0.033085
0.023147
0.035335
0.032287
0.032662
0.037409
0.032570
0.031851
0.031747
0.036726
0.031060
0.034107
0.039213
0.047042
0.043424
0.041301
0.047496
0.044719
0.035941
0.034634
0.041377
0.037648
0.041831
0.038206
0.039013
0.040750
0.048475
0.059031
0.045250
0.043042
0.041224
0.038232
0.038286
0.037871
0.048142
0.036839
0.036469
0.025034
0.034762
0.040360
0.034135
0.036922
0.036555
0.044633
0.039480
0.033961
0.053783
0.040091
0.046271
0.030762
0.032013
0.034281
0.045417
0.042777
0.039599
0.036635
0.034769
0.037858
0.036516
0.036538
0.038457
0.039485
0.034340
0.037615
0.036800
0.034734
0.030676
0.035858
0.036400
0.037525
0.036443
0.039451
0.039595
0.039245
0.033993
0.035229
0.036189
0.036634
0.038867
0.045775
0.037074
0.041756
0.034798
0.037451
0.037407
0.036558
0.038855
0.036855
0.027304
0.027414
0.026171
0.042681
0.040085
0.042765
0.042466
0.043843
0.039915
0.058838
0.050487
0.044514
0.041098
0.039669
0.042606
0.045931
0.044765
0.044040
0.044249
0.046549
0.046662
0.045614
0.045970
0.048765
0.046234
0.045454
0.046679
0.047635
0.046098
0.047037
0.053760
0.039708
0.045072
0.046462
0.035889
0.031195
0.045091
0.047189
0.049310
0.040843
0.041219
0.043843
0.044150
0.041409
0.043337
0.038983
0.031423
0.031402
0.033137
0.030157
0.031469
0.031846
0.031564
0.029677
0.029325
0.029261
0.029288
0.025727
0.021028
0.032420
0.025115
0.026186
0.026391
0.027898
0.026347
0.028600
0.027800
0.030069
0.028310
0.028247
0.031303
0.028523
0.029090
0.026659
0.029940
0.029238
0.028963
0.038723
0.029844
0.029547
0.021229
0.026417
0.026316
0.028392
0.028975
0.039622
0.030588
0.031420
0.040955
0.050724
0.039915
0.057361
0.040988
0.048866
0.052671
0.070174
0.030544
0.030156
0.030204
0.045048
0.043601
0.032517
0.034312
0.027829
0.023635
0.033086
0.034519
0.036134
0.024053
0.036197
0.036345
0.031218
0.020475
0.046985
0.038137
0.040748
0.044618
0.032430
0.036664
0.035662
0.037348
0.034131
0.037086
0.046464
0.042759
0.036170
0.035722
0.039866
0.024829
0.037345
0.036246
0.037580
0.036044
0.035843
0.035309
0.030957
0.034914
0.036345
0.038172
0.039573
0.037259
0.038859
0.040400
0.036463
0.049115
0.029690
0.031314
0.029371
0.033140
0.032931
0.032094
0.033670
0.032314
0.032570
0.034759
0.034006
0.037948
0.034008
0.034229
0.034549
0.027155
0.031551
0.030725
0.030634
0.035022
0.036360
0.034942
0.031517
0.031596
0.039977
0.035825
0.033616
0.035540
0.032348
0.034736
0.032716
0.037106
0.033265
0.036091
0.035809
0.034519
0.039645
0.036812
0.038852
0.036959
0.037467
0.035899
0.034631
0.037345
0.033122
0.033818
0.035891
0.035741
0.038043
0.034923
0.032521
0.034930
0.032783
0.033351
0.033117
0.036416
0.034748
0.032772
0.032599
0.035995
0.028079
0.029919
0.027178
0.026314
0.020857
0.027784
0.025316
0.028823
0.027095
0.028539
0.037835
0.026673
0.026767
0.031461
0.035125
0.031908
0.026806
0.028364
0.032476
0.026314
0.027993
0.032593
0.029630
0.018985
0.035046
0.029918
0.029714
0.032028
0.029928
0.029508
0.030406
0.026443
0.031822
0.031496
0.027057
0.029516
0.030348
0.030396
0.024512
0.023523
0.069829
0.035441
0.035319
0.031015
0.029651
0.023421
0.031097
0.038662
0.026635
0.038012
0.036753
0.036653
0.023474
0.038090
0.043366
0.043758
0.043142
0.047079
0.048253
0.043483
0.046190
0.044806
0.051202
0.044107
0.045926
0.044124
0.043546
0.043025
0.044795
0.028967
0.046026
0.042368
0.039510
0.038378
0.028369
0.037962
0.043451
0.044983
0.043462
0.039901
0.044430
0.062984
0.048106
0.056643
0.041264
0.050755
0.047352
0.050114
0.052707
0.028078
0.035498
0.026722
0.027019
0.029110
0.026483
0.030610
0.027389
0.027503
0.031438
0.026081
0.028434
0.030249
0.034727
0.035887
0.035919
0.035672
0.034680
0.036075
0.037177
0.034074
0.034463
0.035507
0.034250
0.038909
0.047409
0.033157
0.036957
0.034063
0.035250
0.052186
0.034158
0.033940
0.035179
0.034001
0.036296
0.035050
0.036530
0.050242
0.036323
0.036185
0.037115
0.039246
0.037823
0.038993
0.037829
0.035823
0.038651
0.038572
0.037884
0.038565
0.039448
0.040505
0.041452
0.040008
0.040132
0.043248
0.040531
0.043649
0.042178
0.044197
0.048093
0.043069
0.060786
0.037825
0.030799
0.031765
0.034503
0.030485
0.045063
0.030953
0.031281
0.030445
0.032162
0.031448
0.031630
0.030427
0.032011
0.047809
0.040168
0.030360
0.036175
0.036056
0.036276
0.032727
0.043119
0.034885
0.034793
0.038428
0.049453
0.033595
0.035860
0.034664
0.032485
0.038465
0.036443
0.032835
0.033993
0.032720
0.032984
0.027154
0.025145
0.030348
0.029362
0.027736
0.035668
0.034135
0.033226
0.030506
0.033029
0.033914
0.029994
0.030284
0.033726
0.033418
0.049793
0.046905
0.045188
0.029374
0.027968
0.034739
0.050006
0.035692
0.028537
0.028011
0.030274
0.029248
0.057473
0.055034
0.056771
0.055135
0.054431
0.053150
0.041242
0.039225
0.034220
0.035171
0.041646
0.040434
0.039038
0.039285
0.042035
0.038982
0.038036
0.038315
0.045301
0.032035
0.033660
0.034818
0.034770
0.034756
0.038329
0.041057
0.046897
0.043416
0.041037
0.038732
0.036236
0.036716
0.034412
0.036277
0.036634
0.031082
0.039380
0.036321
0.036732
0.038109
0.037260
0.036861
0.036443
0.038860
0.043416
0.041258
0.043534
0.040164
0.043209
0.041011
0.041957
0.040425
0.041519
0.048453
0.051742
0.040769
0.042055
0.040882
0.039913
0.045251
0.041274
0.043602
0.042082
0.042481
0.043175
0.042425
0.042211
0.043937
0.044148
0.043844
0.042567
0.050004
0.054914
0.050680
0.051115
0.053616
0.042546
0.046235
0.044245
0.046149
0.046772
0.044493
0.044343
0.044634
0.046109
0.045306
0.054394
0.048034
0.048419
0.047803
0.048693
0.045939
0.047890
0.044468
0.048171
0.044625
0.047790
0.047373
0.045589
0.044643
0.044874
0.045609
0.044560
0.046588
0.044715
0.042079
0.048083
0.040558
0.040147
0.045112
0.036393
0.037573
0.036465
0.035182
0.035708
0.060443
0.055191
0.049861
0.041201
0.041057
0.041169
0.056758
0.042891
0.042926
0.047753
0.045002
0.044830
0.044054
0.046529
0.044561
0.046193
0.045427
0.046548
0.044766
0.046725
0.045406
0.045272
0.044051
0.046021
0.044278
0.046659
0.044120
0.044288
0.046350
0.044780
0.044776
0.044273
0.047668
0.043851
0.046118
0.063420
0.042848
0.050337
0.044305
0.046599
0.044592
0.044106
0.049715
0.044039
0.044791
0.042328
0.041985
0.045405
0.043431
0.046230
0.042238
0.044184
0.029476
0.042655
0.045398
0.043458
0.042122
0.044678
0.042182
0.043738
0.042768
0.043628
0.050156
0.037380
0.038856
0.037271
0.037032
0.051209
0.049371
0.046026
0.042166
0.047080
0.036335
0.041265
0.036676
0.039422
0.042779
0.031040
0.039105
0.039481
0.040343
0.031611
0.026680
0.026513
0.027553
0.043300
0.039753
0.040724
0.039577
0.041037
0.043618
0.042672
0.041987
0.063160
0.042315
0.045528
0.033850
0.035780
0.041291
0.045058
0.047542
0.044668
0.047942
0.044333
0.058056
0.046053
0.043615
0.043242
0.044012
0.042649
0.046297
0.049794
0.046254
0.047085
0.046418
0.048112
0.046180
0.046209
0.049120
0.046488
0.046184
0.046765
0.047159
0.046320
0.052386
0.041644
0.027083
0.040952
0.041962
0.053729
0.044323
0.047107
0.045873
0.044479
0.046996
0.043995
0.047216
0.044570
0.044168
0.045243
0.051234
0.046292
0.045308
0.050886
0.044344
0.046619
0.044500
0.044013
0.048636
0.045723
0.044314
0.046699
0.045633
0.047464
0.044355
0.046569
0.043829
0.044645
0.046139
0.041541
0.041742
0.044748
0.043053
0.044835
0.041140
0.048000
0.042395
0.042726
0.041202
0.049639
0.045810
0.042077
0.037013
0.043223
0.044812
0.042255
0.039079
0.043163
0.043603
0.040416
0.040941
0.036054
0.034578
0.041694
0.040389
0.042636
0.041309
0.044515
0.040737
0.040876
0.040885
0.041378
0.040553
0.042292
0.041980
0.043937
0.045262
0.027581
0.027776
0.039062
0.045029
0.048705
0.043162
0.041845
0.044296
0.021985
0.037470
0.041598
0.036736
0.041644
0.043108
0.047010
0.053905
0.042227
0.041249
0.027726
0.022945
0.031815
0.027088
0.026406
0.028841
0.028488
0.028993
0.029715
0.029839
0.028613
0.019849
0.036884
0.037719
0.037726
0.054197
0.027045
0.027747
0.047525
0.027875
0.042815
0.022408
0.043336
0.041466
0.029157
0.029756
0.045574
0.047244
0.046530
0.045456
0.030726
0.027570
0.044204
0.042058
0.048402
0.040632
0.047849
0.048896
0.049074
0.048290
0.047749
0.047171
0.047951
0.036108
0.047477
0.044202
0.047019
0.046461
0.048413
0.046497
0.047134
0.046823
0.054447
0.056358
0.049046
0.050791
0.047465
0.048520
0.046182
0.048980
0.046511
0.055735
0.051120
0.047802
0.050087
0.046273
0.059865
0.052132
0.053448
0.046411
0.049585
0.047310
0.050107
0.045985
0.046798
0.052643
0.047131
0.046030
0.047086
0.053365
0.045886
0.051514
0.049786
0.046538
0.046820
0.048885
0.032597
0.049366
0.045993
0.031690
0.037555
0.035094
0.032165
0.032429
0.047687
0.047318
0.047980
0.046555
0.047864
0.031765
0.031934
0.049163
0.032028
0.033053
0.032148
0.031929
0.034584
0.040950
0.046490
0.048944
0.047516
0.047664
0.046261
0.046642
0.050714
0.048279
0.048287
0.048407
0.046287
0.047445
0.046406
0.049378
0.048557
0.067669
0.056592
0.049686
0.047615
0.048046
0.048856
0.047689
0.047350
0.047788
0.050690
0.045627
0.047724
0.047676
0.046501
0.056165
0.046618
0.046627
0.047284
0.046152
0.047126
0.046197
0.049495
0.055146
0.046221
0.048010
0.047426
0.046687
0.047625
0.047156
0.048463
0.047011
0.046242
0.047229
0.047007
0.041285
0.036833
0.043490
0.045045
0.053647
0.055054
0.051878
0.049441
0.049438
0.048737
0.051091
0.047427
0.047918
0.046908
0.048579
0.046430
0.051649
0.052350
0.047902
0.047407
0.054546
0.064114
0.046516
0.046576
0.054452
0.048659
0.047683
0.047381
0.063499
0.048378
0.046147
0.047935
0.046963
0.047856
0.045313
0.046851
0.046732
0.041401
0.049548
0.074255
0.063565
0.043521
0.043799
0.048889
0.042711
0.042767
0.045912
0.042928
0.042914
0.043732
0.042972
0.044440
0.043379
0.045624
0.043746
0.046335
0.053224
0.046035
0.046454
0.047371
0.046812
0.047929
0.046006
0.055650
0.061441
0.062837
0.045215
0.044472
0.046484
0.043799
0.046188
0.044136
0.056444
0.046357
0.043972
0.043398
0.044395
0.046255
0.043757
0.047081
0.044050
0.042852
0.046345
0.044119
0.042782
0.045803
0.043892
0.050160
0.046605
0.051325
0.043037
0.043223
0.036647
0.028735
0.040218
0.040071
0.038364
0.042804
0.041602
0.047477
0.042093
0.044528
0.042907
0.045216
0.048004
0.043718
0.042562
0.042864
0.041611
0.038814
0.044872
0.044587
0.043946
0.045759
0.043911
0.048057
0.049831
0.052213
0.046376
0.048911
0.049648
0.046597
0.046697
0.049304
0.045986
0.048062
0.049826
0.045208
0.046303
0.050456
0.048761
0.046254
0.045065
0.048803
0.046719
0.048654
0.048130
0.048616
0.045262
0.047740
0.046905
0.048333
0.051911
0.049511
0.056655
0.054101
0.027282
0.027698
0.031705
0.026261
0.026995
0.026973
0.032961
0.033198
0.030058
0.026452
0.026873
0.029612
0.034328
0.033822
0.030178
0.030792
0.031587
0.031804
0.035411
0.031727
0.044407
0.032595
0.031683
0.034735
0.036403
0.030365
0.029283
0.038611
0.038656
0.038834
0.040457
0.042432
0.039673
0.041616
0.042035
0.028927
0.027797
0.029321
0.024086
0.024374
0.030408
0.025305
0.034966
0.025378
0.024497
0.036874
0.024151
0.038307
0.035958
0.040892
0.037542
0.035551
0.040971
0.033950
0.037035
0.040704
0.039231
0.028696
0.027567
0.028614
0.027088
0.039189
0.040415
0.039184
0.039672
0.042916
0.051775
0.054829
0.056937
0.053084
0.050498
0.042092
0.042166
0.068633
0.054001
0.036557
0.055444
0.075291
0.043436
0.042106
0.054642
0.042341
0.046327
0.046968
0.049581
0.049740
0.047114
0.030583
0.043576
0.041527
0.045789
0.050310
0.049188
0.051386
0.059343
0.050838
0.048224
0.048472
0.048224
0.048627
0.040170
0.039173
0.041313
0.040327
0.041221
0.039477
0.038832
0.027185
0.029260
0.028244
0.027689
0.030932
0.046972
0.047604
0.046073
0.043017
0.044583
0.043902
0.038680
0.042471
0.034268
0.039024
0.038655
0.033902
0.044118
0.042660
0.042073
0.035643
0.039864
0.039446
0.044076
0.042286
0.048230
0.047649
0.053859
0.047586
0.045156
0.029918
0.032203
0.042670
0.031356
0.040105
0.027832
0.026818
0.025003
0.023425
0.021963
0.038413
0.039717
0.039350
0.027855
0.030041
0.024118
0.023102
0.041122
0.041584
0.043446
0.043094
0.043881
0.032460
0.047397
0.043706
0.040971
0.047478
0.041533
0.048876
0.042722
0.033230
0.029455
0.042422
0.042781
0.043497
0.040355
0.041939
0.024601
0.025911
0.044395
0.029596
0.029557
0.030012
0.029137
0.029360
0.029034
0.023936
0.024226
0.023560
0.023357
0.026535
0.028236
0.035529
0.045069
0.043286
0.039981
0.045077
0.041464
0.054949
0.041361
0.030382
0.028351
0.029685
0.025584
0.020511
0.020853
0.035172
0.030239
0.050247
0.034398
0.034303
0.047790
0.013506
0.034445
0.049633
0.026865
0.024896
0.021385
0.021765
0.022179
0.026780
0.022752
0.022275
0.027555
0.028419
0.027455
0.021698
0.023526
0.022863
0.025839
0.026766
0.025559
0.031586
0.024401
0.023453
0.025401
0.022642
0.023962
0.034424
0.022027
0.026222
0.023566
0.025407
0.022744
0.023132
0.023685
0.025111
0.034221
0.031729
0.033179
0.033090
0.031446
0.036177
0.034824
0.032826
0.031362
0.031970
0.034932
0.039543
0.035303
0.039562
0.040211
0.035066
0.037671
0.030143
0.025061
0.033660
0.025789
0.023135
0.027147
0.031872
0.033865
0.031760
0.030286
0.021401
0.025023
0.020671
0.030702
0.025972
0.021942
0.021811
0.024488
0.035388
0.026391
0.029661
0.036038
0.024412
0.026633
0.030673
0.023878
0.026364
0.023742
0.034770
0.034537
0.035359
0.017696
0.017361
0.022744
0.040183
0.024965
0.014630
0.018348
0.018560
0.016820
0.016592
0.017169
0.017206
0.027520
0.016062
0.017178
0.017658
0.017191
0.019218
0.016643
0.016557
0.023753
0.016995
0.037526
0.017353
0.018357
0.017312
0.016464
0.019642
0.022381
0.019666
0.019897
0.033751
0.021673
0.021066
0.021119
0.021936
0.022285
0.026914
0.022242
0.021089
0.021181
0.020907
0.021942
0.026467
0.027928
0.020276
0.018178
0.021192
0.018326
0.018847
0.019589
0.022735
0.029222
0.018612
0.018374
0.018287
0.020497
0.033788
0.036852
0.037531
0.030339
0.028475
0.023460
0.025120
0.024310
0.023751
0.033537
0.029303
0.025653
0.028758
0.023600
0.035371
0.033756
0.023915
0.024320
0.021980
0.023013
0.019361
0.019235
0.019732
0.022081
0.019239
0.019413
0.022599
0.019062
0.022596
0.019448
0.024985
0.024061
0.026896
0.024026
0.023825
0.024314
0.026521
0.023652
0.032815
0.036561
0.022830
0.022434
0.032752
0.033185
0.024812
0.024264
0.032387
0.036202
0.036372
0.037453
0.036398
0.037179
0.035410
0.033097
0.032717
0.023033
0.032530
0.043789
0.034854
0.038653
0.039685
0.040367
0.037738
0.038006
0.039151
0.039424
0.039596
0.038348
0.038420
0.039907
0.041313
0.038393
0.042753
0.042676
0.044406
0.039925
0.040154
0.045058
0.040652
0.040278
0.040758
0.054350
0.054981
0.048692
0.044233
0.035275
0.035252
0.036113
0.035309
0.035541
0.036451
0.037044
0.038617
0.036130
0.038577
0.038221
0.035286
0.041823
0.038123
0.037461
0.038137
0.036866
0.042047
0.039064
0.054489
0.040160
0.038832
0.042038
0.039235
0.049735
0.040541
0.039177
0.040829
0.039047
0.040885
0.039953
0.039938
0.043868
0.050008
0.043001
0.040087
0.039367
0.038601
0.039815
0.041596
0.035373
0.053762
0.033273
0.037832
0.037923
0.038290
0.043409
0.040969
0.042224
0.042711
0.039062
0.044381
0.044598
0.042476
0.042590
0.045058
0.042517
0.044335
0.046817
0.037728
0.043528
0.042192
0.043071
0.044401
0.056526
0.046346
0.041824
0.047726
0.062404
0.040856
0.042239
0.041110
0.041521
0.044493
0.044243
0.047172
0.045671
0.046595
0.056618
0.050072
0.046408
0.045999
0.046177
0.043199
0.042699
0.049087
0.036309
0.042444
0.044892
0.042313
0.061784
0.036981
0.038918
0.037609
0.039826
0.044778
0.038516
0.045734
0.045268
0.041982
0.042260
0.036989
0.037312
0.042124
0.045736
0.041910
0.055070
0.046001
0.045751
0.043933
0.045719
0.044165
0.043052
0.042166
0.045930
0.041240
0.045918
0.047372
0.049087
0.047429
0.032641
0.034360
0.029417
0.036914
0.033075
0.029066
0.038718
0.048347
0.024921
0.029168
0.030096
0.029321
0.029315
0.032197
0.029997
0.029077
0.030308
0.042783
0.027807
0.040402
0.034557
0.046470
0.042629
0.054407
0.037209
0.039821
0.044428
0.040162
0.040137
0.036375
0.034178
0.033990
0.042298
0.038782
0.037744
0.035668
0.037469
0.033040
0.035063
0.036234
0.032809
0.034568
0.036840
0.024825
0.035532
0.035257
0.046585
0.037606
0.036017
0.034224
0.035316
0.034593
0.040894
0.035107
0.035245
0.035322
0.037670
0.036386
0.035767
0.034879
0.034636
0.037591
0.034859
0.035086
0.034693
0.032951
0.038560
0.037976
0.037558
0.039002
0.037253
0.034984
0.035021
0.043086
0.039651
0.031512
0.031127
0.030845
0.037446
0.034270
0.034342
0.030731
0.036113
0.034386
0.033008
0.032522
0.034115
0.032312
0.031006
0.032605
0.038052
0.040292
0.042868
0.033192
0.044505
0.053152
0.053472
0.046405
0.046705
0.047670
0.052760
0.044250
0.045427
0.044034
0.030347
0.030194
0.032220
0.031285
0.034628
0.026550
0.026505
0.031156
0.035978
0.039554
0.037447
0.038442
0.037881
0.038321
0.046119
0.043682
0.045015
0.036432
0.038762
0.037852
0.038162
0.042371
0.026984
0.028207
0.039186
0.043127
0.039049
0.026110
0.026598
0.038020
0.038007
0.040606
0.045693
0.040771
0.040579
0.040371
0.037870
0.040052
0.037869
0.041247
0.038406
0.038043
0.038097
0.037984
0.040530
0.038242
0.040405
0.038770
0.036989
0.046357
0.047297
0.047161
0.046744
0.039261
0.049926
0.040821
0.051397
0.037317
0.024167
0.026869
0.024312
0.024316
0.027349
0.029099
0.041184
0.034532
0.040915
0.026753
0.044027
0.025294
0.024306
0.026884
0.025656
0.026261
0.028481
0.036710
0.043688
0.041306
0.039072
0.043287
0.040242
0.049846
0.041080
0.041195
0.042809
0.029474
0.027769
0.028322
0.036364
0.030561
0.029659
0.033140
0.047412
0.029571
0.031890
0.033186
0.027030
0.026431
0.037745
0.038030
0.027292
0.028130
0.032144
0.029047
0.029069
0.037047
0.053340
0.035440
0.030258
0.033200
0.035249
0.030968
0.034019
0.034802
0.035496
0.042602
0.044260
0.030426
0.040020
0.030568
0.033325
0.030405
0.033578
0.033409
0.032006
0.042092
0.032976
0.032784
0.033924
0.035547
0.032955
0.032603
0.038885
0.032491
0.032341
0.032530
0.051565
0.052167
0.035681
0.037159
0.037565
0.035694
0.037214
0.035901
0.037206
0.037994
0.036099
0.036313
0.043702
0.033448
0.042329
0.058294
0.040203
0.044415
0.044010
0.047542
0.042968
0.039449
0.047415
0.041400
0.042922
0.041872
0.059251
0.039850
0.039848
0.043497
0.040802
0.040978
0.042063
0.042832
0.043437
0.044482
0.042431
0.042836
0.043664
0.043182
0.060529
0.049888
0.048016
0.041496
0.043503
0.044079
0.044815
0.044798
0.040560
0.042716
0.040479
0.039909
0.043427
0.042301
0.029037
0.047099
0.055468
0.042343
0.046439
0.040205
0.043670
0.039762
0.045683
0.040210
0.038838
0.047831
0.044731
0.042345
0.039322
0.041068
0.040812
0.045790
0.040304
0.039410
0.039388
0.044356
0.040573
0.038304
0.039765
0.042590
0.042916
0.040496
0.040908
0.043649
0.039228
0.039156
0.039829
0.052201
0.039216
0.023566
0.038031
0.033858
0.034944
0.029836
0.029313
0.029558
0.030199
0.032092
0.028283
0.034009
0.033978
0.030817
0.035159
0.034925
0.032203
0.031341
0.033893
0.035553
0.037263
0.038043
0.039197
0.037539
0.038872
0.039531
0.039882
0.037738
0.037787
0.045684
0.044213
0.046612
0.044771
0.054348
0.057576
0.045426
0.048422
0.060760
0.046501
0.053765
0.052894
0.047826
0.046253
0.047588
0.046785
0.050529
0.048194
0.053492
0.048531
0.050965
0.065249
0.050034
0.048222
0.051442
0.050259
0.059007
0.039810
0.033931
0.032632
0.039037
0.031086
0.031787
0.032900
0.035131
0.054279
0.033054
0.034093
0.044735
0.041735
0.044034
0.042827
0.045566
0.042496
0.043415
0.047494
0.034917
0.040135
0.028522
0.029230
0.039698
0.029532
0.040566
0.056298
0.049811
0.053123
0.056098
0.043181
0.039370
0.063713
0.059711
0.063801
0.068252
0.064208
0.029435
0.052013
0.038472
0.040938
0.045095
0.042152
0.030020
0.040403
0.025122
0.015888
0.017519
0.032437
0.027575
0.028919
0.037791
0.033342
0.033934
0.050755
0.028332
0.022286
0.021164
0.031103
0.023313
0.024576
0.024323
0.025970
0.034518
0.026179
0.028919
0.027410
0.033429
0.022479
0.024167
0.022693
0.022226
0.025925
0.020096
0.018734
0.019787
0.019917
0.019572
0.021252
0.018325
0.017436
0.020142
0.028198
0.022711
0.024294
0.024199
0.030196
0.025856
0.023388
0.023463
0.029645
0.022364
0.024303
0.023080
0.020583
0.023646
0.028398
0.026408
0.026292
0.026610
0.033324
0.021561
0.022142
0.021820
0.022107
0.021720
0.022462
0.028131
0.023266
0.025926
0.026521
0.029382
0.029965
0.051295
0.041621
0.044012
0.033024
0.049154
0.050851
0.049443
0.035237
0.031955
0.033076
0.036835
0.031467
0.034800
0.042164
0.031883
0.031834
0.034145
0.033575
0.031985
0.033111
0.030637
0.039361
0.035532
0.031276
0.036860
0.036244
0.035944
0.036020
0.038721
0.032021
0.032172
0.034315
0.044755
0.032921
0.030663
0.034960
0.035935
0.041534
0.027502
0.028264
0.027225
0.027873
0.025599
0.025751
0.026545
0.027243
0.052253
0.062705
0.035168
0.047210
0.057731
0.027743
0.030954
0.033086
0.062382
0.048839
0.046011
0.024799
0.031239
0.025042
0.024685
0.024592
0.025610
0.033102
0.028235
0.031656
0.049585
0.030462
0.028674
0.039643
0.028961
0.050956
0.028473
0.053964
0.051085
0.054930
0.046506
0.045448
0.034089
0.032688
0.033297
0.031140
0.032964
0.018818
0.054635
0.049917
0.037524
0.031555
0.040842
0.037958
0.042749
0.047631
0.044196
0.052096
0.041723
0.056253
0.035829
0.026777
0.025303
0.023015
0.022475
0.043266
0.041942
0.041478
0.025051
0.028656
0.024536
0.033412
0.044040
0.026364
0.028490
0.025226
0.033919
0.027547
0.026580
0.030752
0.029469
0.031074
0.038761
0.035382
0.036643
0.034831
0.032780
0.034112
0.035985
0.030661
0.038139
0.028678
0.031413
0.031885
0.032508
0.035201
0.035271
0.044567
0.051035
0.037925
0.048205
0.045589
0.031590
0.051786
0.041566
0.053406
0.032103
0.034925
0.034756
0.054936
0.036196
0.032601
0.035990
0.054452
0.043260
0.032603
0.031185
0.031996
0.030161
0.035690
0.032872
0.032629
0.030079
0.034861
0.038325
0.030089
0.033900
0.030281
0.036141
0.030345
0.030247
0.033969
0.033762
0.038631
0.030412
0.038097
0.033892
0.029070
0.038617
0.029517
0.029652
0.035671
0.032478
0.041743
0.035605
0.031186
0.030409
0.041562
0.031489
0.035186
0.030275
0.031558
0.034161
0.037218
0.033340
0.036685
0.034182
0.032064
0.034729
0.034282
0.032134
0.061882
0.039216
0.044976
0.041856
0.039783
0.069900
0.041443
0.044240
0.044436
0.043468
0.071294
0.056068
0.043593
0.045752
0.062384
0.047912
0.047202
0.063968
0.050514
0.038548
0.026405
0.021049
0.043353
0.041808
0.042148
0.045306
0.042992
0.034097
0.026073
0.024711
0.027020
0.025387
0.038454
0.045235
0.037828
0.028484
0.026691
0.025308
0.025206
0.027565
0.030459
0.028811
0.035504
0.028184
0.028055
0.029963
0.043078
0.027972
0.030068
0.031467
0.028627
0.028225
0.034650
0.029566
0.028348
0.032210
0.044622
0.034099
0.035652
0.037823
0.039581
0.037061
0.051032
0.034321
0.023371
0.030713
0.026459
0.026994
0.029619
0.027297
0.024594
0.027563
0.025866
0.025927
0.024513
0.031090
0.036207
0.024432
0.026298
0.025320
0.026980
0.024827
0.038945
0.027485
0.025435
0.033094
0.025655
0.026134
0.024882
0.041127
0.026946
0.027062
0.028174
0.034641
0.030307
0.028359
0.029755
0.032841
0.029127
0.031954
0.026792
0.018685
0.017219
0.017606
0.018988
0.017640
0.019865
0.017894
0.018795
0.024984
0.032802
0.022200
0.023288
0.026219
0.026855
0.029203
0.026510
0.031491
0.027938
0.027821
0.040451
0.029697
0.026225
0.025703
0.027738
0.025928
0.025724
0.016662
0.040624
0.039180
0.024940
0.023721
0.021687
0.014583
0.017236
0.025763
0.024394
0.038009
0.043147
0.033770
0.029935
0.017065
0.019364
0.015344
0.018288
0.037086
0.036027
0.031270
0.024513
0.018226
0.023444
0.020481
0.020455
0.025580
0.027181
0.025891
0.024616
0.025130
0.027898
0.033037
0.024927
0.030744
0.024197
0.032616
0.029098
0.020127
0.021376
0.025059
0.041699
0.040408
0.039288
0.039004
0.036935
0.028689
0.027255
0.035621
0.045479
0.041347
0.038646
0.029647
0.028650
0.029087
0.028191
0.019430
0.022079
0.019987
0.019432
0.020099
0.020038
0.019478
0.020354
0.019121
0.019197
0.026544
0.022677
0.020212
0.019088
0.019471
0.018991
0.018929
0.026436
0.019671
0.018991
0.021222
0.019564
0.030794
0.025768
0.023382
0.027006
0.038448
0.034556
0.034805
0.033702
0.045499
0.052088
0.048728
0.041827
0.027630
0.051136
0.044866
0.039388
0.042035
0.026709
0.029991
0.033361
0.027289
0.031976
0.034036
0.041990
0.042645
0.043857
0.051012
0.034364
0.032638
0.037378
0.041496
0.044412
0.036818
0.035728
0.044816
0.045472
0.043891
0.033394
0.024381
0.026693
0.032474
0.046662
0.039417
0.037505
0.033422
0.036531
0.038663
0.037673
0.041520
0.044426
0.043270
0.042927
0.044672
0.051509
0.043591
0.043816
0.042108
0.045174
0.042520
0.044191
0.042222
0.042265
0.045009
0.043945
0.060248
0.019143
0.053062
0.024091
0.050056
0.030706
0.044699
0.034937
0.030342
0.038482
0.058005
0.059868
0.035053
0.035218
0.031117
0.047746
0.046914
0.029599
0.032024
0.030550
0.030942
0.059499
0.032100
0.032271
0.030087
0.032869
0.047940
0.030276
0.036891
0.048072
0.052545
0.036030
0.032251
0.035393
0.052370
0.052999
0.034583
0.034925
0.036796
0.051078
0.055731
0.034129
0.038807
0.036262
0.036966
0.051835
0.027258
0.026296
0.025963
0.027685
0.028500
0.027556
0.032491
0.033748
0.035459
0.033599
0.033367
0.034705
0.033794
0.032158
0.028220
0.029377
0.034070
0.031960
0.030991
0.038107
0.031383
0.031902
0.046548
0.053169
0.043789
0.033436
0.032227
0.040059
0.035143
0.037835
0.036916
0.036638
0.035853
0.040961
0.036614
0.038177
0.035692
0.037436
0.037279
0.036101
0.038772
0.035710
0.036121
0.036256
0.036847
0.036230
0.039502
0.036946
0.035605
0.041760
0.041056
0.036147
0.044743
0.036171
0.038100
0.036484
0.041990
0.038260
0.036152
0.038895
0.036607
0.038970
0.036272
0.035568
0.042067
0.037025
0.038469
0.038137
0.036334
0.040196
0.035736
0.035413
0.039738
0.035719
0.035096
0.037894
0.037896
0.036683
0.036315
0.035243
0.042042
0.036798
0.037483
0.037033
0.036517
0.038008
0.035573
0.035556
0.036543
0.030302
0.025772
0.031018
0.030335
0.026804
0.023253
0.027642
0.028984
0.027453
0.027228
0.027310
0.029259
0.030789
0.037091
0.035338
0.032205
0.032243
0.027061
0.026752
0.027655
0.026494
0.027230
0.033039
0.027805
0.027434
0.030875
