0.427079
0.049013
0.056416
0.048975
0.048028
0.043452
0.046134
0.040007
0.044410
0.048751
0.036133
0.039153
0.035339
0.039413
0.042265
0.035873
0.053395
0.033741
0.036222
0.051749
0.047497
0.043382
0.037616
0.041298
0.043140
0.046207
0.043045
0.042360
0.060249
0.048984
0.047805
0.047058
0.051047
0.043341
0.050326
0.039687
0.036675
0.041277
0.047550
0.038143
0.042053
0.038469
0.043172
0.046666
0.045076
0.039626
0.041541
0.039170
0.038756
0.044378
0.038416
0.037673
0.055906
0.038405
0.048234
0.038301
0.039537
0.038012
0.042577
0.038938
0.040315
0.041827
0.043715
0.026078
0.043609
0.036151
0.023499
0.052029
0.052830
0.055022
0.055164
0.053094
0.044426
0.043790
0.044875
0.047019
0.047656
0.045055
0.046900
0.044238
0.041549
0.028462
0.026210
0.039120
0.040804
0.034706
0.028624
0.030247
0.024173
0.024314
0.025944
0.026900
0.046496
0.049681
0.044278
0.043710
0.039660
0.024764
0.023680
0.034883
0.039604
0.053799
0.043562
0.040351
0.058048
0.043586
0.043474
0.042448
0.034351
0.043266
0.063279
0.039716
0.037965
0.024180
0.031672
0.028671
0.027986
0.026637
0.028576
0.025969
0.028495
0.031019
0.026231
0.028865
0.031857
0.024826
0.046120
0.031713
0.030235
0.034530
0.022083
0.021973
0.036448
0.039827
0.028120
0.029158
0.050875
0.055329
0.053349
0.038348
0.035617
0.035847
0.038227
0.040144
0.039426
0.042967
0.053429
0.042334
0.041975
0.062633
0.056746
0.044976
0.042904
0.044043
0.051583
0.047411
0.060016
0.048473
0.048693
0.049163
0.049918
0.051641
0.049369
0.048027
0.052444
0.067253
0.055118
0.061924
0.053180
0.053943
0.047448
0.050426
0.047310
0.048146
0.050169
0.045986
0.048891
0.045678
0.050959
0.049993
0.038880
0.048838
0.047022
0.046588
0.041940
0.040077
0.035122
0.037662
0.034242
0.037391
0.043238
0.040057
0.042086
0.037322
0.038531
0.043901
0.034976
0.038517
0.038726
0.034952
0.038123
0.036343
0.037034
0.036541
0.035512
0.036395
0.044679
0.035869
0.037418
0.034673
0.040004
0.034976
0.038975
0.042967
0.038889
0.049443
0.042346
0.040221
0.058135
0.041833
0.045493
0.051485
0.050925
0.040037
0.041007
0.042844
0.042559
0.070271
0.051481
0.041398
0.046489
0.047021
0.042204
0.039928
0.045729
0.047871
0.057904
0.042483
0.040924
0.044868
0.043650
0.032866
0.052662
0.037682
0.039233
0.035665
0.048659
0.034618
0.035731
0.037419
0.034687
0.037969
0.036103
0.046760
0.051006
0.047568
0.044609
0.054344
0.052332
0.049187
0.046544
0.047958
0.044894
0.044933
0.041167
0.039550
0.060334
0.039019
0.039591
0.051164
0.042168
0.042064
0.039217
0.039405
0.038920
0.041635
0.038851
0.045493
0.046468
0.039123
0.039881
0.040281
0.041042
0.026493
0.033052
0.033560
0.042590
0.028391
0.040784
0.046778
0.026500
0.046707
0.046753
0.042033
0.045212
0.040406
0.041257
0.040894
0.046077
0.048890
0.034262
0.039203
0.048734
0.058815
0.040896
0.043296
0.040349
0.040797
0.042588
0.041665
0.040932
0.039994
0.040837
0.039842
0.042592
0.038927
0.043935
0.039541
0.034867
0.044726
0.039975
0.043314
0.040093
0.049386
0.042783
0.040521
0.030661
0.042191
0.042174
0.040445
0.043622
0.040062
0.048144
0.045016
0.048856
0.034829
0.043531
0.038814
0.032339
0.041883
0.041232
0.041740
0.063454
0.042663
0.028225
0.062045
0.043016
0.029689
0.035145
0.028396
0.030224
0.039545
0.057934
0.048455
0.042164
0.039881
0.039666
0.021392
0.044043
0.040776
0.030360
0.031424
0.045415
0.037226
0.030835
0.039219
0.031627
0.031355
0.027875
0.024296
0.037520
0.027572
0.026330
0.031364
0.027116
0.027057
0.019874
0.026936
0.023589
0.023607
0.026936
0.026189
0.026522
0.028105
0.028201
0.028925
0.024800
0.031698
0.029293
0.042832
0.044722
0.044415
0.043744
0.045810
0.044077
0.046087
0.037130
0.038875
0.045024
0.067380
0.050705
0.057623
0.060769
0.061794
0.064787
0.043090
0.034674
0.042629
0.035664
0.046197
0.036189
0.033770
0.038284
0.039375
0.034442
0.040490
0.026308
0.037681
0.039871
0.045923
0.034320
0.036262
0.036528
0.040623
0.042001
0.042682
0.042076
0.043010
0.046053
0.043020
0.044794
0.029114
0.029062
0.030439
0.031419
0.030248
0.029083
0.030234
0.029977
0.045014
0.030159
0.047776
0.044247
0.043100
0.051491
0.043720
0.048446
0.037767
0.050995
0.033521
0.035054
0.034201
0.035870
0.035409
0.036925
0.040227
0.051919
0.047254
0.035072
0.041041
0.038162
0.036486
0.039663
0.044541
0.043506
0.039992
0.049776
0.041208
0.043831
0.044661
0.043630
0.044237
0.041757
0.043680
0.047868
0.042550
0.050400
0.061785
0.043204
0.041464
0.033576
0.032866
0.031581
0.032319
0.029802
0.032317
0.048359
0.062438
0.052942
0.058163
0.040008
0.041014
0.048552
0.045753
0.043393
0.045394
0.050401
0.048748
0.047497
0.039322
0.039966
0.055186
0.063596
0.045130
0.039758
0.044106
0.046595
0.044632
0.051419
0.042920
0.049403
0.058615
0.056865
0.044279
0.040557
0.043609
0.046861
0.053445
0.032859
0.037712
0.036290
0.035236
0.033716
0.031663
0.032819
0.038949
0.033314
0.037203
0.032055
0.032193
0.032439
0.036057
0.034664
0.036667
0.034019
0.034726
0.034224
0.037608
0.043849
0.052501
0.036194
0.046221
0.049299
0.044359
0.040082
0.030239
0.030379
0.030014
0.033938
0.032502
0.032872
0.040962
0.034903
0.034546
0.037772
0.037728
0.034943
0.044799
0.046587
0.050179
0.039608
0.049097
0.036343
0.037158
0.034317
0.042977
0.034869
0.040657
0.044752
0.052734
0.081654
0.035971
0.039002
0.038804
0.035712
0.034775
0.033929
0.034539
0.033762
0.035374
0.033755
0.033695
0.051898
0.033527
0.036463
0.036187
0.033966
0.036370
0.034633
0.033971
0.038393
0.036203
0.035213
0.035869
0.042188
0.039321
0.036509
0.034900
0.035554
0.028027
0.028701
0.050550
0.056235
0.027680
0.037219
0.042425
0.036870
0.040451
0.032589
0.034877
0.024664
0.047408
0.060766
0.082849
0.059925
0.040308
0.038097
0.037735
0.038938
0.037010
0.040519
0.037004
0.040134
0.046436
0.050250
0.044346
0.045785
0.058280
0.064503
0.057100
0.026215
0.055248
0.052313
0.038436
0.035277
0.034981
0.036426
0.038599
0.038492
0.038108
0.030514
0.024477
0.030641
0.025320
0.032309
0.033348
0.027748
0.032477
0.033745
0.029257
0.029990
0.033868
0.038557
0.058608
0.037388
0.037903
0.047776
0.031721
0.031988
0.033561
0.027684
0.035204
0.035737
0.036932
0.046377
0.046937
0.035615
0.071536
0.035964
0.032375
0.033661
0.029115
0.020218
0.034317
0.025869
0.031973
0.027715
0.034773
0.040166
0.051550
0.040439
0.042357
0.041393
0.056102
0.032871
0.035447
0.037144
0.036193
0.035964
0.036062
0.040494
0.057042
0.037997
0.036230
0.038081
0.036733
0.039479
0.040005
0.071875
0.103085
0.067198
0.033502
0.028298
0.023149
0.027316
0.041056
0.040728
0.041219
0.035730
0.028705
0.028767
0.022779
0.026420
0.024468
0.037521
0.034520
0.032140
0.042776
0.044343
0.037162
0.033990
0.035878
0.037359
0.036745
0.040158
0.044691
0.036794
0.037779
0.038288
0.036680
0.038288
0.033859
0.026536
0.034665
0.037226
0.034356
0.034532
0.034563
0.039032
0.036876
0.033950
0.034888
0.042238
0.040524
0.037939
0.030292
0.033528
0.032130
0.036307
0.031978
0.034272
0.036845
0.033889
0.024141
0.035956
0.040926
0.045527
0.027589
0.028829
0.038890
0.037900
0.039817
0.048056
0.041544
0.039547
0.040730
0.040983
0.040934
0.038209
0.020381
0.031276
0.032605
0.029810
0.034157
0.037623
0.030905
0.036886
0.032209
0.037010
0.028228
0.033947
0.043567
0.033765
0.027404
0.026081
0.029654
0.027686
0.026219
0.036737
0.035710
0.032202
0.040671
0.045100
0.046137
0.040455
0.029283
0.039383
0.026420
0.027713
0.029508
0.029531
0.026617
0.026758
0.038523
0.037694
0.026931
0.028960
0.024277
0.032608
0.043456
0.044645
0.057631
0.051603
0.033396
0.035060
0.045120
0.049220
0.044899
0.049826
0.040946
0.038631
0.036060
0.036159
0.037874
0.044331
0.040331
0.038553
0.036988
0.038637
0.046503
0.058576
0.045385
0.046263
0.054519
0.046262
0.033814
0.033719
0.032552
0.033406
0.025969
0.023491
0.031309
0.036197
0.033864
0.036775
0.033131
0.033767
0.038362
0.034442
0.034947
0.032565
0.034682
0.034121
0.033216
0.032525
0.032369
0.033973
0.052778
0.038990
0.033226
0.044120
0.040989
0.031021
0.042882
0.043776
0.046787
0.043733
0.045300
0.047158
0.045935
0.056428
0.045292
0.039819
0.042575
0.045670
0.048098
0.035192
0.038920
0.030459
0.032599
0.033697
0.032119
0.034168
0.035686
0.033943
0.033243
0.038734
0.041961
0.038480
0.036766
0.029276
0.045747
0.026352
0.027730
0.025594
0.025145
0.030379
0.023288
0.023058
0.015962
0.017694
0.017000
0.020619
0.017382
0.017218
0.030353
0.032862
0.027586
0.020857
0.025897
0.021589
0.036297
0.050286
0.035857
0.022791
0.022195
0.024042
0.022408
0.023635
0.026374
0.025940
0.026335
0.027288
0.038934
0.039910
0.038160
0.038342
0.042137
0.039731
0.031507
0.040253
0.027925
0.030625
0.040101
0.042827
0.040585
0.027706
0.045593
0.030474
0.030034
0.029225
0.029749
0.029897
0.030439
0.029389
0.031263
0.030718
0.032466
0.037288
0.032099
0.031776
0.032034
0.040396
0.052571
0.039478
0.038490
0.031925
0.024480
0.030385
0.028265
0.027833
0.028766
0.028698
0.033732
0.033360
0.033094
0.029009
0.030392
0.032686
0.032041
0.033298
0.031031
0.035532
0.031075
0.030701
0.030315
0.035435
0.030457
0.032356
0.031780
0.033254
0.030380
0.036298
0.057412
0.031967
0.033291
0.031804
0.035454
0.031952
0.031791
0.033852
0.036493
0.034142
0.032641
0.041456
0.042224
0.037943
0.035546
0.052719
0.054398
0.041358
0.029127
0.043028
0.041205
0.068825
0.048331
0.044917
0.046565
0.047824
0.050190
0.034077
0.033640
0.032162
0.032691
0.032994
0.031905
0.041456
0.039228
0.033432
0.032499
0.033254
0.032075
0.048533
0.024229
0.043881
0.034653
0.035614
0.048048
0.042049
0.031774
0.033369
0.032581
0.031837
0.036659
0.032562
0.031815
0.035869
0.033584
0.032701
0.053777
0.031905
0.042573
0.039784
0.033579
0.031658
0.032514
0.031796
0.037852
0.032598
0.032299
0.033808
0.032392
0.031743
0.033547
0.032358
0.033699
0.033174
0.032698
0.033949
0.033938
0.032255
0.034242
0.032137
0.037039
0.032082
0.031786
0.033772
0.031697
0.034313
0.057560
0.040641
0.036747
0.055120
0.051876
0.055672
0.048452
0.049870
0.042076
0.040869
0.045916
0.042969
0.029927
0.028449
0.043600
0.043784
0.045064
0.044547
0.044757
0.042453
0.042241
0.043953
0.049297
0.044495
0.043679
0.045102
0.045311
0.044020
0.053103
0.044437
0.059084
0.064832
0.047263
0.031677
0.044168
0.046280
0.044149
0.050109
0.045576
0.048473
0.046358
0.036993
0.031823
0.031740
0.042711
0.045941
0.041422
0.043975
0.052397
0.048461
0.050693
0.046183
0.051382
0.048015
0.048335
0.047056
0.047318
0.049649
0.047961
0.052911
0.032175
0.031752
0.041197
0.036548
0.045737
0.031909
0.034475
0.032791
0.044834
0.045922
0.029099
0.029824
0.031733
0.031793
0.019143
0.046877
0.032085
0.031817
0.032267
0.038394
0.050199
0.033983
0.033139
0.031863
0.033206
0.034602
0.031910
0.032943
0.032289
0.036891
0.031019
0.032316
0.047205
0.052352
0.042486
0.044926
0.038972
0.035297
0.045708
0.031831
0.033691
0.032856
0.048613
0.029129
0.029315
0.035077
0.029163
0.030349
0.032074
0.041051
0.035439
0.030672
0.031510
0.031539
0.035779
0.026164
0.028508
0.031787
0.046587
0.048925
0.051107
0.050244
0.051353
0.042196
0.042813
0.050994
0.053037
0.045020
0.040027
0.031491
0.034653
0.043371
0.051934
0.040409
0.043123
0.045881
0.042380
0.043716
0.044323
0.048105
0.044894
0.042238
0.041899
0.040136
0.028921
0.031149
0.029361
0.031421
0.031615
0.028911
0.030044
0.031496
0.030828
0.031237
0.030173
0.031409
0.041811
0.032260
0.034757
0.044906
0.053899
0.038663
0.042114
0.030987
0.047807
0.043013
0.037323
0.031425
0.039440
0.032183
0.028566
0.029764
0.028748
0.028240
0.029799
0.041724
0.038392
0.040874
0.043474
0.041149
0.040920
0.040843
0.042224
0.034158
0.036745
0.032262
0.035390
0.031152
0.036969
0.022516
0.019778
0.026644
0.051867
0.020879
0.014207
0.022797
0.017072
0.015264
0.020963
0.015912
0.014265
0.014524
0.016090
0.014091
0.014524
0.014605
0.015501
0.017287
0.030927
0.029937
0.029615
0.030387
0.033714
0.036678
0.043235
0.019801
0.040420
0.030656
0.029023
0.027243
0.025459
0.025359
0.026093
0.028426
0.026373
0.029577
0.027734
0.027572
0.026777
0.028679
0.028713
0.026457
0.030111
0.029549
0.030374
0.028555
0.031132
0.034739
0.036371
0.038785
0.033730
0.035758
0.024516
0.033641
0.035292
0.033475
0.037327
0.035141
0.038623
0.031780
0.034845
0.033589
0.031577
0.031697
0.031928
0.035308
0.022706
0.040303
0.022669
0.028881
0.030391
0.034316
0.038244
0.043098
0.024864
0.040016
0.018049
0.018179
0.020058
0.027965
0.025681
0.034735
0.027540
0.029028
0.028694
0.031111
0.035862
0.031024
0.027820
0.032187
0.030631
0.027732
0.032233
0.030753
0.033236
0.034668
0.034974
0.032918
0.032243
0.029097
0.028451
0.025820
0.030220
0.031324
0.027071
0.025931
0.042302
0.031892
0.027506
0.018073
0.017821
0.027603
0.019797
0.018021
0.018496
0.021268
0.036921
0.022732
0.025129
0.024971
0.022882
0.026027
0.031749
0.032933
0.042008
0.034032
0.034692
0.024621
0.026791
0.025010
0.026737
0.027411
0.041271
0.026597
0.043195
0.038767
0.037720
0.038852
0.045336
0.047740
0.047128
0.038843
0.037995
0.040363
0.039657
0.027669
0.038838
0.040230
0.039204
0.041182
0.039440
0.038636
0.038000
0.026623
0.026428
0.029753
0.031489
0.026975
0.031980
0.027772
0.029809
0.031054
0.028107
0.047195
0.027816
0.037489
0.029470
0.027142
0.041292
0.040793
0.043059
0.036510
0.034348
0.041695
0.039878
0.038175
0.038619
0.044256
0.037918
0.041478
0.039339
0.049109
0.041082
0.039933
0.044003
0.041692
0.039990
0.042169
0.041985
0.041658
0.050668
0.040453
0.059325
0.050591
0.040056
0.031603
0.035975
0.041366
0.037019
0.037280
0.036526
0.037539
0.044465
0.034266
0.035094
0.037431
0.033893
0.036249
0.037943
0.036343
0.036168
0.041775
0.033703
0.034554
0.032583
0.033317
0.032080
0.034008
0.036398
0.040477
0.038975
0.041852
0.040916
0.043210
0.041090
0.043749
0.046987
0.047073
0.042168
0.041857
0.042382
0.049963
0.040078
0.041379
0.042552
0.044517
0.041809
0.033761
0.036205
0.051717
0.039326
0.036468
0.036044
0.037920
0.025390
0.062632
0.036248
0.037136
0.043544
0.055529
0.045602
0.043957
0.036156
0.039858
0.036763
0.037171
0.036895
0.036127
0.036713
0.036051
0.037176
0.039200
0.037891
0.040190
0.040028
0.047268
0.047329
0.039248
0.039009
0.038925
0.040200
0.040756
0.043838
0.039964
0.042757
0.040167
0.040023
0.039800
0.043683
0.039966
0.040529
0.039823
0.043592
0.040680
0.040031
0.041510
0.041738
0.040354
0.040194
0.039782
0.046862
0.063253
0.041990
0.042175
0.045340
0.043306
0.046107
0.046724
0.046143
0.033276
0.027597
0.036668
0.038616
0.039133
0.037507
0.037201
0.035888
0.039380
0.036606
0.038546
0.041560
0.038648
0.039478
0.039759
0.045673
0.040121
0.040041
0.042009
0.042948
0.045109
0.042175
0.042317
0.043015
0.044597
0.043565
0.043615
0.044499
0.043458
0.056060
0.049101
0.042848
0.045050
0.044713
0.044797
0.044201
0.046467
0.047775
0.046132
0.043964
0.047989
0.043966
0.043875
0.047230
0.044040
0.044226
0.044118
0.044408
0.045314
0.043850
0.048127
0.045664
0.048123
0.044104
0.048275
0.044731
0.048487
0.046414
0.044739
0.045141
0.043921
0.046459
0.046866
0.051006
0.044026
0.038351
0.034916
0.052933
0.045351
0.040167
0.045590
0.043073
0.046174
0.041215
0.038732
0.042294
0.056613
0.036868
0.026073
0.034220
0.033476
0.031021
0.030832
0.030439
0.033467
0.033299
0.037690
0.038683
0.043901
0.043119
0.042011
0.044086
0.048246
0.044261
0.041891
0.035539
0.039295
0.036726
0.036417
0.031392
0.039746
0.041970
0.036844
0.039854
0.038943
0.036978
0.038872
0.041410
0.044033
0.041268
0.042938
0.040839
0.037156
0.040632
0.039662
0.051692
0.041178
0.039719
0.041028
0.040022
0.041077
0.041348
0.041439
0.042302
0.039731
0.041173
0.041017
0.039410
0.040111
0.050404
0.039246
0.046130
0.040015
0.045305
0.039796
0.040761
0.042178
0.040696
0.033009
0.037165
0.035436
0.035146
0.038219
0.035508
0.037117
0.035401
0.034906
0.037094
0.036391
0.041270
0.055631
0.054662
0.040494
0.043723
0.040785
0.040331
0.044620
0.040259
0.045850
0.040604
0.046349
0.040073
0.041109
0.055536
0.040640
0.041740
0.041493
0.040300
0.040577
0.045381
0.042426
0.050350
0.042190
0.043467
0.049416
0.047735
0.047067
0.045307
0.053562
0.045734
0.043879
0.045959
0.044548
0.049517
0.043713
0.050974
0.056916
0.044117
0.050017
0.047039
0.044337
0.048114
0.046761
0.045794
0.046633
0.046607
0.048107
0.045987
0.051178
0.046700
0.046963
0.048086
0.047962
0.046295
0.048787
0.047967
0.046069
0.051117
0.057490
0.053061
0.049416
0.046488
0.046801
0.047501
0.046525
0.053502
0.047967
0.056313
0.045818
0.047613
0.046990
0.051239
0.045858
0.046399
0.052027
0.047292
0.046163
0.049767
0.046823
0.051046
0.050316
0.046855
0.051428
0.046770
0.049015
0.046628
0.046091
0.056082
0.061441
0.045948
0.051183
0.046334
0.054057
0.052832
0.046409
0.046241
0.047753
0.049788
0.046489
0.049903
0.050682
0.047516
0.048118
0.046110
0.048263
0.046882
0.046930
0.048325
0.046619
0.057977
0.046041
0.049303
0.048145
0.053710
0.054713
0.045786
0.033410
0.048319
0.047682
0.056424
0.053380
0.046291
0.051189
0.047365
0.055258
0.042102
0.052153
0.040619
0.043371
0.041330
0.046816
0.042440
0.046534
0.046278
0.034451
0.032231
0.046061
0.046407
0.036553
0.038873
0.037405
0.049128
0.026343
0.026318
0.040403
0.038455
0.039216
0.038369
0.039808
0.038073
0.038980
0.042549
0.042677
0.042871
0.045913
0.045879
0.043972
0.051372
0.041015
0.044820
0.039767
0.043166
0.039814
0.041600
0.040514
0.040071
0.046394
0.041916
0.039555
0.039674
0.041440
0.053389
0.047615
0.046200
0.046811
0.046950
0.048538
0.043400
0.045471
0.042287
0.041686
0.032859
0.044738
0.042739
0.029177
0.045536
0.044579
0.041539
0.042285
0.042321
0.042541
0.041822
0.043700
0.046950
0.046053
0.048545
0.045744
0.031889
0.034018
0.057839
0.047539
0.046597
0.031596
0.034392
0.022517
0.037894
0.039434
0.027629
0.031666
0.032034
0.035492
0.032312
0.034732
0.034899
0.033488
0.033165
0.036186
0.035069
0.037024
0.032259
0.038002
0.034399
0.040550
0.039088
0.034283
0.039098
0.037314
0.035286
0.037416
0.034584
0.036427
0.035547
0.034047
0.040733
0.035250
0.034266
0.036513
0.035569
0.038981
0.036192
0.036609
0.038800
0.038101
0.038311
0.038082
0.036567
0.041362
0.036343
0.038598
0.036701
0.036638
0.034115
0.035157
0.033652
0.035519
0.035348
0.034343
0.026964
0.028239
0.023987
0.034350
0.034096
0.040496
0.036630
0.025280
0.036339
0.040252
0.036778
0.036605
0.026001
0.026351
0.042122
0.051896
0.042272
0.039031
0.039323
0.039896
0.038409
0.043350
0.052820
0.019924
0.029830
0.032194
0.030642
0.044972
0.021069
0.031237
0.033153
0.022258
0.041685
0.021806
0.035974
0.027591
0.026421
0.034974
0.037822
0.027398
0.030102
0.038254
0.025925
0.032638
0.028409
0.027672
0.041398
0.038567
0.039331
0.039059
0.040836
0.039422
0.041762
0.038723
0.038610
0.038600
0.037668
0.041811
0.041621
0.036400
0.028892
0.027467
0.027416
0.028398
0.027633
0.027087
0.027510
0.026894
0.030775
0.027016
0.026903
0.028601
0.026953
0.027403
0.025217
0.035173
0.028295
0.030011
0.030156
0.032511
0.029042
0.032560
0.031758
0.031282
0.045875
0.044091
0.034516
0.035979
0.038830
0.045231
0.026614
0.028286
0.027039
0.026798
0.018478
0.052447
0.054379
0.058898
0.039762
0.041524
0.039110
0.042149
0.053245
0.063861
0.027212
0.049615
0.045291
0.060485
0.030379
0.031008
0.031174
0.030710
0.030402
0.031530
0.032439
0.030361
0.034003
0.046869
0.031363
0.057632
0.050219
0.044656
0.046842
0.030529
0.037044
0.034571
0.033146
0.032233
0.037570
0.041136
0.042669
0.050404
0.055979
0.053352
0.045640
0.031672
0.030430
0.030446
0.032316
0.032464
0.045977
0.041196
0.033582
0.033844
0.030654
0.047520
0.063059
0.038722
0.031553
0.032499
0.030522
0.033385
0.044576
0.042611
0.033161
0.044172
0.037545
0.022850
0.027288
0.026641
0.026518
0.029464
0.050775
0.039710
0.038257
0.052444
0.047264
0.042567
0.044814
0.045311
0.033848
0.045017
0.044905
0.051952
0.044493
0.046358
0.044225
0.032768
0.046413
0.045083
0.044791
0.046561
0.045921
0.055111
0.048236
0.049288
0.044989
0.047605
0.055720
0.035535
0.048817
0.030948
0.054883
0.062937
0.046781
0.037038
0.046781
0.040493
0.048181
0.031168
0.033131
0.035743
0.031326
0.031095
0.031960
0.046635
0.032322
0.030647
0.047686
0.044438
0.048985
0.048974
0.047250
0.032794
0.046538
0.051533
0.070165
0.069828
0.050221
0.050493
0.035088
0.034529
0.042856
0.035788
0.036282
0.036072
0.032004
0.032492
0.047953
0.047786
0.041353
0.038483
0.041352
0.043950
0.035377
0.044924
0.053552
0.054109
0.043931
0.052167
0.044178
0.047734
0.044023
0.048063
0.044049
0.032401
0.030991
0.032619
0.031321
0.051688
0.031817
0.030368
0.051303
0.031649
0.034442
0.031694
0.026152
0.025960
0.056930
0.025983
0.027353
0.027666
0.041125
0.051291
0.028908
0.046401
0.024972
0.036741
0.041782
0.041924
0.050010
0.041642
0.040433
0.040292
0.044152
0.041426
0.045663
0.056029
0.039902
0.043130
0.028221
0.045460
0.040544
0.050295
0.041387
0.043085
0.041800
0.044328
0.040992
0.041136
0.039432
0.057328
0.041606
0.065141
0.046443
0.047655
0.050748
0.070184
0.067675
0.047696
0.043685
0.042708
0.041563
0.049465
0.057010
0.041985
0.051326
0.061133
0.050005
0.048862
0.044626
0.046818
0.047026
0.046538
0.044960
0.044717
0.049451
0.048687
0.044856
0.049365
0.046251
0.039222
0.046324
0.041172
0.045038
0.045035
0.047483
0.061966
0.044619
0.045306
0.044754
0.046348
0.047271
0.048326
0.043914
0.064114
0.044716
0.044338
0.044392
0.046969
0.043983
0.036579
0.043567
0.043709
0.057558
0.039601
0.048930
0.037157
0.045857
0.047972
0.048094
0.048328
0.056074
0.047370
0.046055
0.037850
0.043727
0.057956
0.047698
0.048996
0.048648
0.047371
0.058255
0.044440
0.023985
0.022944
0.030950
0.024051
0.023136
0.022310
0.023945
0.038728
0.032824
0.036090
0.030781
0.021577
0.029000
0.030948
0.027432
0.026655
0.025032
0.027502
0.032135
0.025333
0.042234
0.024796
0.030893
0.025153
0.024125
0.025586
0.028697
0.028265
0.029780
0.057008
0.034002
0.032078
0.036217
0.038171
0.031751
0.030542
0.024146
0.031112
0.028210
0.038904
0.048121
0.039598
0.034519
0.019899
0.021034
0.020856
0.039563
0.039555
0.040903
0.029111
0.037318
0.043247
0.041811
0.039393
0.023097
0.028234
0.018263
0.031088
0.028873
0.024800
0.041105
0.054704
0.039470
0.064710
0.073095
0.027099
0.028400
0.031703
0.028545
0.027739
0.032193
0.025931
0.019415
0.024639
0.025127
0.024332
0.027967
0.032793
0.031704
0.032389
0.031617
0.030913
0.031933
0.034383
0.034466
0.030302
0.030167
0.029454
0.034109
0.029950
0.040791
0.034037
0.029894
0.031732
0.040101
0.022919
0.033112
0.031048
0.020960
0.021399
0.027776
0.021385
0.029757
0.028332
0.028035
0.019820
0.018778
0.021483
0.034857
0.026006
0.019385
0.025552
0.026691
0.019330
0.018982
0.030427
0.018517
0.032919
0.027413
0.029898
0.026366
0.026637
0.029392
0.027099
0.030571
0.044109
0.035965
0.021694
0.031055
0.032610
0.030905
0.039807
0.057561
0.034298
0.030392
0.032124
0.033903
0.044696
0.036971
0.039702
0.042111
0.027784
0.028124
0.041445
0.045903
0.033089
0.032752
0.032293
0.030132
0.039913
0.030914
0.035429
0.032684
0.046924
0.050745
0.043537
0.040450
0.036885
0.043766
0.038556
0.035774
0.038347
0.036637
0.038490
0.036985
0.037990
0.039623
0.042224
0.054566
0.039645
0.039983
0.039770
0.037378
0.038675
0.042367
0.043271
0.044684
0.056910
0.043798
0.052467
0.049996
0.047620
0.064522
0.066195
0.044236
0.059476
0.046715
0.037606
0.022304
0.055807
0.017732
0.021925
0.022737
0.018313
0.034460
0.032356
0.051069
0.059101
0.041659
0.036163
0.039180
0.026691
0.027614
0.040536
0.051357
0.024387
0.023251
0.031352
0.027655
0.029913
0.043995
0.039161
0.024680
0.029710
0.045372
0.048689
0.032229
0.028504
0.028646
0.029641
0.029495
0.028698
0.048846
0.042382
0.032215
0.030098
0.056077
0.043592
0.028272
0.027538
0.034496
0.031024
0.028999
0.037494
0.034906
0.029574
0.028328
0.028512
0.035398
0.028789
0.028985
0.031249
0.031458
0.027318
0.031230
0.029256
0.036566
0.033093
0.032958
0.028632
0.027567
0.033242
0.027891
0.030402
0.027471
0.039256
0.029803
0.028235
0.028286
0.027909
0.029274
0.030799
0.032376
0.030052
0.031885
0.034426
0.033067
0.029732
0.023017
0.032719
0.026718
0.025168
0.024393
0.029280
0.027925
0.029051
0.030179
0.049952
0.050039
0.027850
0.029489
0.028785
0.027755
0.043866
0.043771
0.031159
0.028381
0.037345
0.042553
0.049614
0.035906
0.037691
0.041925
0.032056
0.027450
0.032241
0.042958
0.051984
0.028952
0.029018
0.038014
0.044158
0.030830
0.030106
0.036848
0.048376
0.033242
0.024373
0.031035
0.034890
0.025140
0.042263
0.026818
0.028613
0.046082
0.044712
0.038507
0.047519
0.048774
0.044320
0.034804
0.029833
0.035615
0.039191
0.031777
0.030747
0.029850
0.033494
0.036069
0.051791
0.040735
0.032346
0.033266
0.030007
0.033046
0.034621
0.032628
0.032136
0.027219
0.028842
0.027815
0.028300
0.044484
0.047896
0.042742
0.026520
0.048737
0.030082
0.028351
0.027874
0.029513
0.029948
0.039860
0.044220
0.044414
0.047199
0.041838
0.032200
0.027827
0.026443
0.029620
0.026676
0.027459
0.029316
0.027233
0.026810
0.031213
0.027228
0.026909
0.026579
0.028738
0.033380
0.040688
0.038381
0.040430
0.038448
0.038307
0.039045
0.047075
0.031879
0.029196
0.028596
0.029318
0.047105
0.043182
0.044399
0.049704
0.048306
0.036666
0.034389
0.035527
0.037964
0.035212
0.034545
0.032757
0.032452
0.036249
0.052270
0.047574
0.034587
0.034135
0.030882
0.032601
0.052591
0.033418
0.037410
0.034945
0.030161
0.034570
0.038613
0.035791
0.028613
0.034437
0.038034
0.039774
0.037577
0.050419
0.042884
0.047397
0.028641
0.027374
0.030839
0.027397
0.030935
0.026510
0.029302
0.036457
0.032421
0.030928
0.034801
0.030806
0.053342
0.039195
0.045549
0.042927
0.033514
0.034423
0.033954
0.050359
0.033708
0.032027
0.037495
0.027988
0.037896
0.034942
0.040473
0.037344
0.047743
0.056872
0.038428
0.035832
0.032309
0.054672
0.032709
0.035858
0.045099
0.033929
0.034593
0.047794
0.036258
0.053658
0.037658
0.029644
0.036659
0.033608
0.075361
0.047308
0.056887
0.060424
0.043028
0.032149
0.038981
0.080235
0.044007
0.063929
0.059486
0.048086
0.057687
0.044161
0.048182
0.055685
0.043331
0.046633
0.060506
0.035764
0.024350
0.039607
0.048361
0.040154
0.030358
0.063490
0.049871
0.031305
0.067653
0.054437
0.045200
0.049105
0.041517
0.040296
0.028684
0.029673
0.036700
0.056831
0.025028
0.048350
0.049617
0.043198
0.028818
0.021069
0.021156
0.024465
0.020182
0.022522
0.041489
0.034396
0.026710
0.023247
0.030597
0.020235
0.032261
0.041068
0.027557
0.022103
0.024972
0.024585
0.021890
0.021852
0.022929
0.021695
0.023029
0.022429
0.027356
0.026389
0.026317
0.025622
0.029943
0.027085
0.035290
0.026072
0.024495
0.024165
0.026823
0.022147
0.025272
0.024089
0.040552
0.049026
0.038071
0.042164
0.051382
0.053569
0.048911
0.051006
0.024087
0.031412
0.032569
0.021195
0.035296
0.025053
0.031864
0.024704
0.023842
0.025532
0.024654
0.023049
0.027252
0.023502
0.026639
0.030606
0.042323
0.030812
0.049069
0.034105
0.048903
0.044699
0.041466
0.055781
0.039494
0.031345
0.034791
0.047300
0.042886
0.031584
0.026185
0.057896
0.024602
0.037209
0.032709
0.022042
0.019815
0.019314
0.019080
0.023629
0.032162
0.038354
0.036302
0.042629
0.034966
0.022313
0.037210
0.039778
0.036291
0.018209
0.015624
0.015581
0.018479
0.015491
0.017518
0.016554
0.015847
0.018007
0.015382
0.016237
0.022320
0.028897
0.022551
0.024608
0.024606
0.028288
0.023440
0.017458
0.030401
0.030001
0.034946
0.031926
0.029395
0.032426
0.028318
0.029290
0.031689
0.028079
0.027636
0.036950
0.028644
0.028955
0.028723
0.030421
0.029386
0.031952
0.029564
0.029602
0.041875
0.037661
0.038853
0.041469
0.046993
0.042607
0.040277
0.031145
0.037042
0.031803
0.042188
0.034079
0.039687
0.031902
0.037995
0.050857
0.052608
0.079480
0.042840
0.035564
0.020996
0.022453
0.021273
0.022159
0.022918
0.020489
0.020419
0.022555
0.034563
0.025632
0.024952
0.030518
0.037102
0.041965
0.038488
0.024556
0.030327
0.028134
0.026947
0.030382
0.035459
0.026063
0.035174
0.049525
0.029205
0.022734
0.025599
0.028405
0.030600
0.030578
0.042542
0.050920
0.039551
0.039611
0.040803
0.047416
0.036474
0.038407
0.037148
0.034620
0.037825
0.034665
0.037850
0.039458
0.030679
0.040794
0.039388
0.035166
0.032507
0.031324
0.031558
0.034593
0.032706
0.033111
0.033381
0.033604
0.033188
0.035559
0.037697
0.034541
0.034492
0.037378
0.037163
0.035968
0.051012
0.052798
0.036309
0.034480
0.037919
0.044494
0.034980
0.036670
0.034698
0.034447
0.039199
0.023874
0.034562
0.036861
0.034883
0.026627
0.028566
0.038778
0.033954
0.035009
0.035374
0.035721
0.032609
0.031736
0.035367
0.032770
0.032372
0.034924
0.033854
0.032742
0.031741
0.033738
0.033867
0.033010
0.032804
0.034935
0.032088
0.031775
0.036150
0.032100
0.034153
0.035073
0.036665
0.035515
0.037562
0.040591
0.036582
0.035433
0.030190
0.029717
0.028346
0.028434
0.028337
0.030888
0.028340
0.021850
0.026144
0.036669
0.035530
0.022933
0.038026
0.031705
0.038788
0.039970
0.036822
0.049128
0.046222
0.047592
0.043475
0.035729
0.066748
0.035084
0.034287
0.034310
0.041229
0.054154
0.050284
0.039805
0.036137
0.036377
0.040326
0.039040
0.041081
0.051007
0.036494
0.036043
0.036192
0.035799
0.037679
0.036202
0.036639
0.036788
0.036256
0.039526
0.042251
0.040235
0.042395
0.043681
0.042257
0.044395
0.043435
0.044669
0.043232
0.042275
0.042120
0.048320
0.041978
0.046588
0.044261
0.043199
0.043738
0.035777
0.030595
0.035656
0.032826
0.033008
0.040336
0.035756
0.035461
0.034844
0.037895
0.038343
0.037088
0.037341
0.040524
0.042521
0.033685
0.031597
0.035640
0.035336
0.033174
0.032779
0.037096
0.035615
0.035319
0.035215
0.035468
0.040172
0.035237
0.037055
0.034708
0.036188
0.035609
0.035821
0.035232
0.038669
0.036956
0.034947
0.034963
0.036891
0.036615
0.036307
0.035359
0.040491
0.035111
0.035221
0.037701
0.038611
0.026143
0.032363
0.038829
0.034986
0.036442
0.035507
0.035210
0.035733
0.035441
0.035915
0.036995
0.036958
0.035290
0.034729
0.040718
0.035293
0.034799
0.037864
0.041641
0.052881
0.041279
0.036865
0.038977
0.038285
0.039622
0.039017
0.037648
0.037537
0.038045
0.037456
0.042819
0.040291
0.041624
0.036986
0.036762
0.036584
0.034588
0.035616
0.035059
0.042574
0.037882
0.039988
0.041930
0.047650
0.039521
0.038101
0.046059
0.042307
0.040384
0.039453
0.037877
0.043203
0.041068
0.039541
0.041334
0.043543
0.038169
0.040757
0.039401
0.041813
0.039880
0.038566
0.042749
0.041590
0.041283
0.041934
0.038721
0.040687
0.041433
0.040754
0.041234
0.038794
0.042688
0.043401
0.043550
0.040087
0.036636
0.039377
0.038872
0.045422
0.048110
0.044799
0.046412
0.048589
0.053439
0.050787
0.055176
0.066944
0.035754
0.038817
0.039302
0.042276
0.037629
0.037754
0.042908
0.036927
0.045531
0.039425
0.046522
0.055159
0.047337
0.048164
0.042174
0.039380
0.045874
0.032322
0.030748
0.037711
0.040118
0.059216
0.038991
0.039303
0.041231
0.038779
0.061448
0.053549
0.044345
0.041249
0.058801
0.040438
0.043343
0.051951
0.063084
0.057238
0.047910
0.046566
0.063165
0.044585
0.045640
0.044479
0.046807
0.061713
0.066633
0.049299
0.061969
0.043955
0.048961
0.047335
0.036413
0.045898
0.045667
0.073382
0.044251
0.046736
0.049096
0.049188
0.063634
0.044717
0.045490
0.045131
0.044144
0.044364
0.044599
0.048487
0.032142
0.031224
0.035391
0.038570
0.042390
0.056562
0.055416
0.050636
0.049794
0.046466
0.049037
0.047230
0.049430
0.046774
0.048331
0.046812
0.045891
0.049013
0.047484
0.047482
0.046157
0.048618
0.047540
0.047531
0.046175
0.049160
0.047092
0.047917
0.049006
0.046943
0.046384
0.046016
0.052678
0.052045
0.046176
0.050517
0.049780
0.046350
0.050531
0.047495
0.046298
0.070373
0.055343
0.047211
0.049393
0.047640
0.048020
0.044766
0.046137
0.045977
0.038779
0.040534
0.045485
0.038985
0.031876
0.035301
0.035000
0.036067
0.041445
0.032508
0.035624
0.043124
0.037866
0.039834
0.051518
0.058369
0.043233
0.056385
0.047526
0.048069
0.038823
0.041147
0.047962
0.047614
0.052463
0.048448
0.049846
0.047002
0.048824
0.045907
0.046834
0.047508
0.049886
0.049173
0.053088
0.046777
0.043147
0.041864
0.042170
0.044413
0.040497
0.041316
0.040073
0.057504
0.039678
0.041512
0.040337
0.045645
0.041032
0.030432
0.035021
0.033544
0.040071
0.028366
0.041806
0.040151
0.036072
0.026789
0.037095
0.033653
0.034858
0.029354
0.029875
0.033461
0.037422
0.038073
0.034754
0.037316
0.033714
0.036722
0.034473
0.039742
0.032109
0.034862
0.034808
0.050938
0.043362
0.047814
0.028639
0.034394
0.029439
0.028847
0.033438
0.029821
0.048745
0.030583
0.031023
0.030255
0.036781
0.028785
0.033362
0.030066
0.030917
0.045930
0.035423
0.037714
0.035684
0.035304
0.035618
0.044525
0.034184
0.034558
0.041318
0.032048
0.030014
0.049021
0.048071
0.036268
0.035896
0.048562
0.023545
0.039111
0.022351
0.041222
0.059602
0.028049
0.028968
0.028774
0.031554
0.029956
0.036819
0.029042
0.031992
0.033037
0.030583
0.030418
0.032117
0.031735
0.043938
0.039927
0.057383
0.040174
0.044234
0.050249
0.040064
0.030852
0.031754
0.032393
0.035377
0.049614
0.043848
0.048839
0.052590
0.055991
0.034225
0.032376
0.038737
0.033532
0.032587
0.037824
0.034377
0.034570
0.042145
0.035478
0.035369
0.035023
0.038200
0.037665
0.047687
0.054211
0.057466
0.023004
0.022898
0.047395
0.030917
0.028914
0.030792
0.027361
0.028305
0.026872
0.026769
0.032349
0.028228
0.029636
0.031416
0.028605
0.029972
0.030941
0.029271
0.031567
0.029491
0.029295
0.034045
0.033945
0.038425
0.035418
0.041388
0.032220
0.039873
0.034394
0.035389
0.054068
0.032829
0.038733
0.038455
0.032987
0.041447
0.033003
0.034085
0.032355
0.036532
0.038531
0.035846
0.039770
0.035014
0.025063
0.024859
0.025065
0.031258
0.026197
0.042478
0.031401
0.032239
0.028517
0.026457
0.032809
0.026862
0.026859
0.032058
0.032939
0.028844
0.041739
0.030540
0.027444
0.025502
0.023632
0.023258
0.022938
0.022878
0.023833
0.025196
0.023148
0.025699
0.031880
0.025053
0.033679
0.025546
0.030475
0.030107
0.031880
0.029237
0.027833
0.033502
0.031342
0.029065
0.030484
0.037630
0.032649
0.030080
0.029356
0.034754
0.052230
0.030071
0.042175
0.048253
0.045882
0.069436
0.043246
0.062669
0.049656
0.063241
0.042844
0.062015
0.058203
0.046628
0.060652
0.050618
0.044652
0.047764
0.063590
0.065083
0.046542
0.046903
0.036190
0.040761
0.040396
0.034597
0.033327
0.035470
0.046842
0.067926
0.038107
0.038046
0.040364
0.040100
0.033598
0.031031
0.021927
0.024165
0.022321
0.025995
0.026849
0.046120
0.027523
0.033511
0.032109
0.029510
0.057789
0.035999
0.024689
0.023375
0.023113
0.023253
0.020411
0.020585
0.020844
0.018841
0.025038
0.020780
0.022259
0.023155
0.031305
0.022738
0.024676
0.020924
0.021030
0.020959
0.027027
0.022866
0.023882
0.022411
0.023892
0.023010
0.022248
0.021686
0.025106
0.027200
0.022225
0.023144
0.035797
0.017954
0.033799
0.022402
0.018412
0.018159
0.018665
0.023023
0.019621
0.015883
0.014951
0.023565
0.015546
0.015958
0.015644
0.015639
0.017859
0.015961
0.017124
0.015749
0.017212
0.024385
0.019509
0.020533
0.037715
0.034515
0.019138
0.019008
0.021337
0.021767
0.021089
0.024826
0.024546
0.022687
0.021553
0.022669
0.022353
0.024901
0.020591
0.020772
0.023324
0.030574
0.027350
0.025583
0.022996
0.020368
0.020234
0.019113
0.018332
0.023351
0.020288
0.021887
0.022428
0.024341
0.026014
0.021852
0.023359
0.037425
0.023231
0.028720
0.030556
0.021441
0.023061
0.021875
0.017364
0.028049
0.024894
0.018974
0.023343
0.020423
0.034863
0.024244
0.018376
0.019245
0.026385
0.025636
0.024980
0.025140
0.025219
0.025290
0.032093
0.025395
0.023625
0.024713
0.029967
0.026712
0.026425
0.041492
0.027644
0.034420
0.026413
0.032416
0.027207
0.028667
0.030680
0.034837
0.018851
0.029357
0.018505
0.037458
0.044146
0.041291
0.046583
0.044057
0.051533
0.049634
0.045896
0.053243
0.048764
0.031469
0.025099
0.025872
0.015565
0.032283
0.017906
0.017679
0.017115
0.020475
0.020267
0.026208
0.028259
0.027507
0.022484
0.026475
0.021725
0.020689
0.015945
0.017500
0.014516
0.015651
0.015339
0.014961
0.015427
0.018723
0.019276
0.020608
0.015535
0.020469
0.015008
0.022531
0.024808
0.022586
0.026168
0.022477
0.032235
0.017982
0.021282
0.015774
0.015718
0.018471
0.015532
0.015576
0.018050
0.016018
0.017742
0.015168
0.017068
0.016762
0.026985
0.015518
0.021864
0.015265
0.017008
0.019375
0.015805
0.017069
0.015457
0.015899
0.018692
0.016584
0.016080
0.015810
0.015326
0.018211
0.014826
0.021698
0.015402
0.017690
0.015236
0.024623
0.021672
0.017279
0.018283
0.016345
0.016334
0.015234
0.017661
0.015737
0.017962
0.015743
0.016238
0.017222
0.015594
0.015426
0.015945
0.017814
0.020505
0.017378
0.016282
0.015502
0.018283
0.018221
0.016114
0.015910
0.015422
0.017112
0.029845
0.022221
0.014452
0.018246
0.021123
0.017258
0.019150
0.016834
0.016519
0.018101
0.018358
0.018772
0.017872
0.016771
0.016421
0.019520
0.017642
0.017987
0.016869
0.016665
0.018038
0.023832
0.023674
0.021107
0.021265
0.023043
0.022552
0.020514
0.020306
0.021046
0.021084
0.019369
0.018800
0.016881
0.015641
0.015556
0.015453
0.020000
0.016366
0.018034
0.016114
0.015504
0.015441
0.021082
0.018792
0.015805
0.017932
0.019524
0.019179
0.020265
0.017930
0.020047
0.018034
0.018107
0.018089
0.020631
0.019134
0.018255
0.018253
0.020105
0.018213
0.018447
0.018037
0.019093
0.023404
0.019378
0.018961
0.018260
0.020763
0.021204
0.022368
0.021842
0.029718
0.025125
0.022240
0.032377
0.016179
0.017610
0.018988
0.017968
0.018678
0.016024
0.017807
0.021048
0.019637
0.015945
0.016829
0.017568
0.019571
0.018579
0.019672
0.016889
0.018827
0.023496
0.017668
0.017303
0.018892
0.021452
0.017910
0.019501
0.016901
0.019158
0.020795
0.017503
0.017274
0.017349
0.019966
0.018656
0.017416
0.019210
0.022615
0.018303
0.020259
0.020063
0.026799
0.021580
0.020715
0.019748
0.020648
0.019980
0.019821
0.023414
0.021396
0.022077
0.024126
0.025380
0.020187
0.017741
0.019799
0.019083
0.020653
0.021161
0.019962
0.019619
0.020236
0.020310
0.021875
0.026242
0.038394
0.021576
0.022102
0.029738
0.023499
0.042280
0.024345
0.024011
0.021238
0.020978
0.024489
0.023134
0.023484
0.022457
0.018642
0.044133
0.020664
0.018011
0.020010
0.025412
0.022862
0.022550
0.022357
0.024422
0.024881
0.024557
0.023371
0.032430
0.022357
0.023047
0.023580
0.022843
0.025080
0.022778
0.022497
0.025361
0.025708
0.024328
0.024022
0.029014
0.022387
0.022535
0.024115
0.024777
0.026324
0.035802
0.023727
0.025003
0.033783
0.041002
0.026336
0.027025
0.027534
0.026341
0.036035
0.043648
0.026590
0.028142
0.031933
0.047997
0.026699
0.025264
0.039205
0.031480
0.025881
0.030040
0.033108
0.031528
0.025764
0.036852
0.041652
0.033798
0.026294
0.026328
0.028915
0.028016
0.026652
0.036558
0.025796
0.028105
0.023560
0.022531
0.023642
0.022149
0.028589
0.023837
0.026126
0.032208
0.025825
0.029969
0.030581
0.044176
0.038642
0.027981
0.030925
0.038986
0.028064
0.027381
0.036395
0.038508
0.024807
0.027436
0.029316
0.031701
0.044090
0.043862
0.035081
0.028941
0.027705
0.030154
0.028042
0.029017
0.033498
0.032796
0.028115
0.027654
0.027860
0.042012
0.029169
0.028534
0.040379
0.030100
0.028597
0.029477
0.033733
0.033118
0.038609
0.028224
0.028265
0.029123
0.028450
0.030582
0.031488
0.031552
0.028722
0.029127
0.032437
0.029284
0.028198
0.028756
0.029521
0.032139
0.030223
0.029231
0.029428
0.029941
0.028455
0.030423
0.028638
0.032622
0.028568
0.028903
0.030029
0.029220
0.028360
0.028227
0.039829
0.031607
0.031196
0.034177
0.033058
0.030486
0.031506
0.038776
0.031435
0.030193
0.049382
0.028188
0.028196
0.043986
0.026614
0.034309
0.026946
0.025395
0.038091
0.048094
0.028778
0.028452
0.030255
0.028762
0.045413
0.040545
0.033282
0.027802
0.032448
0.030308
0.029539
0.051736
0.029654
0.044443
0.140571
0.034361
0.031708
0.029722
0.032340
0.032329
0.029248
0.047131
0.031838
0.034413
0.031302
0.046743
0.031384
0.037047
0.030003
0.048008
0.029495
0.029430
0.041918
0.031826
0.030949
0.052557
0.031776
0.032564
0.038168
0.029890
0.032979
0.032221
0.031490
0.031057
0.030709
0.031451
0.030836
0.028814
0.030582
0.042387
0.036921
0.031559
0.033059
0.030784
0.036538
0.041467
0.032540
0.048577
0.047078
0.046244
0.057873
0.041539
0.044672
0.043531
0.044494
0.045558
0.031670
0.031194
0.043593
0.032738
0.029962
0.029412
0.030413
0.034974
0.032487
0.032053
0.037566
0.032025
0.032486
0.033325
0.033811
0.031988
0.032326
0.032584
0.032297
0.026801
0.032294
0.029834
0.029885
0.030879
0.029610
0.026859
