1
697.2606,573.5106,64.4787,39.9787
372.0000,920.5000,82.0000,33.0000
875.8006,358.5506,111.3989,86.8989
899.6499,364.3999,71.7002,47.2002
599.0000,343.5000,82.0000,33.0000
599.0000,343.5000,82.0000,33.0000
599.0000,343.5000,82.0000,33.0000
552.0000,732.5000,82.0000,33.0000
552.0000,732.5000,82.0000,33.0000
552.0000,760.5000,82.0000,33.0000
552.0000,760.5000,82.0000,33.0000
599.0000,343.5000,82.0000,33.0000
599.0000,343.5000,82.0000,33.0000
741.9080,545.1580,98.1839,73.6839
737.7698,553.5198,88.4605,63.9605
787.6258,563.8758,60.7484,36.2484
744.0568,538.3068,116.8864,92.3864
752.3244,539.0744,117.3512,92.8512
769.0104,546.2604,94.9792,70.4792
772.8574,534.6074,111.2851,86.7851
744.5186,546.7686,94.9630,70.4630
552.0000,761.5000,82.0000,33.0000
599.0000,343.5000,82.0000,33.0000
759.3134,547.5634,82.3733,57.8733
599.0000,343.5000,82.0000,33.0000
599.0000,343.5000,82.0000,33.0000
599.0000,343.5000,82.0000,33.0000
599.0000,343.5000,82.0000,33.0000
599.0000,343.5000,82.0000,33.0000
599.0000,343.5000,82.0000,33.0000
599.0000,343.5000,82.0000,33.0000
599.0000,343.5000,82.0000,33.0000
599.0000,343.5000,82.0000,33.0000
599.0000,343.5000,82.0000,33.0000
599.0000,343.5000,82.0000,33.0000
599.0000,343.5000,82.0000,33.0000
599.0000,343.5000,82.0000,33.0000
599.0000,343.5000,82.0000,33.0000
599.0000,343.5000,82.0000,33.0000
535.0000,324.5000,82.0000,33.0000
599.0000,343.5000,82.0000,33.0000
599.0000,343.5000,82.0000,33.0000
887.7720,537.0220,69.4561,44.9561
891.8689,552.1189,69.2622,44.7622
897.2574,555.5074,49.4853,24.9853
902.8375,498.5875,77.3249,52.8249
528.0000,906.5000,82.0000,33.0000
599.0000,343.5000,82.0000,33.0000
599.0000,343.5000,82.0000,33.0000
833.8924,540.6424,92.2152,67.7152
804.9829,532.2329,114.0342,89.5342
722.4376,519.1876,137.1249,112.6249
812.8122,513.5622,136.3756,111.8756
599.0000,343.5000,82.0000,33.0000
599.0000,343.5000,82.0000,33.0000
599.0000,343.5000,82.0000,33.0000
551.0000,935.5000,82.0000,33.0000
552.0000,877.5000,82.0000,33.0000
535.0000,920.5000,82.0000,33.0000
543.0000,731.5000,82.0000,33.0000
603.8494,545.0994,84.3013,59.8013
599.0000,343.5000,82.0000,33.0000
599.0000,343.5000,82.0000,33.0000
599.0000,343.5000,82.0000,33.0000
560.0000,920.5000,82.0000,33.0000
878.6308,548.8808,97.7384,73.2384
535.0000,862.5000,82.0000,33.0000
882.3615,556.6115,72.2770,47.7770
795.3114,529.0614,123.3772,98.8772
535.0000,920.5000,82.0000,33.0000
768.3086,518.0586,127.3829,102.8829
744.9112,515.6612,138.1777,113.6777
912.3604,555.6104,78.2794,53.7794
527.0000,805.5000,82.0000,33.0000
544.0000,761.5000,82.0000,33.0000
599.0000,343.5000,82.0000,33.0000
770.7516,554.0016,78.4967,53.9967
599.0000,343.5000,82.0000,33.0000
599.0000,343.5000,82.0000,33.0000
599.0000,343.5000,82.0000,33.0000
599.0000,343.5000,82.0000,33.0000
599.0000,343.5000,82.0000,33.0000
599.0000,343.5000,82.0000,33.0000
599.0000,343.5000,82.0000,33.0000
599.0000,343.5000,82.0000,33.0000
599.0000,343.5000,82.0000,33.0000
599.0000,343.5000,82.0000,33.0000
599.0000,343.5000,82.0000,33.0000
599.0000,343.5000,82.0000,33.0000
599.0000,343.5000,82.0000,33.0000
599.0000,343.5000,82.0000,33.0000
599.0000,343.5000,82.0000,33.0000
599.0000,343.5000,82.0000,33.0000
599.0000,343.5000,82.0000,33.0000
599.0000,343.5000,82.0000,33.0000
599.0000,343.5000,82.0000,33.0000
599.0000,343.5000,82.0000,33.0000
599.0000,343.5000,82.0000,33.0000
908.2306,366.4806,92.5388,68.0388
355.0000,935.5000,82.0000,33.0000
599.0000,343.5000,82.0000,33.0000
599.0000,343.5000,82.0000,33.0000
599.0000,343.5000,82.0000,33.0000
599.0000,343.5000,82.0000,33.0000
599.0000,343.5000,82.0000,33.0000
599.0000,343.5000,82.0000,33.0000
599.0000,343.5000,82.0000,33.0000
599.0000,343.5000,82.0000,33.0000
518.0000,237.5000,82.0000,33.0000
519.0000,237.5000,82.0000,33.0000
599.0000,343.5000,82.0000,33.0000
599.0000,343.5000,82.0000,33.0000
599.0000,343.5000,82.0000,33.0000
510.0000,266.5000,82.0000,33.0000
599.0000,343.5000,82.0000,33.0000
599.0000,343.5000,82.0000,33.0000
519.0000,237.5000,82.0000,33.0000
536.0000,921.5000,82.0000,33.0000
599.0000,343.5000,82.0000,33.0000
543.0000,950.5000,82.0000,33.0000
599.0000,343.5000,82.0000,33.0000
599.0000,343.5000,82.0000,33.0000
599.0000,343.5000,82.0000,33.0000
543.0000,936.5000,82.0000,33.0000
599.0000,343.5000,82.0000,33.0000
599.0000,343.5000,82.0000,33.0000
599.0000,343.5000,82.0000,33.0000
599.0000,343.5000,82.0000,33.0000
543.0000,266.5000,82.0000,33.0000
599.0000,343.5000,82.0000,33.0000
599.0000,343.5000,82.0000,33.0000
544.0000,237.5000,82.0000,33.0000
599.0000,343.5000,82.0000,33.0000
599.0000,343.5000,82.0000,33.0000
599.0000,343.5000,82.0000,33.0000
207.9983,562.2483,77.0035,52.5035
599.0000,343.5000,82.0000,33.0000
599.0000,343.5000,82.0000,33.0000
599.0000,343.5000,82.0000,33.0000
599.0000,343.5000,82.0000,33.0000
599.0000,343.5000,82.0000,33.0000
599.0000,343.5000,82.0000,33.0000
599.0000,343.5000,82.0000,33.0000
599.0000,343.5000,82.0000,33.0000
599.0000,343.5000,82.0000,33.0000
599.0000,343.5000,82.0000,33.0000
599.0000,343.5000,82.0000,33.0000
599.0000,343.5000,82.0000,33.0000
599.0000,343.5000,82.0000,33.0000
599.0000,343.5000,82.0000,33.0000
599.0000,343.5000,82.0000,33.0000
599.0000,343.5000,82.0000,33.0000
599.0000,343.5000,82.0000,33.0000
599.0000,343.5000,82.0000,33.0000
599.0000,343.5000,82.0000,33.0000
599.0000,343.5000,82.0000,33.0000
599.0000,343.5000,82.0000,33.0000
599.0000,343.5000,82.0000,33.0000
599.0000,343.5000,82.0000,33.0000
599.0000,343.5000,82.0000,33.0000
599.0000,343.5000,82.0000,33.0000
599.0000,343.5000,82.0000,33.0000
599.0000,343.5000,82.0000,33.0000
599.0000,343.5000,82.0000,33.0000
599.0000,343.5000,82.0000,33.0000
599.0000,343.5000,82.0000,33.0000
599.0000,343.5000,82.0000,33.0000
599.0000,343.5000,82.0000,33.0000
599.0000,343.5000,82.0000,33.0000
599.0000,343.5000,82.0000,33.0000
599.0000,343.5000,82.0000,33.0000
599.0000,343.5000,82.0000,33.0000
599.0000,343.5000,82.0000,33.0000
599.0000,343.5000,82.0000,33.0000
519.0000,237.5000,82.0000,33.0000
599.0000,343.5000,82.0000,33.0000
599.0000,343.5000,82.0000,33.0000
599.0000,343.5000,82.0000,33.0000
599.0000,343.5000,82.0000,33.0000
599.0000,343.5000,82.0000,33.0000
599.0000,343.5000,82.0000,33.0000
599.0000,343.5000,82.0000,33.0000
599.0000,343.5000,82.0000,33.0000
599.0000,343.5000,82.0000,33.0000
599.0000,343.5000,82.0000,33.0000
599.0000,343.5000,82.0000,33.0000
599.0000,343.5000,82.0000,33.0000
599.0000,343.5000,82.0000,33.0000
599.0000,343.5000,82.0000,33.0000
599.0000,343.5000,82.0000,33.0000
599.0000,343.5000,82.0000,33.0000
518.0000,760.5000,82.0000,33.0000
599.0000,343.5000,82.0000,33.0000
599.0000,343.5000,82.0000,33.0000
599.0000,343.5000,82.0000,33.0000
599.0000,343.5000,82.0000,33.0000
599.0000,343.5000,82.0000,33.0000
599.0000,343.5000,82.0000,33.0000
599.0000,343.5000,82.0000,33.0000
599.0000,343.5000,82.0000,33.0000
599.0000,343.5000,82.0000,33.0000
599.0000,343.5000,82.0000,33.0000
599.0000,343.5000,82.0000,33.0000
599.0000,343.5000,82.0000,33.0000
599.0000,343.5000,82.0000,33.0000
599.0000,343.5000,82.0000,33.0000
599.0000,343.5000,82.0000,33.0000
599.0000,343.5000,82.0000,33.0000
599.0000,343.5000,82.0000,33.0000
599.0000,343.5000,82.0000,33.0000
599.0000,343.5000,82.0000,33.0000
599.0000,343.5000,82.0000,33.0000
599.0000,343.5000,82.0000,33.0000
599.0000,343.5000,82.0000,33.0000
339.0000,673.5000,82.0000,33.0000
599.0000,343.5000,82.0000,33.0000
599.0000,343.5000,82.0000,33.0000
599.0000,343.5000,82.0000,33.0000
599.0000,343.5000,82.0000,33.0000
599.0000,343.5000,82.0000,33.0000
599.0000,343.5000,82.0000,33.0000
599.0000,343.5000,82.0000,33.0000
599.0000,343.5000,82.0000,33.0000
599.0000,343.5000,82.0000,33.0000
599.0000,343.5000,82.0000,33.0000
599.0000,343.5000,82.0000,33.0000
306.0000,921.5000,82.0000,33.0000
830.3940,337.6440,81.2119,56.7119
599.0000,343.5000,82.0000,33.0000
331.0000,921.5000,82.0000,33.0000
371.0000,921.5000,82.0000,33.0000
599.0000,343.5000,82.0000,33.0000
899.8903,343.1403,103.2194,78.7194
599.0000,343.5000,82.0000,33.0000
331.0000,921.5000,82.0000,33.0000
599.0000,343.5000,82.0000,33.0000
599.0000,343.5000,82.0000,33.0000
599.0000,343.5000,82.0000,33.0000
599.0000,343.5000,82.0000,33.0000
599.0000,343.5000,82.0000,33.0000
364.0000,978.5000,82.0000,33.0000
915.5287,348.7787,125.9426,101.4426
975.5438,341.2938,80.9124,56.4124
599.0000,343.5000,82.0000,33.0000
599.0000,343.5000,82.0000,33.0000
599.0000,343.5000,82.0000,33.0000
543.0000,964.5000,82.0000,33.0000
952.4712,542.2212,80.0576,55.5577
938.1292,552.8792,74.7417,50.2417
599.0000,343.5000,82.0000,33.0000
599.0000,343.5000,82.0000,33.0000
599.0000,343.5000,82.0000,33.0000
599.0000,343.5000,82.0000,33.0000
599.0000,343.5000,82.0000,33.0000
599.0000,343.5000,82.0000,33.0000
599.0000,343.5000,82.0000,33.0000
599.0000,343.5000,82.0000,33.0000
599.0000,343.5000,82.0000,33.0000
599.0000,343.5000,82.0000,33.0000
599.0000,343.5000,82.0000,33.0000
599.0000,343.5000,82.0000,33.0000
599.0000,343.5000,82.0000,33.0000
599.0000,343.5000,82.0000,33.0000
599.0000,343.5000,82.0000,33.0000
599.0000,343.5000,82.0000,33.0000
599.0000,343.5000,82.0000,33.0000
599.0000,343.5000,82.0000,33.0000
599.0000,343.5000,82.0000,33.0000
599.0000,343.5000,82.0000,33.0000
599.0000,343.5000,82.0000,33.0000
599.0000,343.5000,82.0000,33.0000
599.0000,343.5000,82.0000,33.0000
599.0000,343.5000,82.0000,33.0000
599.0000,343.5000,82.0000,33.0000
599.0000,343.5000,82.0000,33.0000
599.0000,343.5000,82.0000,33.0000
599.0000,343.5000,82.0000,33.0000
599.0000,343.5000,82.0000,33.0000
599.0000,343.5000,82.0000,33.0000
599.0000,343.5000,82.0000,33.0000
599.0000,343.5000,82.0000,33.0000
599.0000,343.5000,82.0000,33.0000
599.0000,343.5000,82.0000,33.0000
599.0000,343.5000,82.0000,33.0000
599.0000,343.5000,82.0000,33.0000
528.0000,921.5000,82.0000,33.0000
599.0000,343.5000,82.0000,33.0000
599.0000,343.5000,82.0000,33.0000
599.0000,343.5000,82.0000,33.0000
599.0000,343.5000,82.0000,33.0000
599.0000,343.5000,82.0000,33.0000
599.0000,343.5000,82.0000,33.0000
599.0000,343.5000,82.0000,33.0000
599.0000,343.5000,82.0000,33.0000
599.0000,343.5000,82.0000,33.0000
599.0000,343.5000,82.0000,33.0000
599.0000,343.5000,82.0000,33.0000
527.0000,280.5000,82.0000,33.0000
599.0000,343.5000,82.0000,33.0000
599.0000,343.5000,82.0000,33.0000
599.0000,343.5000,82.0000,33.0000
599.0000,343.5000,82.0000,33.0000
543.0000,950.5000,82.0000,33.0000
599.0000,343.5000,82.0000,33.0000
599.0000,343.5000,82.0000,33.0000
599.0000,343.5000,82.0000,33.0000
599.0000,343.5000,82.0000,33.0000
599.0000,343.5000,82.0000,33.0000
599.0000,343.5000,82.0000,33.0000
519.0000,237.5000,82.0000,33.0000
551.0000,237.5000,82.0000,33.0000
599.0000,343.5000,82.0000,33.0000
599.0000,343.5000,82.0000,33.0000
527.0000,965.5000,82.0000,33.0000
544.0000,237.5000,82.0000,33.0000
544.0000,237.5000,82.0000,33.0000
599.0000,343.5000,82.0000,33.0000
544.0000,208.5000,82.0000,33.0000
552.0000,223.5000,82.0000,33.0000
599.0000,343.5000,82.0000,33.0000
551.0000,223.5000,82.0000,33.0000
551.0000,222.5000,82.0000,33.0000
599.0000,343.5000,82.0000,33.0000
599.0000,343.5000,82.0000,33.0000
599.0000,343.5000,82.0000,33.0000
551.0000,237.5000,82.0000,33.0000
599.0000,343.5000,82.0000,33.0000
599.0000,343.5000,82.0000,33.0000
599.0000,343.5000,82.0000,33.0000
599.0000,343.5000,82.0000,33.0000
599.0000,343.5000,82.0000,33.0000
527.0000,979.5000,82.0000,33.0000
599.0000,343.5000,82.0000,33.0000
599.0000,343.5000,82.0000,33.0000
599.0000,343.5000,82.0000,33.0000
599.0000,343.5000,82.0000,33.0000
599.0000,343.5000,82.0000,33.0000
599.0000,343.5000,82.0000,33.0000
599.0000,343.5000,82.0000,33.0000
599.0000,343.5000,82.0000,33.0000
599.0000,343.5000,82.0000,33.0000
599.0000,343.5000,82.0000,33.0000
599.0000,343.5000,82.0000,33.0000
599.0000,343.5000,82.0000,33.0000
599.0000,343.5000,82.0000,33.0000
599.0000,343.5000,82.0000,33.0000
599.0000,343.5000,82.0000,33.0000
599.0000,343.5000,82.0000,33.0000
599.0000,343.5000,82.0000,33.0000
599.0000,343.5000,82.0000,33.0000
599.0000,343.5000,82.0000,33.0000
599.0000,343.5000,82.0000,33.0000
599.0000,343.5000,82.0000,33.0000
599.0000,343.5000,82.0000,33.0000
599.0000,343.5000,82.0000,33.0000
599.0000,343.5000,82.0000,33.0000
599.0000,343.5000,82.0000,33.0000
599.0000,343.5000,82.0000,33.0000
599.0000,343.5000,82.0000,33.0000
599.0000,343.5000,82.0000,33.0000
599.0000,343.5000,82.0000,33.0000
599.0000,343.5000,82.0000,33.0000
599.0000,343.5000,82.0000,33.0000
599.0000,343.5000,82.0000,33.0000
599.0000,343.5000,82.0000,33.0000
599.0000,343.5000,82.0000,33.0000
599.0000,343.5000,82.0000,33.0000
599.0000,343.5000,82.0000,33.0000
599.0000,343.5000,82.0000,33.0000
599.0000,343.5000,82.0000,33.0000
599.0000,343.5000,82.0000,33.0000
599.0000,343.5000,82.0000,33.0000
599.0000,343.5000,82.0000,33.0000
599.0000,343.5000,82.0000,33.0000
599.0000,343.5000,82.0000,33.0000
599.0000,343.5000,82.0000,33.0000
599.0000,343.5000,82.0000,33.0000
599.0000,343.5000,82.0000,33.0000
599.0000,343.5000,82.0000,33.0000
599.0000,343.5000,82.0000,33.0000
599.0000,343.5000,82.0000,33.0000
599.0000,343.5000,82.0000,33.0000
599.0000,343.5000,82.0000,33.0000
599.0000,343.5000,82.0000,33.0000
599.0000,343.5000,82.0000,33.0000
599.0000,343.5000,82.0000,33.0000
599.0000,343.5000,82.0000,33.0000
599.0000,343.5000,82.0000,33.0000
599.0000,343.5000,82.0000,33.0000
599.0000,343.5000,82.0000,33.0000
599.0000,343.5000,82.0000,33.0000
599.0000,343.5000,82.0000,33.0000
599.0000,343.5000,82.0000,33.0000
599.0000,343.5000,82.0000,33.0000
599.0000,343.5000,82.0000,33.0000
599.0000,343.5000,82.0000,33.0000
599.0000,343.5000,82.0000,33.0000
599.0000,343.5000,82.0000,33.0000
599.0000,343.5000,82.0000,33.0000
599.0000,343.5000,82.0000,33.0000
599.0000,343.5000,82.0000,33.0000
599.0000,343.5000,82.0000,33.0000
599.0000,343.5000,82.0000,33.0000
599.0000,343.5000,82.0000,33.0000
599.0000,343.5000,82.0000,33.0000
599.0000,343.5000,82.0000,33.0000
535.0000,921.5000,82.0000,33.0000
599.0000,343.5000,82.0000,33.0000
599.0000,343.5000,82.0000,33.0000
599.0000,343.5000,82.0000,33.0000
599.0000,343.5000,82.0000,33.0000
599.0000,343.5000,82.0000,33.0000
599.0000,343.5000,82.0000,33.0000
599.0000,343.5000,82.0000,33.0000
599.0000,343.5000,82.0000,33.0000
599.0000,343.5000,82.0000,33.0000
599.0000,343.5000,82.0000,33.0000
599.0000,343.5000,82.0000,33.0000
599.0000,343.5000,82.0000,33.0000
599.0000,343.5000,82.0000,33.0000
599.0000,343.5000,82.0000,33.0000
599.0000,343.5000,82.0000,33.0000
599.0000,343.5000,82.0000,33.0000
599.0000,343.5000,82.0000,33.0000
599.0000,343.5000,82.0000,33.0000
599.0000,343.5000,82.0000,33.0000
599.0000,343.5000,82.0000,33.0000
599.0000,343.5000,82.0000,33.0000
599.0000,343.5000,82.0000,33.0000
599.0000,343.5000,82.0000,33.0000
599.0000,343.5000,82.0000,33.0000
599.0000,343.5000,82.0000,33.0000
599.0000,343.5000,82.0000,33.0000
599.0000,343.5000,82.0000,33.0000
599.0000,343.5000,82.0000,33.0000
599.0000,343.5000,82.0000,33.0000
599.0000,343.5000,82.0000,33.0000
599.0000,343.5000,82.0000,33.0000
599.0000,343.5000,82.0000,33.0000
599.0000,343.5000,82.0000,33.0000
599.0000,343.5000,82.0000,33.0000
599.0000,343.5000,82.0000,33.0000
599.0000,343.5000,82.0000,33.0000
599.0000,343.5000,82.0000,33.0000
599.0000,343.5000,82.0000,33.0000
599.0000,343.5000,82.0000,33.0000
599.0000,343.5000,82.0000,33.0000
599.0000,343.5000,82.0000,33.0000
599.0000,343.5000,82.0000,33.0000
599.0000,343.5000,82.0000,33.0000
599.0000,343.5000,82.0000,33.0000
599.0000,343.5000,82.0000,33.0000
599.0000,343.5000,82.0000,33.0000
599.0000,343.5000,82.0000,33.0000
599.0000,343.5000,82.0000,33.0000
599.0000,343.5000,82.0000,33.0000
599.0000,343.5000,82.0000,33.0000
599.0000,343.5000,82.0000,33.0000
599.0000,343.5000,82.0000,33.0000
599.0000,343.5000,82.0000,33.0000
599.0000,343.5000,82.0000,33.0000
599.0000,343.5000,82.0000,33.0000
599.0000,343.5000,82.0000,33.0000
599.0000,343.5000,82.0000,33.0000
599.0000,343.5000,82.0000,33.0000
599.0000,343.5000,82.0000,33.0000
599.0000,343.5000,82.0000,33.0000
599.0000,343.5000,82.0000,33.0000
599.0000,343.5000,82.0000,33.0000
599.0000,343.5000,82.0000,33.0000
599.0000,343.5000,82.0000,33.0000
599.0000,343.5000,82.0000,33.0000
599.0000,343.5000,82.0000,33.0000
599.0000,343.5000,82.0000,33.0000
599.0000,343.5000,82.0000,33.0000
599.0000,343.5000,82.0000,33.0000
599.0000,343.5000,82.0000,33.0000
599.0000,343.5000,82.0000,33.0000
599.0000,343.5000,82.0000,33.0000
599.0000,343.5000,82.0000,33.0000
599.0000,343.5000,82.0000,33.0000
599.0000,343.5000,82.0000,33.0000
599.0000,343.5000,82.0000,33.0000
599.0000,343.5000,82.0000,33.0000
599.0000,343.5000,82.0000,33.0000
599.0000,343.5000,82.0000,33.0000
599.0000,343.5000,82.0000,33.0000
478.0000,237.5000,82.0000,33.0000
599.0000,343.5000,82.0000,33.0000
599.0000,343.5000,82.0000,33.0000
599.0000,343.5000,82.0000,33.0000
599.0000,343.5000,82.0000,33.0000
599.0000,343.5000,82.0000,33.0000
599.0000,343.5000,82.0000,33.0000
599.0000,343.5000,82.0000,33.0000
599.0000,343.5000,82.0000,33.0000
599.0000,343.5000,82.0000,33.0000
599.0000,343.5000,82.0000,33.0000
599.0000,343.5000,82.0000,33.0000
599.0000,343.5000,82.0000,33.0000
599.0000,343.5000,82.0000,33.0000
599.0000,343.5000,82.0000,33.0000
599.0000,343.5000,82.0000,33.0000
599.0000,343.5000,82.0000,33.0000
599.0000,343.5000,82.0000,33.0000
599.0000,343.5000,82.0000,33.0000
599.0000,343.5000,82.0000,33.0000
599.0000,343.5000,82.0000,33.0000
599.0000,343.5000,82.0000,33.0000
599.0000,343.5000,82.0000,33.0000
599.0000,343.5000,82.0000,33.0000
599.0000,343.5000,82.0000,33.0000
599.0000,343.5000,82.0000,33.0000
599.0000,343.5000,82.0000,33.0000
599.0000,343.5000,82.0000,33.0000
599.0000,343.5000,82.0000,33.0000
599.0000,343.5000,82.0000,33.0000
599.0000,343.5000,82.0000,33.0000
599.0000,343.5000,82.0000,33.0000
599.0000,343.5000,82.0000,33.0000
225.0000,964.5000,82.0000,33.0000
519.0000,906.5000,82.0000,33.0000
599.0000,343.5000,82.0000,33.0000
535.0000,266.5000,82.0000,33.0000
543.0000,237.5000,82.0000,33.0000
519.0000,237.5000,82.0000,33.0000
599.0000,343.5000,82.0000,33.0000
519.0000,266.5000,82.0000,33.0000
599.0000,343.5000,82.0000,33.0000
535.0000,266.5000,82.0000,33.0000
599.0000,343.5000,82.0000,33.0000
222.3970,546.6470,87.2061,62.7061
544.0000,237.5000,82.0000,33.0000
543.0000,237.5000,82.0000,33.0000
599.0000,343.5000,82.0000,33.0000
599.0000,343.5000,82.0000,33.0000
599.0000,343.5000,82.0000,33.0000
551.0000,237.5000,82.0000,33.0000
599.0000,343.5000,82.0000,33.0000
599.0000,343.5000,82.0000,33.0000
599.0000,343.5000,82.0000,33.0000
599.0000,343.5000,82.0000,33.0000
599.0000,343.5000,82.0000,33.0000
599.0000,343.5000,82.0000,33.0000
599.0000,343.5000,82.0000,33.0000
599.0000,343.5000,82.0000,33.0000
599.0000,343.5000,82.0000,33.0000
599.0000,343.5000,82.0000,33.0000
599.0000,343.5000,82.0000,33.0000
599.0000,343.5000,82.0000,33.0000
599.0000,343.5000,82.0000,33.0000
599.0000,343.5000,82.0000,33.0000
599.0000,343.5000,82.0000,33.0000
599.0000,343.5000,82.0000,33.0000
599.0000,343.5000,82.0000,33.0000
599.0000,343.5000,82.0000,33.0000
599.0000,343.5000,82.0000,33.0000
599.0000,343.5000,82.0000,33.0000
599.0000,343.5000,82.0000,33.0000
599.0000,343.5000,82.0000,33.0000
599.0000,343.5000,82.0000,33.0000
599.0000,343.5000,82.0000,33.0000
599.0000,343.5000,82.0000,33.0000
599.0000,343.5000,82.0000,33.0000
599.0000,343.5000,82.0000,33.0000
599.0000,343.5000,82.0000,33.0000
599.0000,343.5000,82.0000,33.0000
599.0000,343.5000,82.0000,33.0000
599.0000,343.5000,82.0000,33.0000
599.0000,343.5000,82.0000,33.0000
599.0000,343.5000,82.0000,33.0000
519.0000,935.5000,82.0000,33.0000
599.0000,343.5000,82.0000,33.0000
599.0000,343.5000,82.0000,33.0000
599.0000,343.5000,82.0000,33.0000
599.0000,343.5000,82.0000,33.0000
599.0000,343.5000,82.0000,33.0000
599.0000,343.5000,82.0000,33.0000
599.0000,343.5000,82.0000,33.0000
599.0000,343.5000,82.0000,33.0000
599.0000,343.5000,82.0000,33.0000
599.0000,343.5000,82.0000,33.0000
599.0000,343.5000,82.0000,33.0000
599.0000,343.5000,82.0000,33.0000
599.0000,343.5000,82.0000,33.0000
599.0000,343.5000,82.0000,33.0000
599.0000,343.5000,82.0000,33.0000
599.0000,343.5000,82.0000,33.0000
599.0000,343.5000,82.0000,33.0000
599.0000,343.5000,82.0000,33.0000
599.0000,343.5000,82.0000,33.0000
599.0000,343.5000,82.0000,33.0000
599.0000,343.5000,82.0000,33.0000
599.0000,343.5000,82.0000,33.0000
599.0000,343.5000,82.0000,33.0000
599.0000,343.5000,82.0000,33.0000
599.0000,343.5000,82.0000,33.0000
599.0000,343.5000,82.0000,33.0000
599.0000,343.5000,82.0000,33.0000
599.0000,343.5000,82.0000,33.0000
599.0000,343.5000,82.0000,33.0000
599.0000,343.5000,82.0000,33.0000
599.0000,343.5000,82.0000,33.0000
599.0000,343.5000,82.0000,33.0000
599.0000,343.5000,82.0000,33.0000
599.0000,343.5000,82.0000,33.0000
599.0000,343.5000,82.0000,33.0000
536.0000,921.5000,82.0000,33.0000
599.0000,343.5000,82.0000,33.0000
527.0000,223.5000,82.0000,33.0000
599.0000,343.5000,82.0000,33.0000
527.0000,223.5000,82.0000,33.0000
599.0000,343.5000,82.0000,33.0000
535.0000,222.5000,82.0000,33.0000
599.0000,343.5000,82.0000,33.0000
599.0000,343.5000,82.0000,33.0000
599.0000,343.5000,82.0000,33.0000
599.0000,343.5000,82.0000,33.0000
599.0000,343.5000,82.0000,33.0000
599.0000,343.5000,82.0000,33.0000
599.0000,343.5000,82.0000,33.0000
599.0000,343.5000,82.0000,33.0000
599.0000,343.5000,82.0000,33.0000
599.0000,343.5000,82.0000,33.0000
599.0000,343.5000,82.0000,33.0000
535.0000,921.5000,82.0000,33.0000
599.0000,343.5000,82.0000,33.0000
599.0000,343.5000,82.0000,33.0000
599.0000,343.5000,82.0000,33.0000
599.0000,343.5000,82.0000,33.0000
323.0000,1022.5000,82.0000,33.0000
599.0000,343.5000,82.0000,33.0000
941.0709,347.3208,108.8583,84.3583
933.6625,332.9125,114.6750,90.1750
904.2942,362.5442,66.4116,41.9116
871.5000,349.7500,101.0000,76.5000
832.9600,317.2101,127.0799,102.5799
355.0000,673.5000,82.0000,33.0000
519.0000,935.5000,82.0000,33.0000
599.0000,343.5000,82.0000,33.0000
599.0000,343.5000,82.0000,33.0000
599.0000,343.5000,82.0000,33.0000
599.0000,343.5000,82.0000,33.0000
379.0000,441.5000,82.0000,33.0000
599.0000,343.5000,82.0000,33.0000
599.0000,343.5000,82.0000,33.0000
355.0000,325.5000,82.0000,33.0000
470.0000,223.5000,82.0000,33.0000
186.0010,463.2510,102.9980,78.4980
195.4064,449.1564,101.1872,76.6872
599.0000,343.5000,82.0000,33.0000
494.0000,222.5000,82.0000,33.0000
599.0000,343.5000,82.0000,33.0000
543.0000,935.5000,82.0000,33.0000
599.0000,343.5000,82.0000,33.0000
535.0000,921.5000,82.0000,33.0000
599.0000,343.5000,82.0000,33.0000
599.0000,343.5000,82.0000,33.0000
599.0000,343.5000,82.0000,33.0000
535.0000,223.5000,82.0000,33.0000
599.0000,343.5000,82.0000,33.0000
599.0000,343.5000,82.0000,33.0000
599.0000,343.5000,82.0000,33.0000
599.0000,343.5000,82.0000,33.0000
599.0000,343.5000,82.0000,33.0000
599.0000,343.5000,82.0000,33.0000
599.0000,343.5000,82.0000,33.0000
599.0000,343.5000,82.0000,33.0000
599.0000,343.5000,82.0000,33.0000
599.0000,343.5000,82.0000,33.0000
599.0000,343.5000,82.0000,33.0000
599.0000,343.5000,82.0000,33.0000
599.0000,343.5000,82.0000,33.0000
535.0000,921.5000,82.0000,33.0000
599.0000,343.5000,82.0000,33.0000
599.0000,343.5000,82.0000,33.0000
599.0000,343.5000,82.0000,33.0000
599.0000,343.5000,82.0000,33.0000
599.0000,343.5000,82.0000,33.0000
599.0000,343.5000,82.0000,33.0000
599.0000,343.5000,82.0000,33.0000
599.0000,343.5000,82.0000,33.0000
599.0000,343.5000,82.0000,33.0000
599.0000,343.5000,82.0000,33.0000
599.0000,343.5000,82.0000,33.0000
599.0000,343.5000,82.0000,33.0000
599.0000,343.5000,82.0000,33.0000
599.0000,343.5000,82.0000,33.0000
599.0000,343.5000,82.0000,33.0000
599.0000,343.5000,82.0000,33.0000
599.0000,343.5000,82.0000,33.0000
599.0000,343.5000,82.0000,33.0000
599.0000,343.5000,82.0000,33.0000
543.0000,949.5000,82.0000,33.0000
544.0000,935.5000,82.0000,33.0000
599.0000,343.5000,82.0000,33.0000
599.0000,343.5000,82.0000,33.0000
599.0000,343.5000,82.0000,33.0000
599.0000,343.5000,82.0000,33.0000
535.0000,921.5000,82.0000,33.0000
599.0000,343.5000,82.0000,33.0000
599.0000,343.5000,82.0000,33.0000
535.0000,921.5000,82.0000,33.0000
536.0000,920.5000,82.0000,33.0000
599.0000,343.5000,82.0000,33.0000
599.0000,343.5000,82.0000,33.0000
599.0000,343.5000,82.0000,33.0000
599.0000,343.5000,82.0000,33.0000
599.0000,343.5000,82.0000,33.0000
599.0000,343.5000,82.0000,33.0000
599.0000,343.5000,82.0000,33.0000
599.0000,343.5000,82.0000,33.0000
599.0000,343.5000,82.0000,33.0000
599.0000,343.5000,82.0000,33.0000
519.0000,993.5000,82.0000,33.0000
599.0000,343.5000,82.0000,33.0000
599.0000,343.5000,82.0000,33.0000
535.0000,921.5000,82.0000,33.0000
599.0000,343.5000,82.0000,33.0000
599.0000,343.5000,82.0000,33.0000
519.0000,935.5000,82.0000,33.0000
599.0000,343.5000,82.0000,33.0000
599.0000,343.5000,82.0000,33.0000
599.0000,343.5000,82.0000,33.0000
599.0000,343.5000,82.0000,33.0000
599.0000,343.5000,82.0000,33.0000
599.0000,343.5000,82.0000,33.0000
599.0000,343.5000,82.0000,33.0000
599.0000,343.5000,82.0000,33.0000
599.0000,343.5000,82.0000,33.0000
599.0000,343.5000,82.0000,33.0000
599.0000,343.5000,82.0000,33.0000
599.0000,343.5000,82.0000,33.0000
599.0000,343.5000,82.0000,33.0000
599.0000,343.5000,82.0000,33.0000
599.0000,343.5000,82.0000,33.0000
599.0000,343.5000,82.0000,33.0000
599.0000,343.5000,82.0000,33.0000
527.0000,979.5000,82.0000,33.0000
599.0000,343.5000,82.0000,33.0000
599.0000,343.5000,82.0000,33.0000
599.0000,343.5000,82.0000,33.0000
599.0000,343.5000,82.0000,33.0000
599.0000,343.5000,82.0000,33.0000
599.0000,343.5000,82.0000,33.0000
599.0000,343.5000,82.0000,33.0000
599.0000,343.5000,82.0000,33.0000
599.0000,343.5000,82.0000,33.0000
599.0000,343.5000,82.0000,33.0000
599.0000,343.5000,82.0000,33.0000
599.0000,343.5000,82.0000,33.0000
599.0000,343.5000,82.0000,33.0000
599.0000,343.5000,82.0000,33.0000
599.0000,343.5000,82.0000,33.0000
599.0000,343.5000,82.0000,33.0000
599.0000,343.5000,82.0000,33.0000
599.0000,343.5000,82.0000,33.0000
599.0000,343.5000,82.0000,33.0000
599.0000,343.5000,82.0000,33.0000
599.0000,343.5000,82.0000,33.0000
599.0000,343.5000,82.0000,33.0000
599.0000,343.5000,82.0000,33.0000
599.0000,343.5000,82.0000,33.0000
599.0000,343.5000,82.0000,33.0000
599.0000,343.5000,82.0000,33.0000
599.0000,343.5000,82.0000,33.0000
599.0000,343.5000,82.0000,33.0000
599.0000,343.5000,82.0000,33.0000
599.0000,343.5000,82.0000,33.0000
599.0000,343.5000,82.0000,33.0000
502.0000,222.5000,82.0000,33.0000
503.0000,208.5000,82.0000,33.0000
511.0000,208.5000,82.0000,33.0000
188.9209,501.6709,82.1582,57.6582
470.0000,222.5000,82.0000,33.0000
599.0000,343.5000,82.0000,33.0000
599.0000,343.5000,82.0000,33.0000
599.0000,343.5000,82.0000,33.0000
599.0000,343.5000,82.0000,33.0000
192.0478,493.7978,108.9043,84.4043
205.6076,484.3576,104.7848,80.2848
486.0000,237.5000,82.0000,33.0000
535.0000,979.5000,82.0000,33.0000
535.0000,979.5000,82.0000,33.0000
599.0000,343.5000,82.0000,33.0000
535.0000,979.5000,82.0000,33.0000
470.0000,324.5000,82.0000,33.0000
599.0000,343.5000,82.0000,33.0000
599.0000,343.5000,82.0000,33.0000
599.0000,343.5000,82.0000,33.0000
599.0000,343.5000,82.0000,33.0000
543.0000,936.5000,82.0000,33.0000
535.0000,921.5000,82.0000,33.0000
599.0000,343.5000,82.0000,33.0000
544.0000,935.5000,82.0000,33.0000
535.0000,921.5000,82.0000,33.0000
535.0000,921.5000,82.0000,33.0000
599.0000,343.5000,82.0000,33.0000
535.0000,921.5000,82.0000,33.0000
917.7296,552.4796,68.5409,44.0409
934.1909,546.9409,69.6182,45.1182
916.2643,557.5143,58.4714,33.9714
929.8027,549.0527,69.3945,44.8945
918.3536,543.1036,75.2929,50.7929
656.6277,147.3777,92.7446,68.2446
159.0000,702.5000,82.0000,33.0000
551.0000,935.5000,82.0000,33.0000
750.2906,152.5406,96.4189,71.9189
780.5523,126.3023,95.8954,71.3954
102.0000,805.5000,82.0000,33.0000
927.9606,563.2106,60.0788,35.5788
544.0000,936.5000,82.0000,33.0000
929.8286,553.0786,70.3428,45.8428
859.4871,140.2371,99.0259,74.5259
915.6548,148.9048,89.6903,65.1903
889.5626,131.3125,120.8749,96.3749
544.0000,935.5000,82.0000,33.0000
519.0000,237.5000,82.0000,33.0000
77.0000,920.5000,82.0000,33.0000
544.0000,950.5000,82.0000,33.0000
599.0000,343.5000,82.0000,33.0000
101.0000,935.5000,82.0000,33.0000
922.6854,554.4354,53.6293,29.1293
913.7679,553.0179,72.4643,47.9643
535.0000,921.5000,82.0000,33.0000
919.7663,550.5163,75.4674,50.9674
543.0000,949.5000,82.0000,33.0000
535.0000,921.5000,82.0000,33.0000
551.0000,935.5000,82.0000,33.0000
544.0000,950.5000,82.0000,33.0000
599.0000,343.5000,82.0000,33.0000
535.0000,921.5000,82.0000,33.0000
535.0000,921.5000,82.0000,33.0000
535.0000,921.5000,82.0000,33.0000
543.0000,950.5000,82.0000,33.0000
903.2368,539.4868,88.5263,64.0263
502.0000,223.5000,82.0000,33.0000
543.0000,936.5000,82.0000,33.0000
519.0000,935.5000,82.0000,33.0000
535.0000,921.5000,82.0000,33.0000
599.0000,343.5000,82.0000,33.0000
599.0000,343.5000,82.0000,33.0000
599.0000,343.5000,82.0000,33.0000
599.0000,343.5000,82.0000,33.0000
599.0000,343.5000,82.0000,33.0000
599.0000,343.5000,82.0000,33.0000
599.0000,343.5000,82.0000,33.0000
543.0000,950.5000,82.0000,33.0000
599.0000,343.5000,82.0000,33.0000
543.0000,950.5000,82.0000,33.0000
599.0000,343.5000,82.0000,33.0000
519.0000,935.5000,82.0000,33.0000
599.0000,343.5000,82.0000,33.0000
543.0000,950.5000,82.0000,33.0000
599.0000,343.5000,82.0000,33.0000
599.0000,343.5000,82.0000,33.0000
599.0000,343.5000,82.0000,33.0000
519.0000,935.5000,82.0000,33.0000
599.0000,343.5000,82.0000,33.0000
935.7144,552.9644,65.5713,41.0713
519.0000,935.5000,82.0000,33.0000
544.0000,950.5000,82.0000,33.0000
544.0000,949.5000,82.0000,33.0000
599.0000,343.5000,82.0000,33.0000
599.0000,343.5000,82.0000,33.0000
599.0000,343.5000,82.0000,33.0000
599.0000,343.5000,82.0000,33.0000
599.0000,343.5000,82.0000,33.0000
599.0000,343.5000,82.0000,33.0000
599.0000,343.5000,82.0000,33.0000
599.0000,343.5000,82.0000,33.0000
599.0000,343.5000,82.0000,33.0000
599.0000,343.5000,82.0000,33.0000
599.0000,343.5000,82.0000,33.0000
599.0000,343.5000,82.0000,33.0000
599.0000,343.5000,82.0000,33.0000
599.0000,343.5000,82.0000,33.0000
544.0000,935.5000,82.0000,33.0000
599.0000,343.5000,82.0000,33.0000
599.0000,343.5000,82.0000,33.0000
599.0000,343.5000,82.0000,33.0000
535.0000,921.5000,82.0000,33.0000
599.0000,343.5000,82.0000,33.0000
544.0000,935.5000,82.0000,33.0000
599.0000,343.5000,82.0000,33.0000
599.0000,343.5000,82.0000,33.0000
535.0000,921.5000,82.0000,33.0000
913.2084,547.9584,81.5832,57.0832
551.0000,935.5000,82.0000,33.0000
912.0212,533.7712,93.9575,69.4575
551.0000,935.5000,82.0000,33.0000
931.2429,554.4929,67.5141,43.0141
535.0000,921.5000,82.0000,33.0000
599.0000,343.5000,82.0000,33.0000
599.0000,343.5000,82.0000,33.0000
519.0000,935.5000,82.0000,33.0000
535.0000,921.5000,82.0000,33.0000
599.0000,343.5000,82.0000,33.0000
599.0000,343.5000,82.0000,33.0000
551.0000,935.5000,82.0000,33.0000
544.0000,936.5000,82.0000,33.0000
599.0000,343.5000,82.0000,33.0000
543.0000,950.5000,82.0000,33.0000
599.0000,343.5000,82.0000,33.0000
519.0000,266.5000,82.0000,33.0000
519.0000,237.5000,82.0000,33.0000
543.0000,950.5000,82.0000,33.0000
599.0000,343.5000,82.0000,33.0000
511.0000,237.5000,82.0000,33.0000
599.0000,343.5000,82.0000,33.0000
535.0000,965.5000,82.0000,33.0000
599.0000,343.5000,82.0000,33.0000
502.0000,223.5000,82.0000,33.0000
599.0000,343.5000,82.0000,33.0000
519.0000,935.5000,82.0000,33.0000
599.0000,343.5000,82.0000,33.0000
519.0000,935.5000,82.0000,33.0000
599.0000,343.5000,82.0000,33.0000
599.0000,343.5000,82.0000,33.0000
599.0000,343.5000,82.0000,33.0000
599.0000,343.5000,82.0000,33.0000
599.0000,343.5000,82.0000,33.0000
599.0000,343.5000,82.0000,33.0000
599.0000,343.5000,82.0000,33.0000
599.0000,343.5000,82.0000,33.0000
599.0000,343.5000,82.0000,33.0000
599.0000,343.5000,82.0000,33.0000
599.0000,343.5000,82.0000,33.0000
599.0000,343.5000,82.0000,33.0000
599.0000,343.5000,82.0000,33.0000
599.0000,343.5000,82.0000,33.0000
599.0000,343.5000,82.0000,33.0000
599.0000,343.5000,82.0000,33.0000
599.0000,343.5000,82.0000,33.0000
599.0000,343.5000,82.0000,33.0000
519.0000,935.5000,82.0000,33.0000
519.0000,935.5000,82.0000,33.0000
519.0000,935.5000,82.0000,33.0000
926.9466,541.6966,62.1069,37.6069
599.0000,343.5000,82.0000,33.0000
519.0000,935.5000,82.0000,33.0000
599.0000,343.5000,82.0000,33.0000
519.0000,935.5000,82.0000,33.0000
535.0000,921.5000,82.0000,33.0000
519.0000,935.5000,82.0000,33.0000
599.0000,343.5000,82.0000,33.0000
936.7020,542.9520,60.5959,36.0959
535.0000,979.5000,82.0000,33.0000
519.0000,237.5000,82.0000,33.0000
599.0000,343.5000,82.0000,33.0000
519.0000,237.5000,82.0000,33.0000
599.0000,343.5000,82.0000,33.0000
519.0000,935.5000,82.0000,33.0000
599.0000,343.5000,82.0000,33.0000
920.9922,521.2422,81.0156,56.5156
599.0000,343.5000,82.0000,33.0000
519.0000,935.5000,82.0000,33.0000
543.0000,949.5000,82.0000,33.0000
909.4729,523.7229,94.0542,69.5542
519.0000,935.5000,82.0000,33.0000
907.1627,530.4127,97.6745,73.1745
915.3824,555.6324,68.2351,43.7351
920.7020,548.4520,73.5960,49.0960
257.0000,1023.5000,82.0000,33.0000
551.0000,935.5000,82.0000,33.0000
552.0000,935.5000,82.0000,33.0000
921.0703,539.8203,81.8595,57.3595
216.0000,935.5000,82.0000,33.0000
535.0000,921.5000,82.0000,33.0000
872.9523,140.7023,75.0955,50.5955
847.4688,133.2188,77.0624,52.5624
192.0000,935.5000,82.0000,33.0000
535.0000,921.5000,82.0000,33.0000
142.0000,790.5000,82.0000,33.0000
738.4147,147.6647,79.1707,54.6707
142.0000,688.5000,82.0000,33.0000
126.0000,760.5000,82.0000,33.0000
544.0000,936.5000,82.0000,33.0000
494.9933,71.7433,134.0134,109.5134
599.0000,343.5000,82.0000,33.0000
543.0000,950.5000,82.0000,33.0000
544.0000,950.5000,82.0000,33.0000
543.0000,950.5000,82.0000,33.0000
599.0000,343.5000,82.0000,33.0000
94.0000,353.5000,82.0000,33.0000
551.0000,935.5000,82.0000,33.0000
311.3987,94.1488,73.2025,48.7025
544.0000,935.5000,82.0000,33.0000
913.4827,550.2327,77.0347,52.5347
69.0000,281.5000,82.0000,33.0000
909.2404,551.9904,73.5192,49.0192
551.0000,935.5000,82.0000,33.0000
535.0000,921.5000,82.0000,33.0000
544.0000,935.5000,82.0000,33.0000
535.0000,921.5000,82.0000,33.0000
599.0000,343.5000,82.0000,33.0000
535.0000,921.5000,82.0000,33.0000
599.0000,343.5000,82.0000,33.0000
599.0000,343.5000,82.0000,33.0000
519.0000,935.5000,82.0000,33.0000
931.8365,535.0865,76.3270,51.8270
599.0000,343.5000,82.0000,33.0000
519.0000,935.5000,82.0000,33.0000
599.0000,343.5000,82.0000,33.0000
929.4833,547.7333,71.0333,46.5333
599.0000,343.5000,82.0000,33.0000
920.2718,555.5218,52.4564,27.9564
599.0000,343.5000,82.0000,33.0000
519.0000,935.5000,82.0000,33.0000
599.0000,343.5000,82.0000,33.0000
930.5349,548.7849,49.9303,25.4303
599.0000,343.5000,82.0000,33.0000
599.0000,343.5000,82.0000,33.0000
599.0000,343.5000,82.0000,33.0000
599.0000,343.5000,82.0000,33.0000
519.0000,935.5000,82.0000,33.0000
519.0000,935.5000,82.0000,33.0000
543.0000,950.5000,82.0000,33.0000
528.0000,223.5000,82.0000,33.0000
519.0000,935.5000,82.0000,33.0000
519.0000,935.5000,82.0000,33.0000
599.0000,343.5000,82.0000,33.0000
917.5111,527.2611,85.9778,61.4778
543.0000,950.5000,82.0000,33.0000
519.0000,935.5000,82.0000,33.0000
519.0000,935.5000,82.0000,33.0000
519.0000,237.5000,82.0000,33.0000
599.0000,343.5000,82.0000,33.0000
519.0000,237.5000,82.0000,33.0000
927.2003,548.4503,48.5993,24.0993
519.0000,935.5000,82.0000,33.0000
599.0000,343.5000,82.0000,33.0000
511.0000,266.5000,82.0000,33.0000
599.0000,343.5000,82.0000,33.0000
519.0000,237.5000,82.0000,33.0000
599.0000,343.5000,82.0000,33.0000
599.0000,343.5000,82.0000,33.0000
599.0000,343.5000,82.0000,33.0000
519.0000,935.5000,82.0000,33.0000
511.0000,266.5000,82.0000,33.0000
519.0000,935.5000,82.0000,33.0000
519.0000,935.5000,82.0000,33.0000
519.0000,935.5000,82.0000,33.0000
519.0000,295.5000,82.0000,33.0000
253.8455,536.0955,55.3091,30.8091
519.0000,237.5000,82.0000,33.0000
510.0000,266.5000,82.0000,33.0000
599.0000,343.5000,82.0000,33.0000
519.0000,237.5000,82.0000,33.0000
599.0000,343.5000,82.0000,33.0000
519.0000,237.5000,82.0000,33.0000
519.0000,935.5000,82.0000,33.0000
519.0000,237.5000,82.0000,33.0000
599.0000,343.5000,82.0000,33.0000
519.0000,237.5000,82.0000,33.0000
543.0000,950.5000,82.0000,33.0000
510.0000,266.5000,82.0000,33.0000
519.0000,237.5000,82.0000,33.0000
535.0000,921.5000,82.0000,33.0000
599.0000,343.5000,82.0000,33.0000
527.0000,964.5000,82.0000,33.0000
599.0000,343.5000,82.0000,33.0000
599.0000,343.5000,82.0000,33.0000
543.0000,950.5000,82.0000,33.0000
543.0000,950.5000,82.0000,33.0000
544.0000,936.5000,82.0000,33.0000
599.0000,343.5000,82.0000,33.0000
599.0000,343.5000,82.0000,33.0000
544.0000,950.5000,82.0000,33.0000
93.0000,237.5000,82.0000,33.0000
535.0000,965.5000,82.0000,33.0000
94.0000,237.5000,82.0000,33.0000
93.0000,237.5000,82.0000,33.0000
77.0000,281.5000,82.0000,33.0000
915.7500,558.0000,53.5000,29.0000
535.0000,921.5000,82.0000,33.0000
551.0000,935.5000,82.0000,33.0000
922.6058,546.3558,72.7884,48.2884
901.4688,537.7188,89.0625,64.5625
911.3953,558.1453,60.2094,35.7094
535.0000,921.5000,82.0000,33.0000
544.0000,950.5000,82.0000,33.0000
544.0000,936.5000,82.0000,33.0000
909.9440,537.1940,90.1121,65.6121
535.0000,921.5000,82.0000,33.0000
551.0000,935.5000,82.0000,33.0000
519.0000,935.5000,82.0000,33.0000
543.0000,949.5000,82.0000,33.0000
929.6771,555.4271,67.6458,43.1458
551.0000,935.5000,82.0000,33.0000
929.4485,555.6985,64.1030,39.6030
919.5627,556.8127,64.8747,40.3747
551.5562,94.8062,99.8876,75.3876
531.7592,80.0091,102.4817,77.9817
909.4750,541.2250,86.0500,61.5500
634.5236,97.7736,101.9529,77.4529
924.6887,547.4387,70.6226,46.1226
926.0696,555.8196,67.8607,43.3608
923.5985,545.8485,75.8030,51.3030
535.0000,921.5000,82.0000,33.0000
913.7055,551.9555,77.5889,53.0889
683.0607,129.3107,73.8786,49.3786
680.8026,118.0525,81.3949,56.8949
710.8016,123.0516,66.3969,41.8969
519.0000,935.5000,82.0000,33.0000
535.0000,921.5000,82.0000,33.0000
535.0000,921.5000,82.0000,33.0000
543.0000,950.5000,82.0000,33.0000
527.0000,237.5000,82.0000,33.0000
543.0000,950.5000,82.0000,33.0000
519.0000,935.5000,82.0000,33.0000
599.0000,343.5000,82.0000,33.0000
543.0000,237.5000,82.0000,33.0000
599.0000,343.5000,82.0000,33.0000
543.0000,252.5000,82.0000,33.0000
599.0000,343.5000,82.0000,33.0000
543.0000,950.5000,82.0000,33.0000
599.0000,343.5000,82.0000,33.0000
543.0000,237.5000,82.0000,33.0000
77.0000,673.5000,82.0000,33.0000
929.9601,550.7101,66.0799,41.5799
543.0000,237.5000,82.0000,33.0000
519.0000,935.5000,82.0000,33.0000
544.0000,936.5000,82.0000,33.0000
901.3441,527.5941,105.3117,80.8117
535.0000,921.5000,82.0000,33.0000
908.4206,544.1706,85.1588,60.6588
929.3977,546.1477,69.2046,44.7046
209.8442,550.0942,91.3115,66.8115
599.0000,343.5000,82.0000,33.0000
918.4818,533.2318,89.0364,64.5364
920.5871,532.8371,86.8258,62.3258
901.4737,531.2237,98.0526,73.5526
543.0000,237.5000,82.0000,33.0000
912.5368,533.2868,91.9264,67.4264
925.0312,534.2812,78.9374,54.4375
926.9688,534.7188,81.0625,56.5625
543.0000,950.5000,82.0000,33.0000
519.0000,935.5000,82.0000,33.0000
925.7572,539.5072,84.4856,59.9856
535.0000,222.5000,82.0000,33.0000
519.0000,935.5000,82.0000,33.0000
917.1893,533.4393,93.6213,69.1213
535.0000,978.5000,82.0000,33.0000
917.1725,539.4225,84.6549,60.1549
935.6536,549.4036,67.6927,43.1927
932.5358,551.7858,68.9285,44.4285
921.0417,558.7917,61.9165,37.4165
919.5057,556.7557,51.9886,27.4886
519.0000,935.5000,82.0000,33.0000
937.2789,549.0289,60.4422,35.9422
535.0000,921.5000,82.0000,33.0000
543.0000,237.5000,82.0000,33.0000
519.0000,935.5000,82.0000,33.0000
519.0000,935.5000,82.0000,33.0000
519.0000,237.5000,82.0000,33.0000
922.1714,533.9214,81.6571,57.1571
519.0000,935.5000,82.0000,33.0000
519.0000,935.5000,82.0000,33.0000
487.0000,237.5000,82.0000,33.0000
936.8542,536.1042,73.2916,48.7916
519.0000,965.5000,82.0000,33.0000
208.7066,503.9566,75.5868,51.0868
715.6674,108.4174,79.6652,55.1652
543.0000,950.5000,82.0000,33.0000
599.0000,343.5000,82.0000,33.0000
930.7072,542.4572,74.5857,50.0857
543.0000,950.5000,82.0000,33.0000
527.0000,964.5000,82.0000,33.0000
535.0000,978.5000,82.0000,33.0000
942.4922,551.2422,57.0156,32.5156
762.6286,113.8786,97.7428,73.2428
793.7183,135.9683,70.5635,46.0635
856.5295,119.2795,57.9411,33.4411
825.8076,86.5575,109.3849,84.8849
77.0000,848.5000,82.0000,33.0000
93.0000,819.5000,82.0000,33.0000
599.0000,343.5000,82.0000,33.0000
118.0000,761.5000,82.0000,33.0000
725.8696,114.6197,108.2607,83.7607
486.0000,237.5000,82.0000,33.0000
599.0000,343.5000,82.0000,33.0000
599.0000,343.5000,82.0000,33.0000
599.0000,343.5000,82.0000,33.0000
94.0000,644.5000,82.0000,33.0000
599.0000,343.5000,82.0000,33.0000
93.0000,586.5000,82.0000,33.0000
599.0000,343.5000,82.0000,33.0000
599.0000,343.5000,82.0000,33.0000
175.0000,572.5000,82.0000,33.0000
143.0000,571.5000,82.0000,33.0000
142.0000,571.5000,82.0000,33.0000
126.0000,644.5000,82.0000,33.0000
61.0000,470.5000,82.0000,33.0000
93.0000,470.5000,82.0000,33.0000
599.0000,343.5000,82.0000,33.0000
599.0000,343.5000,82.0000,33.0000
599.0000,343.5000,82.0000,33.0000
599.0000,343.5000,82.0000,33.0000
599.0000,343.5000,82.0000,33.0000
599.0000,343.5000,82.0000,33.0000
599.0000,343.5000,82.0000,33.0000
599.0000,343.5000,82.0000,33.0000
599.0000,343.5000,82.0000,33.0000
599.0000,343.5000,82.0000,33.0000
599.0000,343.5000,82.0000,33.0000
535.0000,979.5000,82.0000,33.0000
599.0000,343.5000,82.0000,33.0000
535.0000,979.5000,82.0000,33.0000
599.0000,343.5000,82.0000,33.0000
159.0000,586.5000,82.0000,33.0000
110.0000,557.5000,82.0000,33.0000
543.0460,133.2960,74.9080,50.4080
599.0000,343.5000,82.0000,33.0000
519.0000,978.5000,82.0000,33.0000
599.0000,343.5000,82.0000,33.0000
519.0000,993.5000,82.0000,33.0000
519.0000,993.5000,82.0000,33.0000
519.0000,993.5000,82.0000,33.0000
599.0000,343.5000,82.0000,33.0000
519.0000,993.5000,82.0000,33.0000
599.0000,343.5000,82.0000,33.0000
519.0000,993.5000,82.0000,33.0000
225.0000,935.5000,82.0000,33.0000
599.0000,343.5000,82.0000,33.0000
322.0000,935.5000,82.0000,33.0000
519.0000,237.5000,82.0000,33.0000
599.0000,343.5000,82.0000,33.0000
519.0000,237.5000,82.0000,33.0000
599.0000,343.5000,82.0000,33.0000
519.0000,237.5000,82.0000,33.0000
599.0000,343.5000,82.0000,33.0000
519.0000,237.5000,82.0000,33.0000
257.0000,1022.5000,82.0000,33.0000
599.0000,343.5000,82.0000,33.0000
599.0000,343.5000,82.0000,33.0000
599.0000,343.5000,82.0000,33.0000
241.0000,965.5000,82.0000,33.0000
599.0000,343.5000,82.0000,33.0000
599.0000,343.5000,82.0000,33.0000
599.0000,343.5000,82.0000,33.0000
599.0000,343.5000,82.0000,33.0000
527.0000,979.5000,82.0000,33.0000
599.0000,343.5000,82.0000,33.0000
519.0000,965.5000,82.0000,33.0000
599.0000,343.5000,82.0000,33.0000
494.0000,223.5000,82.0000,33.0000
599.0000,343.5000,82.0000,33.0000
486.0000,237.5000,82.0000,33.0000
599.0000,343.5000,82.0000,33.0000
290.0000,1022.5000,82.0000,33.0000
599.0000,343.5000,82.0000,33.0000
257.0000,1022.5000,82.0000,33.0000
599.0000,343.5000,82.0000,33.0000
599.0000,343.5000,82.0000,33.0000
249.0000,1008.5000,82.0000,33.0000
599.0000,343.5000,82.0000,33.0000
599.0000,343.5000,82.0000,33.0000
599.0000,343.5000,82.0000,33.0000
290.0000,993.5000,82.0000,33.0000
599.0000,343.5000,82.0000,33.0000
241.0000,1022.5000,82.0000,33.0000
599.0000,343.5000,82.0000,33.0000
599.0000,343.5000,82.0000,33.0000
934.3063,252.5563,55.3875,30.8875
599.0000,343.5000,82.0000,33.0000
225.0000,935.5000,82.0000,33.0000
535.0000,223.5000,82.0000,33.0000
599.0000,343.5000,82.0000,33.0000
240.0000,1022.5000,82.0000,33.0000
599.0000,343.5000,82.0000,33.0000
225.0000,993.5000,82.0000,33.0000
527.0000,979.5000,82.0000,33.0000
599.0000,343.5000,82.0000,33.0000
191.0000,906.5000,82.0000,33.0000
599.0000,343.5000,82.0000,33.0000
926.5349,156.2849,83.9302,59.4302
599.0000,343.5000,82.0000,33.0000
306.0000,921.5000,82.0000,33.0000
208.0000,965.5000,82.0000,33.0000
599.0000,343.5000,82.0000,33.0000
599.0000,343.5000,82.0000,33.0000
599.0000,343.5000,82.0000,33.0000
126.0000,877.5000,82.0000,33.0000
192.0000,877.5000,82.0000,33.0000
918.7518,195.0018,76.4965,51.9965
884.1903,246.9403,75.6194,51.1194
241.0000,964.5000,82.0000,33.0000
902.7599,249.5100,97.4801,72.9801
224.0000,935.5000,82.0000,33.0000
881.2623,223.0123,66.4755,41.9755
832.2655,161.0155,101.4690,76.9690
192.0000,877.5000,82.0000,33.0000
599.0000,343.5000,82.0000,33.0000
599.0000,343.5000,82.0000,33.0000
258.0000,935.5000,82.0000,33.0000
599.0000,343.5000,82.0000,33.0000
599.0000,343.5000,82.0000,33.0000
599.0000,343.5000,82.0000,33.0000
889.7917,252.5417,93.4166,68.9166
599.0000,343.5000,82.0000,33.0000
599.0000,343.5000,82.0000,33.0000
599.0000,343.5000,82.0000,33.0000
599.0000,343.5000,82.0000,33.0000
599.0000,343.5000,82.0000,33.0000
599.0000,343.5000,82.0000,33.0000
599.0000,343.5000,82.0000,33.0000
599.0000,343.5000,82.0000,33.0000
599.0000,343.5000,82.0000,33.0000
599.0000,343.5000,82.0000,33.0000
599.0000,343.5000,82.0000,33.0000
339.0000,920.5000,82.0000,33.0000
599.0000,343.5000,82.0000,33.0000
599.0000,343.5000,82.0000,33.0000
599.0000,343.5000,82.0000,33.0000
599.0000,343.5000,82.0000,33.0000
599.0000,343.5000,82.0000,33.0000
599.0000,343.5000,82.0000,33.0000
535.0000,979.5000,82.0000,33.0000
323.0000,877.5000,82.0000,33.0000
599.0000,343.5000,82.0000,33.0000
599.0000,343.5000,82.0000,33.0000
519.0000,935.5000,82.0000,33.0000
599.0000,343.5000,82.0000,33.0000
519.0000,935.5000,82.0000,33.0000
599.0000,343.5000,82.0000,33.0000
315.0000,906.5000,82.0000,33.0000
897.8375,332.5876,67.3249,42.8249
331.0000,921.5000,82.0000,33.0000
339.0000,906.5000,82.0000,33.0000
519.0000,935.5000,82.0000,33.0000
599.0000,343.5000,82.0000,33.0000
527.0000,979.5000,82.0000,33.0000
528.0000,979.5000,82.0000,33.0000
322.0000,935.5000,82.0000,33.0000
914.6281,331.3781,85.7437,61.2437
599.0000,343.5000,82.0000,33.0000
599.0000,343.5000,82.0000,33.0000
323.0000,993.5000,82.0000,33.0000
331.0000,979.5000,82.0000,33.0000
955.1630,325.9130,90.6739,66.1739
322.0000,993.5000,82.0000,33.0000
599.0000,343.5000,82.0000,33.0000
599.0000,343.5000,82.0000,33.0000
290.0000,993.5000,82.0000,33.0000
323.0000,965.5000,82.0000,33.0000
323.0000,993.5000,82.0000,33.0000
364.0000,979.5000,82.0000,33.0000
535.0000,965.5000,82.0000,33.0000
599.0000,343.5000,82.0000,33.0000
949.1056,343.8556,91.7888,67.2888
961.2947,323.5447,109.4105,84.9105
951.2922,314.5423,113.4155,88.9155
925.5668,334.8168,99.8664,75.3664
599.0000,343.5000,82.0000,33.0000
599.0000,343.5000,82.0000,33.0000
932.2394,557.9894,70.5212,46.0212
934.8893,556.6393,68.2213,43.7213
519.0000,237.5000,82.0000,33.0000
519.0000,237.5000,82.0000,33.0000
527.0000,222.5000,82.0000,33.0000
599.0000,343.5000,82.0000,33.0000
599.0000,343.5000,82.0000,33.0000
599.0000,343.5000,82.0000,33.0000
599.0000,343.5000,82.0000,33.0000
599.0000,343.5000,82.0000,33.0000
599.0000,343.5000,82.0000,33.0000
599.0000,343.5000,82.0000,33.0000
502.0000,965.5000,82.0000,33.0000
599.0000,343.5000,82.0000,33.0000
599.0000,343.5000,82.0000,33.0000
599.0000,343.5000,82.0000,33.0000
543.0000,935.5000,82.0000,33.0000
599.0000,343.5000,82.0000,33.0000
599.0000,343.5000,82.0000,33.0000
895.0834,536.3334,97.8331,73.3331
519.0000,935.5000,82.0000,33.0000
891.0424,527.7924,99.9152,75.4152
896.9407,539.6907,81.1186,56.6186
544.0000,935.5000,82.0000,33.0000
535.0000,921.5000,82.0000,33.0000
599.0000,343.5000,82.0000,33.0000
861.1934,565.9434,57.6132,33.1132
543.0000,819.5000,82.0000,33.0000
806.0772,519.3272,121.8455,97.3455
470.0000,281.5000,82.0000,33.0000
519.0000,702.5000,82.0000,33.0000
599.0000,343.5000,82.0000,33.0000
599.0000,343.5000,82.0000,33.0000
599.0000,343.5000,82.0000,33.0000
599.0000,343.5000,82.0000,33.0000
599.0000,343.5000,82.0000,33.0000
599.0000,343.5000,82.0000,33.0000
599.0000,343.5000,82.0000,33.0000
599.0000,343.5000,82.0000,33.0000
599.0000,343.5000,82.0000,33.0000
453.0000,295.5000,82.0000,33.0000
599.0000,343.5000,82.0000,33.0000
599.0000,343.5000,82.0000,33.0000
599.0000,343.5000,82.0000,33.0000
355.0000,441.5000,82.0000,33.0000
599.0000,343.5000,82.0000,33.0000
599.0000,343.5000,82.0000,33.0000
599.0000,343.5000,82.0000,33.0000
599.0000,343.5000,82.0000,33.0000
599.0000,343.5000,82.0000,33.0000
445.0000,296.5000,82.0000,33.0000
418.9991,353.2491,113.0017,88.5017
355.0000,440.5000,82.0000,33.0000
599.0000,343.5000,82.0000,33.0000
599.0000,343.5000,82.0000,33.0000
599.0000,343.5000,82.0000,33.0000
599.0000,343.5000,82.0000,33.0000
599.0000,343.5000,82.0000,33.0000
462.0000,325.5000,82.0000,33.0000
599.0000,343.5000,82.0000,33.0000
599.0000,343.5000,82.0000,33.0000
599.0000,343.5000,82.0000,33.0000
599.0000,343.5000,82.0000,33.0000
599.0000,343.5000,82.0000,33.0000
599.0000,343.5000,82.0000,33.0000
355.0000,499.5000,82.0000,33.0000
404.0000,688.5000,82.0000,33.0000
599.0000,343.5000,82.0000,33.0000
599.0000,343.5000,82.0000,33.0000
599.0000,343.5000,82.0000,33.0000
599.0000,343.5000,82.0000,33.0000
599.0000,343.5000,82.0000,33.0000
599.0000,343.5000,82.0000,33.0000
599.0000,343.5000,82.0000,33.0000
599.0000,343.5000,82.0000,33.0000
599.0000,343.5000,82.0000,33.0000
421.0000,586.5000,82.0000,33.0000
582.4958,444.7458,56.0083,31.5083
599.0000,343.5000,82.0000,33.0000
599.0000,343.5000,82.0000,33.0000
599.0000,343.5000,82.0000,33.0000
599.0000,343.5000,82.0000,33.0000
599.0000,343.5000,82.0000,33.0000
599.0000,343.5000,82.0000,33.0000
599.0000,343.5000,82.0000,33.0000
599.0000,343.5000,82.0000,33.0000
599.0000,343.5000,82.0000,33.0000
599.0000,343.5000,82.0000,33.0000
599.0000,343.5000,82.0000,33.0000
599.0000,343.5000,82.0000,33.0000
599.0000,343.5000,82.0000,33.0000
599.0000,343.5000,82.0000,33.0000
323.0000,703.5000,82.0000,33.0000
599.0000,343.5000,82.0000,33.0000
599.0000,343.5000,82.0000,33.0000
870.6880,256.4380,112.6240,88.1240
788.2620,152.0119,119.4761,94.9761
599.0000,343.5000,82.0000,33.0000
599.0000,343.5000,82.0000,33.0000
543.0000,223.5000,82.0000,33.0000
640.2341,148.4841,115.5319,91.0319
102.0000,877.5000,82.0000,33.0000
543.0000,237.5000,82.0000,33.0000
599.0000,343.5000,82.0000,33.0000
665.9656,182.7156,70.0689,45.5689
599.0000,343.5000,82.0000,33.0000
519.0000,935.5000,82.0000,33.0000
397.3303,43.5803,120.3395,95.8395
398.3752,80.6252,113.2496,88.7496
436.9879,172.2380,124.0241,99.5241
543.0000,950.5000,82.0000,33.0000
599.0000,343.5000,82.0000,33.0000
192.0000,383.5000,82.0000,33.0000
294.5877,113.8377,75.8246,51.3246
256.6588,92.4088,122.6823,98.1823
211.3979,102.1479,96.2042,71.7042
519.0000,993.5000,82.0000,33.0000
421.0000,237.5000,82.0000,33.0000
528.0000,979.5000,82.0000,33.0000
502.0000,223.5000,82.0000,33.0000
487.0000,237.5000,82.0000,33.0000
599.0000,343.5000,82.0000,33.0000
487.0000,266.5000,82.0000,33.0000
599.0000,343.5000,82.0000,33.0000
510.0000,266.5000,82.0000,33.0000
599.0000,343.5000,82.0000,33.0000
511.0000,237.5000,82.0000,33.0000
599.0000,343.5000,82.0000,33.0000
599.0000,343.5000,82.0000,33.0000
599.0000,343.5000,82.0000,33.0000
599.0000,343.5000,82.0000,33.0000
599.0000,343.5000,82.0000,33.0000
599.0000,343.5000,82.0000,33.0000
599.0000,343.5000,82.0000,33.0000
599.0000,343.5000,82.0000,33.0000
599.0000,343.5000,82.0000,33.0000
599.0000,343.5000,82.0000,33.0000
599.0000,343.5000,82.0000,33.0000
599.0000,343.5000,82.0000,33.0000
599.0000,343.5000,82.0000,33.0000
599.0000,343.5000,82.0000,33.0000
599.0000,343.5000,82.0000,33.0000
599.0000,343.5000,82.0000,33.0000
599.0000,343.5000,82.0000,33.0000
599.0000,343.5000,82.0000,33.0000
599.0000,343.5000,82.0000,33.0000
599.0000,343.5000,82.0000,33.0000
486.0000,237.5000,82.0000,33.0000
599.0000,343.5000,82.0000,33.0000
599.0000,343.5000,82.0000,33.0000
225.7980,509.0480,77.4040,52.9040
599.0000,343.5000,82.0000,33.0000
502.0000,223.5000,82.0000,33.0000
599.0000,343.5000,82.0000,33.0000
599.0000,343.5000,82.0000,33.0000
599.0000,343.5000,82.0000,33.0000
599.0000,343.5000,82.0000,33.0000
599.0000,343.5000,82.0000,33.0000
511.0000,238.5000,82.0000,33.0000
502.0000,223.5000,82.0000,33.0000
486.0000,237.5000,82.0000,33.0000
599.0000,343.5000,82.0000,33.0000
519.0000,237.5000,82.0000,33.0000
486.0000,237.5000,82.0000,33.0000
502.0000,266.5000,82.0000,33.0000
599.0000,343.5000,82.0000,33.0000
599.0000,343.5000,82.0000,33.0000
599.0000,343.5000,82.0000,33.0000
502.0000,223.5000,82.0000,33.0000
486.0000,237.5000,82.0000,33.0000
519.0000,935.5000,82.0000,33.0000
470.0000,223.5000,82.0000,33.0000
486.0000,237.5000,82.0000,33.0000
486.0000,237.5000,82.0000,33.0000
486.0000,237.5000,82.0000,33.0000
486.0000,237.5000,82.0000,33.0000
486.0000,237.5000,82.0000,33.0000
599.0000,343.5000,82.0000,33.0000
487.0000,223.5000,82.0000,33.0000
470.0000,223.5000,82.0000,33.0000
599.0000,343.5000,82.0000,33.0000
599.0000,343.5000,82.0000,33.0000
502.0000,223.5000,82.0000,33.0000
599.0000,343.5000,82.0000,33.0000
599.0000,343.5000,82.0000,33.0000
599.0000,343.5000,82.0000,33.0000
599.0000,343.5000,82.0000,33.0000
599.0000,343.5000,82.0000,33.0000
599.0000,343.5000,82.0000,33.0000
599.0000,343.5000,82.0000,33.0000
599.0000,343.5000,82.0000,33.0000
599.0000,343.5000,82.0000,33.0000
599.0000,343.5000,82.0000,33.0000
599.0000,343.5000,82.0000,33.0000
486.0000,237.5000,82.0000,33.0000
462.0000,266.5000,82.0000,33.0000
461.0000,237.5000,82.0000,33.0000
599.0000,343.5000,82.0000,33.0000
470.0000,266.5000,82.0000,33.0000
599.0000,343.5000,82.0000,33.0000
486.0000,237.5000,82.0000,33.0000
599.0000,343.5000,82.0000,33.0000
486.0000,237.5000,82.0000,33.0000
599.0000,343.5000,82.0000,33.0000
486.0000,237.5000,82.0000,33.0000
599.0000,343.5000,82.0000,33.0000
486.0000,237.5000,82.0000,33.0000
454.0000,237.5000,82.0000,33.0000
195.6636,486.4136,99.6728,75.1728
470.0000,266.5000,82.0000,33.0000
258.1045,493.8545,70.7909,46.2909
599.0000,343.5000,82.0000,33.0000
228.7044,555.4543,61.5913,37.0913
214.6058,547.3558,72.7884,48.2884
244.0190,484.7690,73.9621,49.4621
486.0000,266.5000,82.0000,33.0000
213.6310,462.8810,95.7380,71.2380
413.0000,324.5000,82.0000,33.0000
421.0000,324.5000,82.0000,33.0000
599.0000,343.5000,82.0000,33.0000
470.0000,325.5000,82.0000,33.0000
599.0000,343.5000,82.0000,33.0000
291.0323,483.2823,71.9354,47.4354
599.0000,343.5000,82.0000,33.0000
599.0000,343.5000,82.0000,33.0000
348.0000,412.5000,82.0000,33.0000
599.0000,343.5000,82.0000,33.0000
355.0000,528.5000,82.0000,33.0000
599.0000,343.5000,82.0000,33.0000
388.0000,528.5000,82.0000,33.0000
599.0000,343.5000,82.0000,33.0000
599.0000,343.5000,82.0000,33.0000
599.0000,343.5000,82.0000,33.0000
599.0000,343.5000,82.0000,33.0000
599.0000,343.5000,82.0000,33.0000
599.0000,343.5000,82.0000,33.0000
599.0000,343.5000,82.0000,33.0000
599.0000,343.5000,82.0000,33.0000
599.0000,343.5000,82.0000,33.0000
599.0000,343.5000,82.0000,33.0000
599.0000,343.5000,82.0000,33.0000
599.0000,343.5000,82.0000,33.0000
599.0000,343.5000,82.0000,33.0000
599.0000,343.5000,82.0000,33.0000
599.0000,343.5000,82.0000,33.0000
599.0000,343.5000,82.0000,33.0000
599.0000,343.5000,82.0000,33.0000
599.0000,343.5000,82.0000,33.0000
511.0000,237.5000,82.0000,33.0000
519.0000,935.5000,82.0000,33.0000
225.0000,906.5000,82.0000,33.0000
900.8148,252.0648,84.3705,59.8705
224.0000,877.5000,82.0000,33.0000
599.0000,343.5000,82.0000,33.0000
830.8908,234.1408,109.2184,84.7184
599.0000,343.5000,82.0000,33.0000
599.0000,343.5000,82.0000,33.0000
306.0000,920.5000,82.0000,33.0000
920.3376,257.5876,52.3248,27.8248
599.0000,343.5000,82.0000,33.0000
861.3433,149.0933,127.3134,102.8134
599.0000,343.5000,82.0000,33.0000
599.0000,343.5000,82.0000,33.0000
599.0000,343.5000,82.0000,33.0000
888.3408,280.0908,106.3185,81.8185
920.5886,314.3386,81.8228,57.3228
895.8903,267.1404,111.2193,86.7193
192.0000,935.5000,82.0000,33.0000
873.2789,132.0289,99.4423,74.9423
859.6492,128.3992,108.7016,84.2016
838.2772,133.0272,98.4456,73.9456
851.4922,139.2422,57.0156,32.5156
192.0000,819.5000,82.0000,33.0000
265.0000,935.5000,82.0000,33.0000
900.5194,311.7694,69.9612,45.4612
904.8018,229.0518,90.3964,65.8964
870.4885,153.2385,106.0231,81.5231
846.2709,140.5210,127.4581,102.9581
816.8684,145.6184,114.2632,89.7632
599.0000,343.5000,82.0000,33.0000
224.0000,877.5000,82.0000,33.0000
599.0000,343.5000,82.0000,33.0000
331.0000,746.5000,82.0000,33.0000
599.0000,343.5000,82.0000,33.0000
599.0000,343.5000,82.0000,33.0000
788.8765,163.6265,51.2470,26.7470
679.8119,144.5619,84.3763,59.8763
126.0000,644.5000,82.0000,33.0000
631.3245,131.0744,75.3511,50.8511
599.0000,343.5000,82.0000,33.0000
289.0000,644.5000,82.0000,33.0000
599.0000,343.5000,82.0000,33.0000
599.0000,343.5000,82.0000,33.0000
599.0000,343.5000,82.0000,33.0000
599.0000,343.5000,82.0000,33.0000
536.7816,130.0316,90.4368,65.9368
159.0000,557.5000,82.0000,33.0000
599.0000,343.5000,82.0000,33.0000
282.0000,557.5000,82.0000,33.0000
599.0000,343.5000,82.0000,33.0000
599.0000,343.5000,82.0000,33.0000
599.0000,343.5000,82.0000,33.0000
599.0000,343.5000,82.0000,33.0000
599.0000,343.5000,82.0000,33.0000
599.0000,343.5000,82.0000,33.0000
101.0000,470.5000,82.0000,33.0000
599.0000,343.5000,82.0000,33.0000
599.0000,343.5000,82.0000,33.0000
599.0000,343.5000,82.0000,33.0000
599.0000,343.5000,82.0000,33.0000
599.0000,343.5000,82.0000,33.0000
599.0000,343.5000,82.0000,33.0000
599.0000,343.5000,82.0000,33.0000
599.0000,343.5000,82.0000,33.0000
950.8879,541.6379,71.2242,46.7242
599.0000,343.5000,82.0000,33.0000
519.0000,993.5000,82.0000,33.0000
599.0000,343.5000,82.0000,33.0000
599.0000,343.5000,82.0000,33.0000
599.0000,343.5000,82.0000,33.0000
527.0000,979.5000,82.0000,33.0000
599.0000,343.5000,82.0000,33.0000
528.0000,979.5000,82.0000,33.0000
599.0000,343.5000,82.0000,33.0000
527.0000,979.5000,82.0000,33.0000
599.0000,343.5000,82.0000,33.0000
535.0000,979.5000,82.0000,33.0000
599.0000,343.5000,82.0000,33.0000
599.0000,343.5000,82.0000,33.0000
519.0000,935.5000,82.0000,33.0000
599.0000,343.5000,82.0000,33.0000
599.0000,343.5000,82.0000,33.0000
527.0000,979.5000,82.0000,33.0000
599.0000,343.5000,82.0000,33.0000
599.0000,343.5000,82.0000,33.0000
599.0000,343.5000,82.0000,33.0000
599.0000,343.5000,82.0000,33.0000
599.0000,343.5000,82.0000,33.0000
599.0000,343.5000,82.0000,33.0000
888.0460,284.2960,74.9080,50.4080
885.0312,259.2813,102.9375,78.4375
257.0000,935.5000,82.0000,33.0000
290.0000,935.5000,82.0000,33.0000
934.9169,338.6669,71.1662,46.6662
519.0000,237.5000,82.0000,33.0000
519.0000,237.5000,82.0000,33.0000
519.0000,237.5000,82.0000,33.0000
224.0000,993.5000,82.0000,33.0000
519.0000,266.5000,82.0000,33.0000
599.0000,343.5000,82.0000,33.0000
502.0000,223.5000,82.0000,33.0000
599.0000,343.5000,82.0000,33.0000
993.4832,289.2332,93.0336,68.5336
282.0000,1023.5000,82.0000,33.0000
599.0000,343.5000,82.0000,33.0000
599.0000,343.5000,82.0000,33.0000
599.0000,343.5000,82.0000,33.0000
599.0000,343.5000,82.0000,33.0000
599.0000,343.5000,82.0000,33.0000
599.0000,343.5000,82.0000,33.0000
599.0000,343.5000,82.0000,33.0000
599.0000,343.5000,82.0000,33.0000
599.0000,343.5000,82.0000,33.0000
599.0000,343.5000,82.0000,33.0000
599.0000,343.5000,82.0000,33.0000
599.0000,343.5000,82.0000,33.0000
486.0000,295.5000,82.0000,33.0000
599.0000,343.5000,82.0000,33.0000
486.0000,295.5000,82.0000,33.0000
599.0000,343.5000,82.0000,33.0000
470.0000,281.5000,82.0000,33.0000
599.0000,343.5000,82.0000,33.0000
599.0000,343.5000,82.0000,33.0000
599.0000,343.5000,82.0000,33.0000
599.0000,343.5000,82.0000,33.0000
599.0000,343.5000,82.0000,33.0000
599.0000,343.5000,82.0000,33.0000
599.0000,343.5000,82.0000,33.0000
599.0000,343.5000,82.0000,33.0000
599.0000,343.5000,82.0000,33.0000
599.0000,343.5000,82.0000,33.0000
599.0000,343.5000,82.0000,33.0000
599.0000,343.5000,82.0000,33.0000
599.0000,343.5000,82.0000,33.0000
527.0000,965.5000,82.0000,33.0000
599.0000,343.5000,82.0000,33.0000
528.0000,979.5000,82.0000,33.0000
599.0000,343.5000,82.0000,33.0000
527.0000,979.5000,82.0000,33.0000
599.0000,343.5000,82.0000,33.0000
519.0000,993.5000,82.0000,33.0000
519.0000,993.5000,82.0000,33.0000
527.0000,979.5000,82.0000,33.0000
599.0000,343.5000,82.0000,33.0000
519.0000,993.5000,82.0000,33.0000
599.0000,343.5000,82.0000,33.0000
599.0000,343.5000,82.0000,33.0000
519.0000,223.5000,82.0000,33.0000
535.0000,979.5000,82.0000,33.0000
599.0000,343.5000,82.0000,33.0000
599.0000,343.5000,82.0000,33.0000
599.0000,343.5000,82.0000,33.0000
599.0000,343.5000,82.0000,33.0000
527.0000,979.5000,82.0000,33.0000
527.0000,964.5000,82.0000,33.0000
599.0000,343.5000,82.0000,33.0000
941.5626,538.3126,68.8747,44.3747
519.0000,965.5000,82.0000,33.0000
519.0000,965.5000,82.0000,33.0000
527.0000,965.5000,82.0000,33.0000
486.0000,237.5000,82.0000,33.0000
519.0000,935.5000,82.0000,33.0000
519.0000,965.5000,82.0000,33.0000
599.0000,343.5000,82.0000,33.0000
940.7146,529.4646,74.5708,50.0708
519.0000,935.5000,82.0000,33.0000
519.0000,964.5000,82.0000,33.0000
599.0000,343.5000,82.0000,33.0000
599.0000,343.5000,82.0000,33.0000
599.0000,343.5000,82.0000,33.0000
599.0000,343.5000,82.0000,33.0000
599.0000,343.5000,82.0000,33.0000
528.0000,964.5000,82.0000,33.0000
599.0000,343.5000,82.0000,33.0000
599.0000,343.5000,82.0000,33.0000
599.0000,343.5000,82.0000,33.0000
599.0000,343.5000,82.0000,33.0000
599.0000,343.5000,82.0000,33.0000
599.0000,343.5000,82.0000,33.0000
599.0000,343.5000,82.0000,33.0000
599.0000,343.5000,82.0000,33.0000
599.0000,343.5000,82.0000,33.0000
535.0000,978.5000,82.0000,33.0000
599.0000,343.5000,82.0000,33.0000
543.0000,950.5000,82.0000,33.0000
599.0000,343.5000,82.0000,33.0000
599.0000,343.5000,82.0000,33.0000
599.0000,343.5000,82.0000,33.0000
599.0000,343.5000,82.0000,33.0000
599.0000,343.5000,82.0000,33.0000
599.0000,343.5000,82.0000,33.0000
599.0000,343.5000,82.0000,33.0000
599.0000,343.5000,82.0000,33.0000
453.0000,295.5000,82.0000,33.0000
599.0000,343.5000,82.0000,33.0000
519.0000,993.5000,82.0000,33.0000
599.0000,343.5000,82.0000,33.0000
599.0000,343.5000,82.0000,33.0000
599.0000,343.5000,82.0000,33.0000
599.0000,343.5000,82.0000,33.0000
599.0000,343.5000,82.0000,33.0000
599.0000,343.5000,82.0000,33.0000
599.0000,343.5000,82.0000,33.0000
599.0000,343.5000,82.0000,33.0000
599.0000,343.5000,82.0000,33.0000
544.0000,935.5000,82.0000,33.0000
930.0000,540.7500,76.0000,51.5000
519.0000,964.5000,82.0000,33.0000
931.3927,486.1427,84.2146,59.7146
355.0000,935.5000,82.0000,33.0000
942.1891,329.9392,99.6217,75.1217
872.4659,331.7159,107.0681,82.5681
519.0000,935.5000,82.0000,33.0000
860.8614,347.6114,104.2772,79.7772
356.0000,906.5000,82.0000,33.0000
599.0000,343.5000,82.0000,33.0000
599.0000,343.5000,82.0000,33.0000
527.0000,979.5000,82.0000,33.0000
599.0000,343.5000,82.0000,33.0000
599.0000,343.5000,82.0000,33.0000
599.0000,343.5000,82.0000,33.0000
599.0000,343.5000,82.0000,33.0000
599.0000,343.5000,82.0000,33.0000
599.0000,343.5000,82.0000,33.0000
599.0000,343.5000,82.0000,33.0000
454.0000,295.5000,82.0000,33.0000
453.0000,295.5000,82.0000,33.0000
445.0000,237.5000,82.0000,33.0000
599.0000,343.5000,82.0000,33.0000
599.0000,343.5000,82.0000,33.0000
241.3591,458.6091,87.2817,62.7817
249.1776,475.9276,81.6448,57.1448
230.3130,458.5630,109.3740,84.8740
461.0000,237.5000,82.0000,33.0000
209.8428,441.5928,114.3144,89.8144
599.0000,343.5000,82.0000,33.0000
519.0000,965.5000,82.0000,33.0000
599.0000,343.5000,82.0000,33.0000
461.0000,281.5000,82.0000,33.0000
527.0000,979.5000,82.0000,33.0000
470.0000,280.5000,82.0000,33.0000
599.0000,343.5000,82.0000,33.0000
462.0000,237.5000,82.0000,33.0000
469.0000,223.5000,82.0000,33.0000
599.0000,343.5000,82.0000,33.0000
599.0000,343.5000,82.0000,33.0000
599.0000,343.5000,82.0000,33.0000
599.0000,343.5000,82.0000,33.0000
494.0000,223.5000,82.0000,33.0000
486.0000,237.5000,82.0000,33.0000
599.0000,343.5000,82.0000,33.0000
599.0000,343.5000,82.0000,33.0000
599.0000,343.5000,82.0000,33.0000
599.0000,343.5000,82.0000,33.0000
535.0000,979.5000,82.0000,33.0000
486.0000,237.5000,82.0000,33.0000
243.3645,499.1145,63.2711,38.7711
502.0000,223.5000,82.0000,33.0000
599.0000,343.5000,82.0000,33.0000
487.0000,237.5000,82.0000,33.0000
486.0000,295.5000,82.0000,33.0000
599.0000,343.5000,82.0000,33.0000
954.1215,532.3715,71.7571,47.2571
494.0000,223.5000,82.0000,33.0000
486.0000,237.5000,82.0000,33.0000
486.0000,237.5000,82.0000,33.0000
519.0000,965.5000,82.0000,33.0000
599.0000,343.5000,82.0000,33.0000
519.0000,965.5000,82.0000,33.0000
462.0000,237.5000,82.0000,33.0000
486.0000,237.5000,82.0000,33.0000
599.0000,343.5000,82.0000,33.0000
519.0000,964.5000,82.0000,33.0000
599.0000,343.5000,82.0000,33.0000
535.0000,979.5000,82.0000,33.0000
217.9559,478.7059,75.0881,50.5881
462.0000,222.5000,82.0000,33.0000
217.6072,467.8572,85.7856,61.2856
221.5042,500.7542,55.9917,31.4917
599.0000,343.5000,82.0000,33.0000
437.0000,266.5000,82.0000,33.0000
232.8858,463.1359,71.2283,46.7283
239.9448,450.1949,101.1103,76.6103
228.0084,437.2584,129.9831,105.4831
289.1254,482.8754,79.7492,55.2492
599.0000,343.5000,82.0000,33.0000
599.0000,343.5000,82.0000,33.0000
599.0000,343.5000,82.0000,33.0000
599.0000,343.5000,82.0000,33.0000
599.0000,343.5000,82.0000,33.0000
599.0000,343.5000,82.0000,33.0000
599.0000,343.5000,82.0000,33.0000
599.0000,343.5000,82.0000,33.0000
599.0000,343.5000,82.0000,33.0000
519.0000,935.5000,82.0000,33.0000
599.0000,343.5000,82.0000,33.0000
519.0000,935.5000,82.0000,33.0000
599.0000,343.5000,82.0000,33.0000
924.9858,524.2358,94.0283,69.5283
519.0000,935.5000,82.0000,33.0000
938.8786,526.6286,80.2428,55.7428
331.0000,804.5000,82.0000,33.0000
519.0000,965.5000,82.0000,33.0000
599.0000,343.5000,82.0000,33.0000
938.4773,530.2273,74.0454,49.5454
290.0000,921.5000,82.0000,33.0000
892.1356,289.8856,77.7287,53.2287
912.3455,277.5955,110.3091,85.8091
535.0000,979.5000,82.0000,33.0000
265.0000,979.5000,82.0000,33.0000
265.0000,993.5000,82.0000,33.0000
306.0000,1022.5000,82.0000,33.0000
274.0000,1023.5000,82.0000,33.0000
599.0000,343.5000,82.0000,33.0000
599.0000,343.5000,82.0000,33.0000
599.0000,343.5000,82.0000,33.0000
519.0000,993.5000,82.0000,33.0000
599.0000,343.5000,82.0000,33.0000
527.0000,979.5000,82.0000,33.0000
599.0000,343.5000,82.0000,33.0000
527.0000,979.5000,82.0000,33.0000
599.0000,343.5000,82.0000,33.0000
535.0000,979.5000,82.0000,33.0000
599.0000,343.5000,82.0000,33.0000
599.0000,343.5000,82.0000,33.0000
519.0000,993.5000,82.0000,33.0000
527.0000,979.5000,82.0000,33.0000
959.8954,526.6454,66.2091,41.7091
519.0000,993.5000,82.0000,33.0000
519.0000,993.5000,82.0000,33.0000
528.0000,979.5000,82.0000,33.0000
599.0000,343.5000,82.0000,33.0000
519.0000,964.5000,82.0000,33.0000
599.0000,343.5000,82.0000,33.0000
599.0000,343.5000,82.0000,33.0000
599.0000,343.5000,82.0000,33.0000
599.0000,343.5000,82.0000,33.0000
599.0000,343.5000,82.0000,33.0000
599.0000,343.5000,82.0000,33.0000
599.0000,343.5000,82.0000,33.0000
527.0000,979.5000,82.0000,33.0000
519.0000,965.5000,82.0000,33.0000
599.0000,343.5000,82.0000,33.0000
599.0000,343.5000,82.0000,33.0000
599.0000,343.5000,82.0000,33.0000
599.0000,343.5000,82.0000,33.0000
599.0000,343.5000,82.0000,33.0000
503.0000,978.5000,82.0000,33.0000
599.0000,343.5000,82.0000,33.0000
519.0000,935.5000,82.0000,33.0000
519.0000,935.5000,82.0000,33.0000
527.0000,979.5000,82.0000,33.0000
599.0000,343.5000,82.0000,33.0000
599.0000,343.5000,82.0000,33.0000
599.0000,343.5000,82.0000,33.0000
486.0000,295.5000,82.0000,33.0000
599.0000,343.5000,82.0000,33.0000
599.0000,343.5000,82.0000,33.0000
599.0000,343.5000,82.0000,33.0000
599.0000,343.5000,82.0000,33.0000
599.0000,343.5000,82.0000,33.0000
599.0000,343.5000,82.0000,33.0000
599.0000,343.5000,82.0000,33.0000
599.0000,343.5000,82.0000,33.0000
599.0000,343.5000,82.0000,33.0000
599.0000,343.5000,82.0000,33.0000
599.0000,343.5000,82.0000,33.0000
519.0000,993.5000,82.0000,33.0000
519.0000,993.5000,82.0000,33.0000
519.0000,964.5000,82.0000,33.0000
519.0000,993.5000,82.0000,33.0000
519.0000,993.5000,82.0000,33.0000
519.0000,964.5000,82.0000,33.0000
487.0000,237.5000,82.0000,33.0000
519.0000,965.5000,82.0000,33.0000
519.0000,993.5000,82.0000,33.0000
519.0000,935.5000,82.0000,33.0000
519.0000,965.5000,82.0000,33.0000
519.0000,993.5000,82.0000,33.0000
599.0000,343.5000,82.0000,33.0000
519.0000,964.5000,82.0000,33.0000
599.0000,343.5000,82.0000,33.0000
486.0000,237.5000,82.0000,33.0000
519.0000,935.5000,82.0000,33.0000
926.3475,530.0975,81.3051,56.8051
535.0000,979.5000,82.0000,33.0000
519.0000,964.5000,82.0000,33.0000
519.0000,964.5000,82.0000,33.0000
527.0000,965.5000,82.0000,33.0000
535.0000,978.5000,82.0000,33.0000
519.0000,965.5000,82.0000,33.0000
486.0000,237.5000,82.0000,33.0000
599.0000,343.5000,82.0000,33.0000
599.0000,343.5000,82.0000,33.0000
599.0000,343.5000,82.0000,33.0000
599.0000,343.5000,82.0000,33.0000
535.0000,979.5000,82.0000,33.0000
486.0000,295.5000,82.0000,33.0000
535.0000,978.5000,82.0000,33.0000
599.0000,343.5000,82.0000,33.0000
486.0000,237.5000,82.0000,33.0000
486.0000,266.5000,82.0000,33.0000
478.0000,237.5000,82.0000,33.0000
599.0000,343.5000,82.0000,33.0000
478.0000,295.5000,82.0000,33.0000
479.0000,266.5000,82.0000,33.0000
527.0000,979.5000,82.0000,33.0000
244.8896,480.1396,89.2208,64.7208
470.0000,280.5000,82.0000,33.0000
243.6771,465.4271,103.6458,79.1458
519.0000,935.5000,82.0000,33.0000
599.0000,343.5000,82.0000,33.0000
486.0000,237.5000,82.0000,33.0000
599.0000,343.5000,82.0000,33.0000
599.0000,343.5000,82.0000,33.0000
599.0000,343.5000,82.0000,33.0000
519.0000,935.5000,82.0000,33.0000
272.8943,493.6443,61.2114,36.7114
486.0000,295.5000,82.0000,33.0000
462.0000,281.5000,82.0000,33.0000
486.0000,237.5000,82.0000,33.0000
599.0000,343.5000,82.0000,33.0000
599.0000,343.5000,82.0000,33.0000
599.0000,343.5000,82.0000,33.0000
599.0000,343.5000,82.0000,33.0000
503.0000,281.5000,82.0000,33.0000
599.0000,343.5000,82.0000,33.0000
519.0000,935.5000,82.0000,33.0000
599.0000,343.5000,82.0000,33.0000
599.0000,343.5000,82.0000,33.0000
519.0000,935.5000,82.0000,33.0000
599.0000,343.5000,82.0000,33.0000
599.0000,343.5000,82.0000,33.0000
599.0000,343.5000,82.0000,33.0000
599.0000,343.5000,82.0000,33.0000
599.0000,343.5000,82.0000,33.0000
599.0000,343.5000,82.0000,33.0000
599.0000,343.5000,82.0000,33.0000
599.0000,343.5000,82.0000,33.0000
276.5089,496.7589,47.9821,23.4821
599.0000,343.5000,82.0000,33.0000
462.0000,295.5000,82.0000,33.0000
494.0000,281.5000,82.0000,33.0000
519.0000,935.5000,82.0000,33.0000
528.0000,978.5000,82.0000,33.0000
486.0000,266.5000,82.0000,33.0000
519.0000,935.5000,82.0000,33.0000
291.3046,492.0546,60.3907,35.8907
469.0000,281.5000,82.0000,33.0000
248.8270,474.0770,99.3459,74.8459
251.8806,477.1306,77.2388,52.7388
252.0188,465.7688,100.9625,76.4625
599.0000,343.5000,82.0000,33.0000
277.5251,492.7751,50.9499,26.4499
599.0000,343.5000,82.0000,33.0000
486.0000,266.5000,82.0000,33.0000
599.0000,343.5000,82.0000,33.0000
486.0000,295.5000,82.0000,33.0000
599.0000,343.5000,82.0000,33.0000
599.0000,343.5000,82.0000,33.0000
599.0000,343.5000,82.0000,33.0000
599.0000,343.5000,82.0000,33.0000
599.0000,343.5000,82.0000,33.0000
599.0000,343.5000,82.0000,33.0000
462.0000,266.5000,82.0000,33.0000
486.0000,266.5000,82.0000,33.0000
494.0000,237.5000,82.0000,33.0000
519.0000,935.5000,82.0000,33.0000
535.0000,965.5000,82.0000,33.0000
486.0000,237.5000,82.0000,33.0000
599.0000,343.5000,82.0000,33.0000
599.0000,343.5000,82.0000,33.0000
599.0000,343.5000,82.0000,33.0000
486.0000,266.5000,82.0000,33.0000
527.0000,978.5000,82.0000,33.0000
486.0000,237.5000,82.0000,33.0000
519.0000,993.5000,82.0000,33.0000
486.0000,237.5000,82.0000,33.0000
599.0000,343.5000,82.0000,33.0000
599.0000,343.5000,82.0000,33.0000
599.0000,343.5000,82.0000,33.0000
599.0000,343.5000,82.0000,33.0000
599.0000,343.5000,82.0000,33.0000
487.0000,266.5000,82.0000,33.0000
599.0000,343.5000,82.0000,33.0000
486.0000,266.5000,82.0000,33.0000
599.0000,343.5000,82.0000,33.0000
599.0000,343.5000,82.0000,33.0000
599.0000,343.5000,82.0000,33.0000
486.0000,295.5000,82.0000,33.0000
599.0000,343.5000,82.0000,33.0000
599.0000,343.5000,82.0000,33.0000
599.0000,343.5000,82.0000,33.0000
599.0000,343.5000,82.0000,33.0000
599.0000,343.5000,82.0000,33.0000
486.0000,295.5000,82.0000,33.0000
519.0000,935.5000,82.0000,33.0000
599.0000,343.5000,82.0000,33.0000
599.0000,343.5000,82.0000,33.0000
599.0000,343.5000,82.0000,33.0000
527.0000,979.5000,82.0000,33.0000
519.0000,935.5000,82.0000,33.0000
599.0000,343.5000,82.0000,33.0000
519.0000,935.5000,82.0000,33.0000
599.0000,343.5000,82.0000,33.0000
486.0000,295.5000,82.0000,33.0000
599.0000,343.5000,82.0000,33.0000
470.0000,281.5000,82.0000,33.0000
255.3819,483.6320,88.2361,63.7361
264.2836,481.0336,87.4327,62.9327
486.0000,295.5000,82.0000,33.0000
486.0000,295.5000,82.0000,33.0000
478.0000,295.5000,82.0000,33.0000
599.0000,343.5000,82.0000,33.0000
486.0000,295.5000,82.0000,33.0000
519.0000,935.5000,82.0000,33.0000
503.0000,978.5000,82.0000,33.0000
486.0000,295.5000,82.0000,33.0000
511.0000,950.5000,82.0000,33.0000
519.0000,935.5000,82.0000,33.0000
503.0000,964.5000,82.0000,33.0000
947.0114,542.7614,62.9773,38.4773
936.1995,481.9495,106.6011,82.1011
901.3490,471.5990,117.3020,92.8020
919.5967,503.8468,95.8065,71.3065
347.0000,950.5000,82.0000,33.0000
519.0000,935.5000,82.0000,33.0000
519.0000,935.5000,82.0000,33.0000
599.0000,343.5000,82.0000,33.0000
599.0000,343.5000,82.0000,33.0000
599.0000,343.5000,82.0000,33.0000
599.0000,343.5000,82.0000,33.0000
599.0000,343.5000,82.0000,33.0000
599.0000,343.5000,82.0000,33.0000
599.0000,343.5000,82.0000,33.0000
486.0000,295.5000,82.0000,33.0000
599.0000,343.5000,82.0000,33.0000
599.0000,343.5000,82.0000,33.0000
486.0000,324.5000,82.0000,33.0000
282.7042,475.9542,95.5917,71.0917
280.5917,469.3417,96.8167,72.3167
278.3961,461.6461,86.2079,61.7079
267.7379,449.4879,87.5242,63.0242
599.0000,343.5000,82.0000,33.0000
258.1960,431.4460,96.6080,72.1080
453.0000,237.5000,82.0000,33.0000
339.0000,572.5000,82.0000,33.0000
244.9542,462.7042,101.0916,76.5916
282.4222,474.1722,57.1555,32.6555
249.9431,479.1931,75.1138,50.6138
453.0000,237.5000,82.0000,33.0000
535.0000,978.5000,82.0000,33.0000
445.0000,266.5000,82.0000,33.0000
454.0000,237.5000,82.0000,33.0000
599.0000,343.5000,82.0000,33.0000
223.5705,444.8205,119.8591,95.3591
438.0000,266.5000,82.0000,33.0000
212.1258,492.8758,60.7484,36.2484
453.0000,237.5000,82.0000,33.0000
478.0000,237.5000,82.0000,33.0000
599.0000,343.5000,82.0000,33.0000
478.0000,237.5000,82.0000,33.0000
535.0000,979.5000,82.0000,33.0000
232.3757,475.1257,63.2486,38.7486
599.0000,343.5000,82.0000,33.0000
462.0000,223.5000,82.0000,33.0000
599.0000,343.5000,82.0000,33.0000
543.0000,950.5000,82.0000,33.0000
535.0000,979.5000,82.0000,33.0000
599.0000,343.5000,82.0000,33.0000
543.0000,935.5000,82.0000,33.0000
599.0000,343.5000,82.0000,33.0000
599.0000,343.5000,82.0000,33.0000
429.0000,223.5000,82.0000,33.0000
222.6371,449.3871,93.7257,69.2257
519.0000,935.5000,82.0000,33.0000
519.0000,935.5000,82.0000,33.0000
527.0000,978.5000,82.0000,33.0000
599.0000,343.5000,82.0000,33.0000
599.0000,343.5000,82.0000,33.0000
478.0000,266.5000,82.0000,33.0000
235.8729,483.6229,93.2542,68.7542
237.6449,477.3949,104.7103,80.2103
227.1387,477.8887,96.7225,72.2225
231.5882,468.3383,101.8235,77.3235
519.0000,935.5000,82.0000,33.0000
543.0000,935.5000,82.0000,33.0000
535.0000,965.5000,82.0000,33.0000
283.6509,461.4009,65.6982,41.1982
242.8503,451.1003,126.2995,101.7995
290.2094,486.9594,82.5812,58.0812
304.5017,488.7517,77.9966,53.4966
262.9643,477.7143,97.0714,72.5714
599.0000,343.5000,82.0000,33.0000
599.0000,343.5000,82.0000,33.0000
599.0000,343.5000,82.0000,33.0000
454.0000,295.5000,82.0000,33.0000
599.0000,343.5000,82.0000,33.0000
462.0000,324.5000,82.0000,33.0000
331.0000,557.5000,82.0000,33.0000
599.0000,343.5000,82.0000,33.0000
599.0000,343.5000,82.0000,33.0000
599.0000,343.5000,82.0000,33.0000
599.0000,343.5000,82.0000,33.0000
599.0000,343.5000,82.0000,33.0000
599.0000,343.5000,82.0000,33.0000
599.0000,343.5000,82.0000,33.0000
599.0000,343.5000,82.0000,33.0000
599.0000,343.5000,82.0000,33.0000
599.0000,343.5000,82.0000,33.0000
599.0000,343.5000,82.0000,33.0000
766.0370,131.7870,121.9259,97.4259
755.9810,137.2310,97.0379,72.5379
729.5857,118.3357,113.8286,89.3286
721.7215,110.9715,126.5570,102.0570
755.4922,162.2422,89.0156,64.5156
216.0000,819.5000,82.0000,33.0000
599.0000,343.5000,82.0000,33.0000
848.1286,144.3786,62.7428,38.2428
865.3754,90.1253,86.2493,61.7493
599.0000,343.5000,82.0000,33.0000
527.0000,965.5000,82.0000,33.0000
250.1986,507.9486,66.6027,42.1027
599.0000,343.5000,82.0000,33.0000
860.4047,81.6547,117.1906,92.6906
863.8590,63.1090,110.2820,85.7820
486.0000,237.5000,82.0000,33.0000
503.0000,965.5000,82.0000,33.0000
486.0000,237.5000,82.0000,33.0000
939.5000,533.2500,71.0000,46.5000
914.4449,514.6949,92.1102,67.6102
934.1571,522.9071,68.6857,44.1857
211.9852,509.2352,79.0296,54.5296
968.1386,129.8886,69.7228,45.2228
486.0000,237.5000,82.0000,33.0000
224.8198,516.5698,54.3604,29.8604
929.0827,510.8327,96.8346,72.3346
943.4070,519.1570,92.1859,67.6859
945.2084,522.9584,81.5832,57.0832
941.4483,529.6983,76.1034,51.6034
950.0214,529.2714,75.9571,51.4571
954.8661,538.6161,67.2679,42.7679
207.0417,501.7917,91.9166,67.4166
946.0215,534.7715,69.9569,45.4569
937.1459,526.8959,77.7083,53.2083
945.0745,525.8245,82.8509,58.3509
219.4255,485.1755,103.1490,78.6490
519.0000,993.5000,82.0000,33.0000
221.1883,511.9384,82.6233,58.1233
599.0000,343.5000,82.0000,33.0000
486.0000,237.5000,82.0000,33.0000
599.0000,343.5000,82.0000,33.0000
224.5709,523.3209,63.8583,39.3583
519.0000,993.5000,82.0000,33.0000
502.0000,223.5000,82.0000,33.0000
519.0000,993.5000,82.0000,33.0000
956.7439,533.9939,61.5122,37.0122
519.0000,993.5000,82.0000,33.0000
218.9445,498.1945,86.1110,61.6110
519.0000,993.5000,82.0000,33.0000
221.3875,515.1375,72.2250,47.7250
502.0000,223.5000,82.0000,33.0000
486.0000,237.5000,82.0000,33.0000
519.0000,993.5000,82.0000,33.0000
495.0000,223.5000,82.0000,33.0000
502.0000,223.5000,82.0000,33.0000
502.0000,223.5000,82.0000,33.0000
599.0000,343.5000,82.0000,33.0000
218.9881,515.2381,62.0238,37.5238
519.0000,993.5000,82.0000,33.0000
963.7673,540.0173,55.4655,30.9655
487.0000,237.5000,82.0000,33.0000
494.0000,223.5000,82.0000,33.0000
494.0000,222.5000,82.0000,33.0000
519.0000,979.5000,82.0000,33.0000
502.0000,222.5000,82.0000,33.0000
949.6381,532.8881,75.7239,51.2239
502.0000,222.5000,82.0000,33.0000
486.0000,237.5000,82.0000,33.0000
959.8395,515.5895,86.3211,61.8211
487.0000,237.5000,82.0000,33.0000
224.0000,1022.5000,82.0000,33.0000
519.0000,993.5000,82.0000,33.0000
519.0000,993.5000,82.0000,33.0000
519.0000,993.5000,82.0000,33.0000
216.0000,1022.5000,82.0000,33.0000
955.9563,529.2063,71.0874,46.5874
945.8505,512.1005,86.2990,61.7990
953.4762,523.7262,83.0476,58.5476
502.0000,979.5000,82.0000,33.0000
966.5139,534.7639,58.9722,34.4722
963.3892,516.6392,77.2215,52.7215
519.0000,993.5000,82.0000,33.0000
224.0000,994.5000,82.0000,33.0000
486.0000,237.5000,82.0000,33.0000
225.0000,993.5000,82.0000,33.0000
519.0000,993.5000,82.0000,33.0000
599.0000,343.5000,82.0000,33.0000
503.0000,965.5000,82.0000,33.0000
519.0000,993.5000,82.0000,33.0000
503.0000,978.5000,82.0000,33.0000
519.0000,993.5000,82.0000,33.0000
599.0000,343.5000,82.0000,33.0000
519.0000,993.5000,82.0000,33.0000
519.0000,993.5000,82.0000,33.0000
126.0000,615.5000,82.0000,33.0000
519.0000,993.5000,82.0000,33.0000
519.0000,993.5000,82.0000,33.0000
971.1782,550.9282,50.6437,26.1437
599.0000,343.5000,82.0000,33.0000
519.0000,993.5000,82.0000,33.0000
599.0000,343.5000,82.0000,33.0000
519.0000,993.5000,82.0000,33.0000
519.0000,993.5000,82.0000,33.0000
503.0000,978.5000,82.0000,33.0000
486.0000,237.5000,82.0000,33.0000
200.8014,454.5514,105.3972,80.8972
469.0000,223.5000,82.0000,33.0000
938.6644,518.9144,93.6712,69.1712
503.0000,979.5000,82.0000,33.0000
934.1462,511.8962,100.7076,76.2076
948.2514,512.5014,85.4972,60.9972
941.9797,522.7297,84.0407,59.5407
503.0000,979.5000,82.0000,33.0000
932.6567,506.4066,100.6867,76.1867
948.9339,504.6839,92.1322,67.6322
237.9171,507.6671,59.1659,34.6659
954.9570,527.7070,70.0861,45.5861
940.9424,525.1924,80.1152,55.6152
486.0000,266.5000,82.0000,33.0000
941.0939,515.3439,86.8121,62.3121
519.0000,979.5000,82.0000,33.0000
486.0000,237.5000,82.0000,33.0000
503.0000,965.5000,82.0000,33.0000
236.2014,497.9514,70.5973,46.0973
486.0000,237.5000,82.0000,33.0000
225.8513,476.1013,98.2975,73.7975
486.0000,237.5000,82.0000,33.0000
935.1962,514.4462,95.6077,71.1077
519.0000,935.5000,82.0000,33.0000
944.9142,514.6642,89.1716,64.6716
945.5381,511.7881,86.9239,62.4239
937.9169,525.6669,80.1663,55.6663
503.0000,979.5000,82.0000,33.0000
503.0000,978.5000,82.0000,33.0000
502.0000,979.5000,82.0000,33.0000
935.2778,511.5278,90.4444,65.9444
519.0000,993.5000,82.0000,33.0000
941.6625,522.9125,74.6749,50.1749
503.0000,979.5000,82.0000,33.0000
939.2712,531.0212,73.4577,48.9577
935.7917,517.5417,81.4166,56.9166
944.8151,527.5651,78.3698,53.8698
959.7439,538.9939,61.5122,37.0122
947.1194,524.8694,82.7612,58.2612
486.0000,237.5000,82.0000,33.0000
519.0000,965.5000,82.0000,33.0000
486.0000,266.5000,82.0000,33.0000
232.3507,496.1007,71.2985,46.7985
486.0000,237.5000,82.0000,33.0000
945.3855,524.6355,84.2290,59.7290
519.0000,993.5000,82.0000,33.0000
947.8661,531.6161,67.2679,42.7679
486.0000,237.5000,82.0000,33.0000
941.2512,508.5012,95.4977,70.9977
470.0000,267.5000,82.0000,33.0000
519.0000,965.5000,82.0000,33.0000
519.0000,965.5000,82.0000,33.0000
486.0000,237.5000,82.0000,33.0000
599.0000,343.5000,82.0000,33.0000
941.6527,518.9027,86.6946,62.1946
486.0000,237.5000,82.0000,33.0000
519.0000,979.5000,82.0000,33.0000
599.0000,343.5000,82.0000,33.0000
519.0000,993.5000,82.0000,33.0000
486.0000,237.5000,82.0000,33.0000
519.0000,965.5000,82.0000,33.0000
519.0000,979.5000,82.0000,33.0000
922.1749,504.4249,112.6502,88.1502
954.6678,528.9178,64.6643,40.1643
930.6000,511.8499,97.8001,73.3001
502.0000,965.5000,82.0000,33.0000
920.7580,507.0080,103.4840,78.9840
502.0000,978.5000,82.0000,33.0000
519.0000,965.5000,82.0000,33.0000
503.0000,964.5000,82.0000,33.0000
926.6664,510.4164,95.6672,71.1672
511.0000,964.5000,82.0000,33.0000
926.0679,511.3179,99.8643,75.3643
958.7823,511.0323,87.4354,62.9354
937.6668,518.9168,81.6663,57.1663
966.5629,526.3129,50.8742,26.3742
952.0890,521.3390,71.8221,47.3221
959.0406,523.2906,77.9188,53.4188
953.8753,512.6253,90.2494,65.7494
954.6002,506.8502,90.7996,66.2996
944.7195,502.4695,104.5610,80.0610
954.7930,496.5430,103.4139,78.9139
931.9673,481.7173,125.0655,100.5655
932.8255,478.0755,125.3490,100.8490
938.0813,479.3313,130.8374,106.3374
939.7257,483.4757,115.5486,91.0486
939.1503,489.4003,115.6994,91.1994
941.0127,492.2627,104.9746,80.4746
933.6252,483.3752,121.7496,97.2496
932.2126,486.4626,124.5748,100.0748
927.4136,491.6636,114.1727,89.6727
503.0000,965.5000,82.0000,33.0000
928.2155,489.4655,111.5691,87.0691
926.1252,485.8752,108.7495,84.2495
933.7698,504.5197,88.4605,63.9605
952.4066,519.1566,65.1868,40.6868
935.0058,505.2558,94.9884,70.4884
934.6044,488.8543,100.7913,76.2913
927.4376,511.6876,96.1249,71.6249
943.4416,507.1916,88.1169,63.6169
947.0854,524.8354,84.8292,60.3292
938.2434,497.9934,88.5132,64.0132
923.1661,498.4161,100.6678,76.1678
495.0000,979.5000,82.0000,33.0000
932.7079,501.9579,91.5841,67.0841
928.7433,490.9933,106.5134,82.0134
922.6751,501.4251,103.6498,79.1498
927.3752,478.6252,113.2496,88.7496
921.4033,494.6532,121.1935,96.6935
938.4546,487.7046,107.0908,82.5908
938.2580,497.5080,111.4840,86.9840
929.0117,492.2617,120.9766,96.4766
932.0602,481.3102,119.8797,95.3797
947.2605,500.5105,100.4790,75.9790
