0.383058
0.040154
0.049383
0.057670
0.037114
0.024700
0.032548
0.049485
0.047848
0.035415
0.036386
0.043856
0.027634
0.026049
0.036520
0.039487
0.036521
0.035714
0.047523
0.041656
0.041363
0.046468
0.042809
0.028281
0.040445
0.035157
0.028661
0.032702
0.027485
0.031269
0.030428
0.028445
0.027391
0.040366
0.028531
0.028625
0.024760
0.022444
0.024163
0.024378
0.033972
0.024450
0.028004
0.035182
0.047482
0.054298
0.047553
0.049230
0.028033
0.028887
0.061830
0.042240
0.044493
0.042491
0.028859
0.033190
0.038547
0.066661
0.043049
0.044592
0.043762
0.038943
0.026346
0.028185
0.026136
0.038308
0.041189
0.036654
0.036537
0.037023
0.036078
0.037701
0.043991
0.044307
0.046554
0.041614
0.032722
0.041751
0.028840
0.029953
0.029639
0.029313
0.044794
0.029988
0.032872
0.029441
0.028663
0.028466
0.032077
0.030569
0.029231
0.035582
0.031423
0.035657
0.031888
0.031716
0.026113
0.027974
0.028527
0.037572
0.041892
0.028317
0.030568
0.028067
0.028971
0.023630
0.037202
0.029707
0.029667
0.051215
0.043743
0.036180
0.034971
0.031540
0.045747
0.025970
0.028208
0.045302
0.045189
0.027465
0.043098
0.028294
0.028621
0.030433
0.041174
0.030105
0.032930
0.028717
0.028002
0.044216
0.035885
0.042579
0.053127
0.028476
0.028183
0.027963
0.044268
0.029179
0.028293
0.033078
0.028269
0.027969
0.034848
0.039369
0.048532
0.035116
0.029633
0.030264
0.028075
0.028003
0.028748
0.029980
0.028196
0.028217
0.027926
0.028161
0.029898
0.028154
0.029543
0.030353
0.031689
0.028100
0.030458
0.028944
0.033258
0.030818
0.037655
0.030210
0.039431
0.031482
0.030249
0.031261
0.031923
0.034285
0.032325
0.045732
0.034232
0.040453
0.031712
0.033145
0.031403
0.041517
0.033695
0.052751
0.048057
0.033860
0.032574
0.035616
0.041832
0.043119
0.033291
0.032464
0.047289
0.031714
0.036013
0.031852
0.033097
0.036288
0.033031
0.036119
0.033453
0.035323
0.033355
0.034860
0.031815
0.034995
0.031588
0.034657
0.032181
0.032137
0.032484
0.038630
0.031813
0.032595
0.021809
0.032997
0.022935
0.021325
0.029787
0.029924
0.026238
0.027546
0.026875
0.028846
0.026388
0.026418
0.027590
0.039508
0.038464
0.032252
0.042186
0.040529
0.027661
0.047669
0.027701
0.041438
0.029494
0.028027
0.027734
0.030464
0.027650
0.041413
0.041263
0.040477
0.032691
0.031681
0.032216
0.046691
0.046111
0.045847
0.034860
0.033190
0.031734
0.034081
0.033415
0.033952
0.031571
0.037315
0.031767
0.031541
0.031680
0.033935
0.032381
0.031634
0.034027
0.033418
0.032533
0.031788
0.031562
0.032533
0.032960
0.031753
0.031617
0.031390
0.035078
0.031687
0.031845
0.032914
0.031471
0.033001
0.032044
0.032393
0.024965
0.026040
0.023181
0.027354
0.040073
0.026777
0.028706
0.027579
0.030422
0.021907
0.027671
0.024674
0.020923
0.025179
0.024071
0.026213
0.035439
0.024108
0.027660
0.024844
0.026148
0.036997
0.032132
0.026030
0.023186
0.038793
0.039839
0.026725
0.060608
0.041349
0.031063
0.031210
0.042914
0.032626
0.040635
0.025350
0.037342
0.036903
0.025186
0.036696
0.038113
0.028343
0.030514
0.030393
0.044913
0.030033
0.030344
0.031796
0.030336
0.030229
0.048095
0.030486
0.026755
0.016682
0.018922
0.024005
0.022635
0.022758
0.025017
0.020969
0.027682
0.025407
0.026971
0.026138
0.026074
0.029485
0.028638
0.026412
0.028735
0.026503
0.033290
0.031257
0.030943
0.030335
0.030192
0.033603
0.032113
0.030290
0.030905
0.030652
0.030067
0.030866
0.033580
0.030307
0.030151
0.024644
0.025800
0.026375
0.025784
0.025562
0.025480
0.026554
0.028046
0.028293
0.028486
0.041978
0.034709
0.030119
0.027122
0.027361
0.027236
0.028123
0.027488
0.028063
0.028887
0.028235
0.022378
0.026597
0.031472
0.030273
0.034718
0.032914
0.035413
0.033894
0.033850
0.028045
0.044939
0.037609
0.035076
0.039908
0.022444
0.022274
0.022063
0.022119
0.024843
0.032723
0.022201
0.022367
0.023356
0.022097
0.022202
0.022942
0.027226
0.029052
0.024922
0.025684
0.026022
0.025057
0.025196
0.025054
0.024896
0.027859
0.025113
0.029243
0.024986
0.026722
0.025540
0.024213
0.022846
0.023917
0.023674
0.045947
0.023923
0.024425
0.024547
0.023576
0.027119
0.024529
0.024626
0.025180
0.026699
0.023907
0.025410
0.023629
0.025458
0.024207
0.023643
0.034582
0.042161
0.033182
0.023883
0.025016
0.028858
0.024924
0.035485
0.030334
0.029620
0.032766
0.031735
0.023893
0.023288
0.024518
0.023388
0.025993
0.023661
0.024591
0.023335
0.023281
0.030208
0.023410
0.025486
0.023771
0.025300
0.025292
0.023201
0.023686
0.023974
0.024350
0.024873
0.023482
0.024126
0.023211
0.026487
0.023396
0.027106
0.040679
0.048047
0.033980
0.030547
0.025897
0.027349
0.025868
0.026361
0.036512
0.032042
0.026919
0.026159
0.027019
0.027897
0.029739
0.029394
0.028908
0.029665
0.028781
0.022997
0.024563
0.024026
0.019009
0.024443
0.023250
0.023418
0.024201
0.022122
0.022633
0.023860
0.022676
0.025241
0.024070
0.024447
0.034580
0.036355
0.023914
0.037459
0.036960
0.036375
0.024722
0.037321
0.025841
0.036446
0.025429
0.036830
0.037427
0.036363
0.025650
0.026820
0.025604
0.037812
0.028355
0.018399
0.025145
0.019323
0.018179
0.019320
0.023530
0.015643
0.015253
0.016255
0.015038
0.017390
0.019537
0.023057
0.024446
0.023590
0.019203
0.019555
0.019225
0.019886
0.022299
0.019660
0.019289
0.019246
0.024989
0.020973
0.021093
0.023490
0.024326
0.021938
0.022119
0.025807
0.023175
0.031991
0.022147
0.023597
0.021944
0.025925
0.021814
0.022037
0.021915
0.024028
0.022647
0.022141
0.020653
0.025363
0.021049
0.021164
0.020508
0.022715
0.020481
0.020814
0.021654
0.020636
0.021025
0.020474
0.021097
0.022036
0.020638
0.023346
0.022529
0.021126
0.023328
0.022155
0.024844
0.021945
0.021947
0.021693
0.022254
0.032494
0.018257
0.021674
0.027082
0.024227
0.016365
0.023892
0.014081
0.023707
0.028332
0.028897
0.014398
0.014491
0.014242
0.015006
0.017939
0.025137
0.022272
0.021107
0.015281
0.018103
0.014955
0.024604
0.044870
0.015669
0.021632
0.022543
0.035617
0.050809
0.034354
0.040640
0.043983
0.036772
0.016174
0.016114
0.015755
0.025339
0.027857
0.032072
0.041495
0.047216
0.045868
0.046013
0.046625
0.033720
0.039186
0.024628
0.014801
0.030389
0.024558
0.035779
0.035699
0.049060
0.032670
0.033079
0.027335
0.024116
0.026279
0.020043
0.020743
0.019811
0.032344
0.018051
0.020879
0.020414
0.018348
0.024561
0.030218
0.041401
0.020377
0.022442
0.019526
0.020168
0.019535
0.022012
0.027133
0.019120
0.020785
0.018178
0.019251
0.023145
0.024134
0.023857
0.025778
0.018572
0.020268
0.037198
0.034570
0.022187
0.023881
0.026290
0.022190
0.031759
0.026331
0.036170
0.032446
0.034559
0.022397
0.022137
0.034730
0.032864
0.030401
0.030738
0.029187
0.030180
0.031527
0.031112
0.052947
0.019810
0.024944
0.030537
0.022552
0.023918
0.034778
0.022287
0.022400
0.029334
0.023978
0.022426
0.022022
0.026488
0.032753
0.038075
0.032051
0.024772
0.026182
0.022137
0.022828
0.022683
0.029573
0.023973
0.032506
0.022660
0.023402
0.032310
0.023043
0.023305
0.023056
0.024694
0.024130
0.030869
0.022203
0.038073
0.023558
0.022399
0.027375
0.027376
0.022818
0.031656
0.023129
0.024332
0.022821
0.023690
0.025457
0.023892
0.022465
0.025019
0.023276
0.026457
0.023102
0.033466
0.047365
0.029068
0.032767
0.049266
0.041472
0.034143
0.042284
0.027772
0.024937
0.024573
0.022783
0.032717
0.035046
0.033417
0.035609
0.037295
0.025282
0.037542
0.036190
0.025480
0.024875
0.027733
0.027424
0.036563
0.039035
0.027425
0.035824
0.029273
0.040048
0.027484
0.036349
0.037596
0.037883
0.036686
0.035971
0.034130
0.039118
0.036046
0.035941
0.042665
0.035620
0.036014
0.038792
0.037030
0.058767
0.038219
0.038016
0.043123
0.036754
0.041570
0.037953
0.038151
0.028508
0.036496
0.031722
0.038053
0.032461
0.032766
0.042416
0.034868
0.045505
0.034404
0.032305
0.037673
0.039626
0.036696
0.038319
0.040188
0.038980
0.036283
0.036368
0.038569
0.025038
0.027116
0.035207
0.030740
0.024919
0.025810
0.025430
0.038534
0.025460
0.047837
0.026252
0.038516
0.033862
0.045440
0.024938
0.033335
0.036864
0.039783
0.027654
0.045032
0.043286
0.026391
0.019968
0.017851
0.037501
0.030807
0.048552
0.034631
0.026425
0.028690
0.028978
0.027958
0.027643
0.027899
0.030924
0.028076
0.028358
0.040389
0.031158
0.028726
0.028375
0.043957
0.030612
0.040603
0.029068
0.028684
0.040559
0.043256
0.044782
0.039562
0.050001
0.043349
0.044759
0.029281
0.033136
0.043523
0.042006
0.028973
0.031809
0.041793
0.038574
0.035468
0.043534
0.027749
0.038956
0.039013
0.038609
0.031585
0.052238
0.029252
0.043167
0.030606
0.046291
0.030696
0.056832
0.030386
0.046702
0.030919
0.030731
0.039105
0.036499
0.031004
0.031178
0.039807
0.030691
0.033885
0.031241
0.031410
0.031808
0.037582
0.041259
0.035388
0.032420
0.036582
0.033762
0.046485
0.046408
0.044177
0.049571
0.037098
0.044840
0.032390
0.047888
0.047330
0.047487
0.033388
0.046388
0.046471
0.053059
0.031576
0.040649
0.026065
0.036765
0.027549
0.042161
0.026878
0.041429
0.039124
0.038905
0.040177
0.039349
0.029206
0.041787
0.038288
0.040524
0.038915
0.041191
0.036848
0.042060
0.039361
0.041301
0.045767
0.041793
0.041605
0.042101
0.044243
0.041986
0.044178
0.041997
0.030278
0.041804
0.043314
0.042253
0.031842
0.042445
0.042998
0.045391
0.041963
0.043799
0.044082
0.052589
0.046758
0.045197
0.041627
0.041269
0.024463
0.039205
0.029433
0.026465
0.038570
0.044302
0.027473
0.038383
0.026668
0.040823
0.027869
0.039821
0.026376
0.040460
0.028992
0.039654
0.026551
0.026470
0.026627
0.033892
0.043211
0.043724
0.042743
0.046368
0.042719
0.042474
0.030448
0.041462
0.042782
0.045617
0.043158
0.045054
0.029115
0.042644
0.045200
0.042791
0.029079
0.048020
0.029372
0.045551
0.030058
0.029925
0.030357
0.044350
0.044839
0.043544
0.043568
0.045078
0.042579
0.044573
0.044290
0.042794
0.029189
0.046531
0.030318
0.042639
0.052281
0.047871
0.033302
0.042562
0.042378
0.043843
0.043805
0.044598
0.029407
0.042408
0.032874
0.031271
0.045728
0.042549
0.043312
0.035223
0.038030
0.055996
0.045892
0.052071
0.042685
0.046367
0.042659
0.044890
0.045165
0.043272
0.045264
0.042997
0.041895
0.040686
0.042615
0.042505
0.044070
0.044651
0.043734
0.045436
0.043827
0.045827
0.062424
0.042839
0.048729
0.042971
0.042481
0.048059
0.042843
0.043420
0.045696
0.042762
0.046333
0.042891
0.046556
0.055839
0.049261
0.044119
0.038630
0.048358
0.053889
0.038621
0.039673
0.037555
0.026717
0.042024
0.026525
0.057864
0.029785
0.039248
0.034720
0.060725
0.038497
0.040373
0.042638
0.038674
0.040817
0.042090
0.043744
0.038845
0.040319
0.046412
0.026524
0.038532
0.057703
0.048477
0.040860
0.038428
0.040294
0.044136
0.038634
0.040089
0.063230
0.038698
0.040688
0.040222
0.043579
0.044955
0.055959
0.038896
0.039215
0.040750
0.040099
0.076541
0.038569
0.040908
0.040414
0.039570
0.057441
0.048260
0.051965
0.044945
0.061399
0.045504
0.067163
0.044868
0.046891
0.044714
0.031320
0.077388
0.045613
0.043719
0.045928
0.045559
0.054826
0.044167
0.046954
0.048364
0.053934
0.057494
0.032043
0.050413
0.047195
0.046105
0.037052
0.033599
0.031756
0.054707
0.032174
0.046581
0.033248
0.020600
0.026614
0.047169
0.046117
0.060045
0.032797
0.036088
0.024100
0.023726
0.035170
0.025252
0.026750
0.028060
0.026095
0.026503
0.025271
0.026080
0.035058
0.038095
0.036006
0.053586
0.043139
0.050433
0.039834
0.039223
0.029205
0.039407
0.026254
0.039611
0.038350
0.038449
0.029545
0.050333
0.027792
0.042614
0.058972
0.042240
0.045377
0.043656
0.029859
0.042080
0.029223
0.048158
0.030156
0.043024
0.044704
0.029220
0.031724
0.031792
0.043159
0.030994
0.030124
0.030033
0.030679
0.043278
0.029213
0.045431
0.029313
0.051054
0.029513
0.042666
0.044546
0.062886
0.043377
0.049835
0.039494
0.039569
0.044067
0.028636
0.028428
0.026311
0.038855
0.026116
0.033891
0.023500
0.024578
0.034561
0.027498
0.051798
0.035771
0.024647
0.036850
0.030494
0.037213
0.041263
0.027934
0.040527
0.031522
0.047060
0.030706
0.047384
0.046022
0.030321
0.036690
0.032855
0.044278
0.045569
0.048675
0.044426
0.061307
0.071610
0.051594
0.040523
0.038918
0.036296
0.026585
0.025171
0.034972
0.024128
0.035844
0.040649
0.057359
0.028967
0.026147
0.027804
0.027127
0.033103
0.026241
0.026755
0.026237
0.029926
0.042645
0.026252
0.055164
0.029323
0.027583
0.026552
0.026522
0.030353
0.040204
0.039696
0.046373
0.030216
0.033259
0.028898
0.022317
0.033118
0.050627
0.039970
0.035797
0.031020
0.030867
0.034510
0.023434
0.061959
0.040461
0.034330
0.048927
0.029373
0.038105
0.046906
0.042543
0.043274
0.042467
0.028764
0.032933
0.036121
0.038374
0.033031
0.035922
0.033460
0.038862
0.041766
0.041824
0.052974
0.042459
0.036289
0.029599
0.053006
0.044644
0.053448
0.044889
0.038705
0.032369
0.039136
0.026439
0.045208
0.029421
0.033503
0.032042
0.038606
0.027216
0.044571
0.027136
0.042254
0.029213
0.026673
0.044712
0.052367
0.041497
0.046482
0.043128
0.045213
0.028065
0.042340
0.049164
0.041998
0.046445
0.044809
0.044067
0.041545
0.031798
0.030727
0.031703
0.039384
0.037766
0.032460
0.031207
0.045971
0.032060
0.034246
0.035438
0.034694
0.047831
0.035932
0.028401
0.033209
0.033177
0.050407
0.057207
0.045458
0.033280
0.030576
0.052808
0.034346
0.030531
0.044962
0.050077
0.047980
0.035230
0.030714
0.030428
0.032455
0.062294
0.051787
0.032289
0.045963
0.031381
0.032177
0.031218
0.031301
0.032252
0.047246
0.037000
0.046256
0.056603
0.049421
0.032939
0.030399
0.030481
0.037161
0.030581
0.053190
0.030853
0.034768
0.053123
0.033105
0.047137
0.033576
0.035702
0.044491
0.047847
0.032439
0.049343
0.049811
0.036929
0.047194
0.053477
0.048427
0.046262
0.046544
0.031796
0.048633
0.034211
0.048389
0.046833
0.049818
0.047385
0.049233
0.032876
0.046125
0.050690
0.046374
0.058777
0.048564
0.045915
0.049506
0.048312
0.047872
0.031727
0.050137
0.040436
0.065419
0.034386
0.049817
0.031966
0.031710
0.032026
0.032171
0.027261
0.018055
0.028929
0.029969
0.042025
0.034420
0.027794
0.027884
0.028516
0.028654
0.032019
0.031708
0.033028
0.041767
0.046075
0.045736
0.047303
0.030903
0.039174
0.050745
0.031690
0.043897
0.033265
0.031632
0.030508
0.033820
0.035494
0.048525
0.055287
0.048890
0.034295
0.048458
0.054867
0.051423
0.031669
0.032155
0.039171
0.047251
0.049539
0.049899
0.048905
0.046824
0.045943
0.055403
0.053681
0.058831
0.040221
0.048787
0.047611
0.032624
0.038058
0.046641
0.034222
0.031733
0.044160
0.038531
0.032866
0.031680
0.035687
0.028935
0.032171
0.030437
0.034007
0.033744
0.032848
0.039562
0.021652
0.042755
0.028312
0.039218
0.027581
0.044716
0.027202
0.053551
0.028148
0.039263
0.041898
0.041996
0.041716
0.042007
0.027935
0.041552
0.038129
0.043008
0.052664
0.057388
0.044437
0.038992
0.027343
0.043572
0.026639
0.043939
0.028044
0.028582
0.043403
0.033563
0.051867
0.037218
0.042853
0.027874
0.029181
0.027324
0.029003
0.027445
0.028678
0.030133
0.027037
0.032087
0.037652
0.036891
0.033478
0.029909
0.026934
0.026243
0.039399
0.044253
0.028665
0.039376
0.039958
0.040532
0.041448
0.038526
0.027444
0.039769
0.026258
0.026293
0.040033
0.047019
0.040555
0.042080
0.033350
0.033244
0.033193
0.046092
0.044595
0.054920
0.039539
0.046915
0.041716
0.041781
0.044036
0.043811
0.052617
0.054526
0.040571
0.046424
0.043576
0.041816
0.033350
0.040424
0.028559
0.041268
0.029680
0.030561
0.043729
0.045039
0.041780
0.056010
0.040085
0.044069
0.028191
0.029031
0.029204
0.033057
0.041157
0.044411
0.029175
0.047756
0.042183
0.032662
0.029461
0.034380
0.035051
0.035918
0.045881
0.034365
0.036260
0.026895
0.035636
0.029103
0.031971
0.029240
0.027865
0.045116
0.029385
0.041698
0.027801
0.042062
0.044272
0.041334
0.029248
0.042908
0.027731
0.049847
0.030195
0.046536
0.029378
0.028259
0.040784
0.029778
0.030214
0.041139
0.028289
0.028755
0.030000
0.029139
0.029714
0.027651
0.040984
0.042923
0.054970
0.051394
0.043663
0.046403
0.041812
0.040725
0.041768
0.041284
0.027681
0.041577
0.028064
0.047425
0.042260
0.031533
0.034204
0.028088
0.032059
0.043285
0.033384
0.034019
0.032079
0.034101
0.038389
0.027800
0.038098
0.049476
0.031890
0.040525
0.029294
0.044480
0.029462
0.027717
0.030762
0.028445
0.027753
0.027497
0.030873
0.038245
0.028196
0.031863
0.028249
0.027488
0.027976
0.043610
0.029768
0.040952
0.032259
0.040705
0.028217
0.040409
0.044634
0.041861
0.027706
0.049798
0.030580
0.030131
0.044338
0.045978
0.032838
0.031169
0.032956
0.031405
0.043518
0.054517
0.045281
0.044141
0.044878
0.043962
0.043711
0.044396
0.044376
0.046951
0.030207
0.045460
0.045804
0.045680
0.032017
0.031512
0.029819
0.033728
0.033125
0.046960
0.032252
0.031555
0.032286
0.033155
0.031706
0.031619
0.034199
0.037834
0.034596
0.045957
0.031797
0.047876
0.046407
0.040395
0.028485
0.033847
0.040632
0.036369
0.028722
0.023167
0.034520
0.028954
0.051300
0.029465
0.023808
0.027387
0.029514
0.030548
0.029730
0.028814
0.031198
0.030315
0.042472
0.042987
0.029878
0.031461
0.034275
0.038847
0.041736
0.039565
0.050958
0.048085
0.030259
0.031181
0.044599
0.041128
0.032913
0.031019
0.032780
0.030318
0.031688
0.031187
0.046792
0.047649
0.046056
0.037102
0.041662
0.047640
0.046185
0.050149
0.048294
0.045777
0.032411
0.046516
0.033646
0.050870
0.046691
0.046059
0.036702
0.049649
0.045132
0.030353
0.033004
0.029526
0.031431
0.043595
0.042692
0.030994
0.030176
0.024053
0.023757
0.046801
0.045930
0.048000
0.050910
0.036728
0.060799
0.058465
0.040504
0.045580
0.048714
0.036758
0.043160
0.042398
0.028876
0.046942
0.042726
0.043033
0.029209
0.057714
0.039304
0.043290
0.042030
0.036058
0.038233
0.038581
0.025245
0.034094
0.034237
0.032462
0.037232
0.042578
0.032629
0.034702
0.028257
0.031332
0.029030
0.026267
0.028032
0.034619
0.031170
0.040752
0.029198
0.042281
0.030670
0.045194
0.042734
0.051780
0.053888
0.056071
0.031904
0.045562
0.042431
0.048192
0.045901
0.050084
0.045580
0.048424
0.043737
0.043620
0.035116
0.044853
0.030056
0.044155
0.029684
0.043047
0.029415
0.045448
0.031772
0.047220
0.032544
0.031637
0.046327
0.050529
0.046376
0.048585
0.045792
0.046113
0.031632
0.046274
0.038170
0.031790
0.032910
0.032914
0.034516
0.034507
0.036933
0.053681
0.045717
0.037217
0.044947
0.038314
0.031414
0.038721
0.048307
0.031791
0.045944
0.054784
0.047241
0.036129
0.031798
0.031760
0.047371
0.032968
0.032128
0.032202
0.032934
0.033038
0.031713
0.034450
0.035428
0.032805
0.035587
0.039593
0.036608
0.038962
0.036669
0.046403
0.039475
0.041623
0.040198
0.042511
0.043205
0.042850
0.046744
0.044590
0.031358
0.054998
0.033139
0.048168
0.046956
0.046182
0.046274
0.038932
0.048114
0.044031
0.045046
0.048928
0.045097
0.031021
0.031773
0.032161
0.037595
0.055636
0.048090
0.051323
0.032328
0.045563
0.050143
0.045645
0.032814
0.046022
0.054380
0.043509
0.048759
0.043061
0.054660
0.043856
0.050047
0.059031
0.040425
0.041576
0.035187
0.055450
0.068821
0.047068
0.045899
0.043388
0.036907
0.031585
0.035486
0.034737
0.050440
0.035614
0.048540
0.040967
0.034700
0.049434
0.036174
0.036322
0.033915
0.034519
0.037321
0.033755
0.035565
0.035281
0.048937
0.037859
0.052261
0.048908
0.050056
0.048838
0.049895
0.047355
0.049248
0.053617
0.051253
0.050252
0.047147
0.034474
0.051020
0.035441
0.049851
0.036938
0.053956
0.039140
0.034773
0.035551
0.033912
0.035494
0.034965
0.055392
0.051833
0.061694
0.046062
0.046793
0.048995
0.033879
0.032402
0.031493
0.040163
0.050959
0.047558
0.048481
0.045476
0.033340
0.033983
0.037164
0.038299
0.032512
0.033137
0.022590
0.043737
0.029261
0.033364
0.032651
0.043391
0.031493
0.033840
0.031693
0.032145
0.032717
0.046005
0.051430
0.035174
0.033599
0.031732
0.059155
0.048302
0.034917
0.046119
0.036352
0.047749
0.032881
0.056598
0.046898
0.051826
0.050611
0.046145
0.053751
0.035337
0.047907
0.051959
0.052675
0.054762
0.038074
0.043155
0.046305
0.048043
0.043072
0.040960
0.042614
0.044316
0.042444
0.043632
0.032091
0.030598
0.033329
0.028886
0.029422
0.036892
0.030099
0.043044
0.049749
0.030052
0.042852
0.046816
0.044922
0.045597
0.033024
0.024835
0.039023
0.036056
0.037457
0.046647
0.042379
0.040437
0.037327
0.041497
0.040470
0.040797
0.029294
0.043388
0.040839
0.048274
0.052504
0.044370
0.030569
0.058520
0.068194
0.048638
0.030007
0.043496
0.029489
0.045209
0.048395
0.033498
0.047059
0.032805
0.032206
0.046412
0.046597
0.045860
0.049517
0.046336
0.034877
0.031754
0.062883
0.049568
0.047400
0.048532
0.049338
0.047342
0.040636
0.040458
0.040430
0.046726
0.044960
0.040749
0.046263
0.027862
0.027805
0.031064
0.041358
0.027605
0.041646
0.041670
0.030077
0.028413
0.028281
0.029203
0.027491
0.030989
0.032714
0.030391
0.031261
0.031593
0.030478
0.043924
0.044014
0.039443
0.043733
0.042554
0.042250
0.033643
0.042945
0.043179
0.030612
0.044142
0.046222
0.034041
0.044433
0.043979
0.051127
0.043255
0.044170
0.043298
0.042811
0.043201
0.043619
0.043323
0.051428
0.043534
0.044411
0.044733
0.044181
0.044859
0.042987
0.038217
0.042941
0.036942
0.039476
0.049949
0.043386
0.048635
0.043731
0.031174
0.044092
0.033183
0.044522
0.044581
0.044325
0.046812
0.042685
0.045809
0.043749
0.042432
0.045019
0.042554
0.042159
0.045789
0.049325
0.045634
0.048550
0.031670
0.047676
0.046250
0.045974
0.046473
0.036067
0.036142
0.038667
0.036088
0.037582
0.037715
0.036168
0.039274
0.039806
0.043136
0.042496
0.041988
0.052487
0.046120
0.043483
0.044437
0.057154
0.043981
0.045905
0.048083
0.044636
0.055372
0.046460
0.044233
0.045419
0.030617
0.044862
0.046088
0.046422
0.048063
0.032211
0.056734
0.065616
0.052306
0.050131
0.055779
0.053410
0.035684
0.039788
0.028521
0.043675
0.040279
0.040073
0.039436
0.040209
0.039101
0.044117
0.043484
0.044567
0.042630
0.044597
0.046972
0.061379
0.050600
0.056221
0.049496
0.041168
0.041998
0.046058
0.047528
0.043067
0.042427
0.056382
0.057408
0.042616
0.045031
0.042251
0.040653
0.044500
0.043164
0.041354
0.040943
0.048976
0.042251
0.041921
0.041575
0.042273
0.041236
0.049089
0.047789
0.041753
0.042294
0.042370
0.042678
0.041458
0.043476
0.051001
0.045341
0.044580
0.045862
0.045345
0.046112
0.049133
0.044556
0.044982
0.043996
0.045151
0.030515
0.044189
0.043568
0.047708
0.030357
0.045826
0.043756
0.045036
0.045557
0.043900
0.045268
0.057987
0.045885
0.046352
0.051034
0.044967
0.053504
0.046208
0.047714
0.052662
0.044786
0.043907
0.045588
0.054976
0.051579
0.045143
0.044635
0.046047
0.045982
0.045421
0.060391
0.044567
0.045855
0.046792
0.045938
0.052779
0.052578
0.043789
0.048088
0.047799
0.046436
0.050992
0.047869
0.045880
0.047345
0.041514
0.041874
0.042081
0.038797
0.038957
0.039533
0.048969
0.042749
0.045565
0.043374
0.045005
0.044522
0.044308
0.041604
0.041918
0.055390
