0.461780
0.031240
0.027559
0.024656
0.027142
0.026444
0.025088
0.041715
0.033050
0.025662
0.036300
0.025557
0.025358
0.040753
0.032405
0.028706
0.019827
0.044001
0.034899
0.035148
0.017871
0.017716
0.038512
0.044261
0.043004
0.038532
0.061285
0.045930
0.041139
0.053641
0.054213
0.051720
0.034142
0.058140
0.066494
0.040629
0.043771
0.060242
0.035055
0.042637
0.046250
0.044090
0.036110
0.034657
0.036982
0.036390
0.035569
0.033997
0.036163
0.034399
0.033783
0.033411
0.028173
0.027079
0.030114
0.029398
0.029161
0.028515
0.027481
0.029643
0.030751
0.030075
0.030415
0.029912
0.035655
0.029655
0.034936
0.033387
0.034190
0.052287
0.043646
0.036567
0.037919
0.041671
0.036719
0.040595
0.053816
0.038463
0.025667
0.025451
0.022991
0.027226
0.023664
0.026949
0.026827
0.023367
0.038561
0.043519
0.036630
0.026000
0.026913
0.034156
0.038854
0.039677
0.041329
0.040602
0.037259
0.037265
0.036967
0.045202
0.039077
0.037351
0.036349
0.037431
0.037926
0.035543
0.042759
0.035739
0.037444
0.037028
0.041844
0.036594
0.041036
0.041536
0.048004
0.063938
0.051472
0.064228
0.066887
0.036187
0.048463
0.082129
0.052414
0.044376
0.050857
0.050680
0.038166
0.044158
0.065538
0.043931
0.045345
0.051769
0.035825
0.040592
0.028695
0.045285
0.030277
0.028918
0.036032
0.029295
0.043924
0.024488
0.022414
0.032975
0.026284
0.039779
0.022685
0.023592
0.024582
0.022825
0.022412
0.041596
0.025025
0.024992
0.026448
0.052021
0.030626
0.048345
0.024539
0.030877
0.039584
0.045200
0.037860
0.028783
0.040650
0.028473
0.041463
0.026269
0.026388
0.026592
0.034637
0.026613
0.028792
0.026527
0.031834
0.035899
0.037682
0.035549
0.036304
0.035917
0.037462
0.046910
0.034024
0.042125
0.036423
0.040142
0.035773
0.038747
0.047852
0.039291
0.036277
0.038725
0.035893
0.036313
0.036782
0.037052
0.035847
0.038975
0.036312
0.042366
0.026835
0.032994
0.034161
0.037988
0.037746
0.067253
0.038588
0.040364
0.038054
0.038178
0.039101
0.046708
0.041361
0.037072
0.033431
0.034315
0.037379
0.038260
0.038139
0.039500
0.039341
0.037919
0.046058
0.037887
0.033337
0.034625
0.036761
0.036554
0.067426
0.037959
0.037249
0.046736
0.038953
0.064019
0.038810
0.043861
0.039914
0.040944
0.055664
0.041214
0.039312
0.057199
0.041276
0.053655
0.039752
0.041151
0.039730
0.049603
0.040397
0.039471
0.051606
0.042685
0.044756
0.046282
0.054723
0.041334
0.057182
0.056036
0.049734
0.041385
0.035983
0.036782
0.039836
0.035548
0.041988
0.062249
0.039882
0.041673
0.039102
0.050455
0.058111
0.038837
0.044355
0.042945
0.039470
0.041652
0.040183
0.058595
0.046027
0.039556
0.052796
0.049523
0.063246
0.046245
0.042088
0.025516
0.035165
0.048180
0.039383
0.042607
0.041222
0.039258
0.040565
0.039685
0.040449
0.038656
0.057195
0.038839
0.039888
0.040811
0.039388
0.044038
0.042170
0.041477
0.040814
0.042064
0.043212
0.040766
0.041902
0.041793
0.041898
0.040942
0.040908
0.058669
0.043964
0.041086
0.043518
0.042277
0.043216
0.041014
0.040716
0.043850
0.042915
0.041870
0.044422
0.047418
0.043995
0.043173
0.045970
0.044095
0.046377
0.044843
0.046463
0.044184
0.044789
0.043520
0.044945
0.045282
0.043809
0.044793
0.051731
0.056848
0.037940
0.034523
0.047453
0.039401
0.041736
0.040818
0.038900
0.038807
0.039106
0.039517
0.043818
0.052562
0.042882
0.054305
0.048176
0.042944
0.051370
0.032363
0.036211
0.035032
0.035143
0.039236
0.037214
0.037999
0.038632
0.041437
0.033832
0.033862
0.040447
0.039857
0.042348
0.042524
0.039141
0.033044
0.036645
0.038280
0.039879
0.039024
0.039976
0.044540
0.044266
0.043671
0.044852
0.052266
0.043777
0.044434
0.044685
0.041671
0.046190
0.053922
0.051962
0.052226
0.043818
0.043922
0.041412
0.041625
0.042817
0.058390
0.059165
0.047623
0.045096
0.062021
0.049245
0.046543
0.044564
0.056467
0.045810
0.061841
0.044703
0.047932
0.046524
0.080124
0.048222
0.049715
0.045633
0.063427
0.047997
0.060447
0.045000
0.048951
0.045557
0.044286
0.048910
0.040677
0.036233
0.037991
0.031165
0.032380
0.036750
0.029753
0.032708
0.033267
0.035397
0.039332
0.039601
0.036996
0.042586
0.047636
0.043950
0.046281
0.047223
0.045836
0.044297
0.046315
0.044700
0.044235
0.044307
0.046115
0.046088
0.047384
0.043671
0.052644
0.046581
0.064712
0.055213
0.044271
0.045079
0.044516
0.044668
0.044866
0.044710
0.048463
0.043098
0.052113
0.050647
0.042328
0.042262
0.048350
0.042851
0.044618
0.042216
0.048122
0.042641
0.043649
0.060825
0.056997
0.043104
0.042489
0.051102
0.042442
0.045653
0.044363
0.043013
0.046345
0.043914
0.041992
0.042114
0.043207
0.042786
0.042108
0.045150
0.042709
0.045623
0.042838
0.043885
0.056599
0.042430
0.042845
0.041941
0.046299
0.042544
0.042926
0.042100
0.045779
0.042919
0.047828
0.068124
0.044895
0.044311
0.041971
0.043015
0.044757
0.042411
0.042022
0.041755
0.043878
0.042456
0.043001
0.046853
0.044574
0.044559
0.045198
0.044759
0.057613
0.048715
0.045088
0.047191
0.044277
0.046550
0.044967
0.040036
0.050751
0.046778
0.041459
0.059145
0.057599
0.043641
0.042783
0.058141
0.044675
0.059097
0.044868
0.065373
0.044952
0.051943
0.043794
0.042784
0.043930
0.042611
0.046254
0.048625
0.045495
0.045805
0.042742
0.044981
0.041932
0.043037
0.044549
0.043213
0.043508
0.042192
0.041875
0.043386
0.042539
0.042503
0.048800
0.041750
0.050602
0.059238
0.056591
0.045225
0.056366
0.053163
0.044619
0.044483
0.044383
0.046359
0.044581
0.046506
0.043893
0.047376
0.045507
0.047236
0.046228
0.046773
0.049232
0.045654
0.031197
0.033222
0.033377
0.033029
0.032905
0.040900
0.044369
0.055579
0.043854
0.044450
0.045763
0.038579
0.045610
0.048118
0.048511
0.037987
0.035242
0.036482
0.035210
0.035835
0.037017
0.035500
0.035132
0.038466
0.037925
0.045346
0.044587
0.042839
0.037016
0.041516
0.037360
0.038798
0.040734
0.037075
0.038732
0.042140
0.040087
0.041055
0.040721
0.040308
0.040226
0.040091
0.044424
0.040734
0.042374
0.039182
0.043535
0.043099
0.039149
0.040953
0.040877
0.046334
0.059803
0.040282
0.041461
0.052919
0.052779
0.063878
0.048465
0.042300
0.045953
0.023857
0.046889
0.041413
0.043363
0.042301
0.044614
0.040850
0.040659
0.042897
0.046874
0.046689
0.043621
0.044950
0.043207
0.043335
0.043625
0.045047
0.041063
0.047013
0.047386
0.050626
0.046273
0.047396
0.048429
0.046584
0.047226
0.063094
0.046948
0.048490
0.049145
0.049784
0.046263
0.039974
0.037978
0.040006
0.045199
0.047738
0.038773
0.047364
0.047496
0.046098
0.050869
0.047052
0.052153
0.046692
0.048165
0.049713
0.047533
0.046848
0.051529
0.046251
0.032391
0.045991
0.045021
0.055227
0.050191
0.046913
0.048287
0.046302
0.049973
0.050754
0.046128
0.046882
0.049483
0.046481
0.047981
0.047252
0.046058
0.049201
0.046690
0.057360
0.046115
0.050905
0.046902
0.046237
0.047503
0.059045
0.052670
0.047481
0.046667
0.048125
0.046273
0.052944
0.053431
0.053813
0.054679
0.062318
0.053122
0.054270
0.056735
0.052833
0.046257
0.046808
0.048571
0.046140
0.047997
0.047077
0.045830
0.049990
0.046993
0.053090
0.046143
0.048959
0.051873
0.047947
0.046409
0.055307
0.051063
0.046604
0.050949
0.036742
0.046911
0.047644
0.046108
0.049796
0.049222
0.048716
0.046510
0.038617
0.046245
0.038253
0.039159
0.049343
0.039646
0.038818
0.043074
0.041071
0.055987
0.031370
0.044292
0.034369
0.036989
0.048600
0.032285
0.047301
0.034143
0.033686
0.049116
0.035948
0.051054
0.033994
0.033675
0.051457
0.037375
0.039038
0.036148
0.038464
0.036406
0.038288
0.036422
0.042140
0.040451
0.038470
0.040511
0.041664
0.047438
0.045309
0.045381
0.045285
0.047944
0.048112
0.045779
0.046361
0.050075
0.048415
0.047908
0.046653
0.048379
0.047972
0.047510
0.045000
0.034181
0.033881
0.035440
0.036336
0.036611
0.048458
0.042173
0.046258
0.032486
0.034398
0.037270
0.036429
0.050612
0.036937
0.040753
0.043440
0.042796
0.045314
0.042923
0.043276
0.043649
0.043201
0.043083
0.042238
0.051048
0.045080
0.046129
0.045763
0.042218
0.045523
0.042583
0.053350
0.043014
0.042130
0.050470
0.057728
0.062729
0.044807
0.046067
0.046405
0.042305
0.043058
0.044157
0.046032
0.042711
0.042683
0.059671
0.059676
0.043084
0.058217
0.055230
0.040892
0.051821
0.060579
0.040838
0.041383
0.043273
0.040866
0.044435
0.042671
0.044304
0.039980
0.040934
0.039433
0.041327
0.041111
0.039191
0.047286
0.039595
0.040132
0.039971
0.039593
0.040180
0.039212
0.041579
0.043888
0.048959
0.043535
0.040199
0.045045
0.042844
0.043090
0.042966
0.045256
0.048985
0.043793
0.042819
0.048181
0.037047
0.061446
0.041919
0.041842
0.043682
0.048368
0.043709
0.043395
0.036244
0.039976
0.061329
0.058311
0.041993
0.040795
0.042389
0.042753
0.026253
0.035802
0.040329
0.035995
0.036942
0.037903
0.044024
0.042419
0.044472
0.044917
0.042408
0.046543
0.044755
0.046839
0.043290
0.050212
0.046112
0.042819
0.043183
0.042131
0.053389
0.058739
0.052405
0.050257
0.044528
0.045797
0.047401
0.046206
0.045268
0.049480
0.045735
0.050451
0.044270
0.045080
0.047721
0.046432
0.044774
0.044229
0.044396
0.045995
0.044686
0.044141
0.044390
0.044894
0.044045
0.049015
0.044572
0.046200
0.052381
0.048295
0.048574
0.045959
0.045404
0.042992
0.043631
0.053043
0.040400
0.052296
0.042332
0.042127
0.041775
0.047119
0.045341
0.044718
0.028379
0.047456
0.045323
0.046469
0.050251
0.040970
0.040337
0.040097
0.039565
0.039149
0.040233
0.042692
0.037207
0.042676
0.040734
0.042506
0.041510
0.039458
0.042938
0.037962
0.040575
0.040756
0.040804
0.040095
0.043884
0.040146
0.042424
0.057849
0.041608
0.046879
0.069520
0.048727
0.050028
0.042041
0.041918
0.045145
0.046891
0.043917
0.048057
0.042349
0.041751
0.043445
0.034899
0.042777
0.031897
0.031865
0.033764
0.034993
0.030828
0.034828
0.037230
0.036735
0.037687
0.041361
0.038234
0.040040
0.044038
0.037713
0.039572
0.044627
0.059628
0.044580
0.043077
0.065932
0.048182
0.054757
0.042791
0.043407
0.044942
0.045995
0.046184
0.049470
0.042483
0.053859
0.049501
0.053805
0.052464
0.045760
0.048740
0.043027
0.046931
0.044799
0.045576
0.052349
0.050852
0.048408
0.045430
0.043376
0.049810
0.039669
0.036166
0.042782
0.039610
0.051578
0.033343
0.032254
0.030520
0.034193
0.040617
0.032676
0.035084
0.038702
0.040335
0.042397
0.038135
0.047323
0.060824
0.043889
0.038779
0.040351
0.044382
0.038830
0.038771
0.050375
0.038141
0.044659
0.042780
0.044521
0.042283
0.042793
0.040374
0.039348
0.040546
0.040802
0.039376
0.042259
0.040033
0.038168
0.041684
0.045147
0.036395
0.036336
0.045970
0.037226
0.036477
0.045024
0.035352
0.043391
0.032212
0.033529
0.033470
0.056566
0.036754
0.033692
0.034832
0.033580
0.032514
0.032531
0.031928
0.035872
0.035246
0.020950
0.043887
0.033610
0.032118
0.026714
0.047054
0.042963
0.036881
0.043239
0.047395
0.033732
0.026163
0.027016
0.029222
0.029521
0.031514
0.029962
0.031096
0.029975
0.028878
0.030791
0.031109
0.029441
0.031967
0.036102
0.056984
0.049429
0.029348
0.031617
0.032305
0.031419
0.050787
0.052861
0.031189
0.033426
0.033558
0.032781
0.047658
0.050213
0.034785
0.034627
0.047528
0.041846
0.036575
0.037131
0.036300
0.037553
0.031992
0.039232
0.038611
0.038100
0.042691
0.038845
0.038465
0.038911
0.039195
0.038114
0.038165
0.039378
0.040362
0.039407
0.039383
0.040340
0.040253
0.041024
0.043549
0.040580
0.042646
0.045222
0.042121
0.040498
0.041584
0.040378
0.042882
0.040560
0.044123
0.043216
0.028344
0.027132
0.027433
0.033392
0.041792
0.031175
0.032829
0.033316
0.030122
0.034327
0.031604
0.025418
0.034526
0.028044
0.028759
0.031967
0.033660
0.035215
0.035570
0.035267
0.036279
0.035324
0.037215
0.034729
0.039957
0.036490
0.032255
0.029534
0.024779
0.027178
0.029682
0.027652
0.028984
0.028692
0.026529
0.031093
0.032406
0.030849
0.032318
0.032759
0.049785
0.035419
0.032773
0.032568
0.035440
0.034024
0.037798
0.033208
0.037090
0.032962
0.039744
0.032662
0.032877
0.036416
0.033107
0.036034
0.036373
0.043144
0.033068
0.032820
0.037188
0.035841
0.038447
0.032939
0.032696
0.036510
0.033630
0.023975
0.023899
0.024953
0.026027
0.024843
0.025172
0.026621
0.038629
0.042243
0.035252
0.040839
0.045043
0.035055
0.029921
0.026723
0.032102
0.030096
0.026632
0.028554
0.026008
0.029564
0.030720
0.026815
0.027426
0.029642
0.030115
0.030358
0.030608
0.030597
0.035630
0.032966
0.034755
0.030070
0.031005
0.033813
0.042464
0.035907
0.046398
0.037463
0.036208
0.041703
0.046808
0.036566
0.038648
0.036638
0.045515
0.039371
0.037963
0.041217
0.037824
0.037757
0.037186
0.039419
0.037648
0.046299
0.044234
0.042682
0.047567
0.047565
0.044986
0.046487
0.046409
0.045856
0.044589
0.047391
0.045460
0.045076
0.047622
0.045149
0.046834
0.059343
0.052903
0.053453
0.044972
0.044661
0.045698
0.054296
0.051189
0.047407
0.049553
0.048735
0.046331
0.053770
0.049116
0.046542
0.053079
0.046349
0.049056
0.046988
0.057811
0.048628
0.041552
0.043424
0.040071
0.045419
0.040394
0.043983
0.044961
0.049006
0.043442
0.042610
0.040812
0.044425
0.039582
0.043414
0.039239
0.045634
0.040215
0.038120
0.041261
0.042919
0.044198
0.031339
0.034288
0.031657
0.040789
0.041886
0.041751
0.040576
0.037898
0.040022
0.036757
0.046449
0.035325
0.045127
0.046862
0.039021
0.038131
0.039878
0.040836
0.040074
0.039222
0.045291
0.039889
0.041914
0.042710
0.043444
0.042413
0.046936
0.044266
0.047644
0.041613
0.041434
0.041157
0.045261
0.041590
0.041798
0.040310
0.038697
0.040543
0.038435
0.055172
0.040896
0.050554
0.044357
0.053199
0.045425
0.045744
0.042660
0.044316
0.047448
0.042381
0.043308
0.042162
0.050649
0.059341
0.042335
0.041589
0.043157
0.042525
0.044057
0.050592
0.056817
0.041373
0.046382
0.046901
0.040905
0.042279
0.040647
0.042445
0.048608
0.045122
0.041268
0.030494
0.044394
0.040731
0.042572
0.035040
0.027137
0.029818
0.031745
0.028128
0.027205
0.027813
0.026476
0.028540
0.025367
0.035739
0.028951
0.038528
0.032021
0.027045
0.038208
0.029940
0.028382
0.039267
0.037983
0.032898
0.054061
0.056780
0.050854
0.042880
0.038338
0.039335
0.042172
0.038331
0.040331
0.039718
0.038421
0.029268
0.027625
0.026983
0.029034
0.028452
0.036472
0.038524
0.026778
0.028840
0.026820
0.038649
0.039786
0.038607
0.056841
0.036092
0.027056
0.038330
0.026667
0.041239
0.040179
0.041328
0.042221
0.040008
0.038058
0.029050
0.026945
0.037775
0.042568
0.039306
0.038566
0.027577
0.026644
0.026513
0.054713
0.034386
0.036515
0.037130
0.038457
0.029012
0.039855
0.038189
0.040071
0.037879
0.041143
0.039078
0.044109
0.045203
0.044513
0.042472
0.040965
0.060106
0.045073
0.040695
0.033657
0.033955
0.029313
0.040898
0.048418
0.028016
0.040586
0.041421
0.036021
0.029727
0.030052
0.029105
0.034050
0.029376
0.028301
0.030755
0.031781
0.028054
0.029985
0.032731
0.042474
0.042002
0.028987
0.042957
0.045088
0.040562
0.042402
0.042542
0.041587
0.029432
0.041498
0.031835
0.030477
0.028470
0.029585
0.029632
0.038603
0.057558
0.054786
0.059274
0.048131
0.050113
0.042078
0.055880
0.041431
0.042059
0.041197
0.043526
0.042106
0.044725
0.042121
0.049034
0.041184
0.047904
0.049756
0.051663
0.037931
0.033720
0.048634
0.052452
0.051761
0.047930
0.048241
0.049615
0.047615
0.052529
0.049157
0.059067
0.047232
0.048580
0.049180
0.048512
0.042102
0.052443
0.048400
0.063618
0.069350
0.048183
0.046152
0.048287
0.046921
0.046038
0.050958
0.046847
0.050666
0.047707
0.046244
0.046024
0.045959
0.049805
0.045819
0.047367
0.049225
0.046815
0.046127
0.046477
0.047171
0.047286
0.050687
0.059382
0.060339
0.051494
0.033449
0.048051
0.052096
0.047827
0.048524
0.049879
0.048234
0.053977
0.049956
0.052688
0.047732
0.048337
0.053336
0.048374
0.049553
0.050161
0.049875
0.063902
0.058835
0.048515
0.071884
0.054622
0.051732
0.050473
0.050241
0.051739
0.051823
0.052121
0.052684
0.049778
0.052694
0.051058
0.040136
0.042779
0.044416
0.043591
0.045909
0.050053
0.049976
0.058053
0.046227
0.059644
0.066264
0.052273
0.061175
0.069216
0.043474
0.030882
0.032914
0.032441
0.033061
0.034796
0.041363
0.047670
0.038695
0.037688
0.031297
0.033833
0.035281
0.043906
0.033525
0.036738
0.024380
0.021621
0.029059
0.026604
0.027341
0.027419
0.027442
0.032266
0.032112
0.033661
0.031476
0.034588
0.038065
0.036018
0.038317
0.039010
0.042864
0.038914
0.041735
0.040918
0.037856
0.040337
0.039561
0.040917
0.039623
0.039851
0.039708
0.025972
0.021943
0.028166
0.033149
0.032446
0.031934
0.031709
0.031420
0.030714
0.032417
0.035592
0.036547
0.034534
0.033502
0.041256
0.033270
0.033489
0.035155
0.034903
0.035863
0.048762
0.033916
0.033927
0.037019
0.035880
0.033233
0.037159
0.033351
0.038013
0.036583
0.035565
0.035621
0.041023
0.039829
0.040610
0.048918
0.044823
0.046590
0.045121
0.066508
0.054319
0.048563
0.048804
0.042915
0.030384
0.027975
0.047708
0.036939
0.033651
0.022636
0.046259
0.025483
0.024931
0.029766
0.029536
0.030970
0.028831
0.030387
0.028651
0.026585
0.031376
0.040040
0.024514
0.028246
0.028260
0.024692
0.024548
0.025705
0.027845
0.024470
0.029505
0.041222
0.024853
0.043391
0.024724
0.024386
0.027403
0.024379
0.026885
0.025854
0.044363
0.037712
0.023306
0.028789
0.028414
0.024322
0.028507
0.027810
0.025805
0.039396
0.025085
0.024503
0.048048
0.024601
0.024950
0.043423
0.041634
0.054952
0.041272
0.047399
0.043536
0.043370
0.049885
0.039904
0.063473
0.028081
0.040099
0.042881
0.030885
0.031015
0.029952
0.045711
0.045932
0.041501
0.032717
0.030513
0.030526
0.031187
0.034841
0.034216
0.033689
0.036568
0.034925
0.034465
0.041088
0.036281
0.036978
0.039058
0.036154
0.039455
0.038740
0.036202
0.047072
0.038172
0.048270
0.051827
0.038368
0.035821
0.035430
0.034623
0.054086
0.054675
0.036982
0.037278
0.038782
0.053120
0.039331
0.037229
0.044275
0.059101
0.049504
0.037030
0.038102
0.043442
0.055663
0.058397
0.039347
0.046449
0.042086
0.060365
0.042178
0.040099
0.041721
0.055842
0.039437
0.042199
0.058971
0.043483
0.050463
0.057747
0.042700
0.059936
0.042984
0.045987
0.038657
0.033372
0.067330
0.034928
0.032844
0.033860
0.024440
0.017960
0.019970
0.023577
0.025014
0.020184
0.018550
0.023628
0.038281
0.023310
0.022588
0.025611
0.029698
0.028009
0.048908
0.039056
0.036282
0.036119
0.034410
0.042495
0.039549
0.035944
0.037941
0.031858
0.025039
0.034648
0.019778
0.022120
0.028563
0.025776
0.027367
0.029745
0.027005
0.028783
0.031120
0.023001
0.027109
0.023320
0.025456
0.024331
0.025443
0.030277
0.029795
0.033781
0.035107
0.047296
0.043341
0.025096
0.026604
0.027960
0.029779
0.024768
0.025918
0.026156
0.024491
0.026307
0.025534
0.026778
0.024776
0.030288
0.027945
0.050012
0.026020
0.025009
0.030000
0.027091
0.044490
0.026198
0.030950
0.031304
0.054981
0.033977
0.027196
0.040344
0.043067
0.038450
0.031752
0.037513
0.039541
0.037681
0.044250
0.039152
0.039327
0.045146
0.040232
0.042120
0.038584
0.039765
0.022367
0.046224
0.036144
0.033154
0.034106
0.035166
0.036149
0.039466
0.051517
0.050587
0.036929
0.034034
0.036395
0.035264
0.034264
0.034490
0.038779
0.036183
0.033890
0.038428
0.034235
0.033934
0.037667
0.031465
0.035967
0.033793
0.033956
0.039578
0.035091
0.034356
0.036979
0.036364
0.037639
0.034982
0.028795
0.028261
0.029720
0.025037
0.026731
0.023961
0.028006
0.028154
0.023455
0.025989
0.026384
0.032424
0.027664
0.031317
0.029413
0.031775
0.033186
0.036613
0.030699
0.033756
0.032367
0.047883
0.030779
0.025890
0.025799
0.027177
0.023533
0.024867
0.046168
0.027412
0.027272
0.029835
0.026118
0.030150
0.026058
0.030085
0.027394
0.028069
0.034316
0.026571
0.021676
0.026973
0.041436
0.047760
0.053940
0.044046
0.056987
0.055717
0.037136
0.041052
0.052228
0.047284
0.038682
0.034639
0.081153
0.025142
0.021988
0.021868
0.024534
0.033864
0.031002
0.021802
0.026869
0.031726
0.029220
0.026113
0.023716
0.028131
0.029331
0.021710
0.023700
0.020116
0.025756
0.030090
0.032632
0.032933
0.025597
0.026045
0.022748
0.016698
0.023047
0.023834
0.018307
0.020427
0.019803
0.019492
0.024982
0.017806
0.022582
0.021512
0.021717
0.019994
0.019323
0.020402
0.021544
0.039021
0.022133
0.015930
0.026481
0.027680
0.025577
0.024419
0.042149
0.024158
0.025840
0.035032
0.029495
0.031394
0.034365
0.030754
0.027344
0.029123
0.028749
0.038608
0.022459
0.034956
0.044742
0.021043
0.020102
0.023360
0.023189
0.023155
0.020872
0.041131
0.032018
0.028145
0.028794
0.029739
0.030470
0.030619
0.029578
0.029961
0.029310
0.027643
0.035236
0.028504
0.019672
0.030510
0.023662
0.027426
0.032789
0.030787
0.030299
0.033568
0.033617
0.030858
0.031084
0.027400
0.024127
0.024755
0.033397
0.026751
0.031765
0.038074
0.038647
0.035071
0.036646
0.036476
0.034305
0.034105
0.034846
0.036885
0.042053
0.047688
0.035859
0.037291
0.042778
0.037011
0.036278
0.060218
0.046521
0.041137
0.036167
0.039677
0.043564
0.042516
0.060590
0.043448
0.046800
0.043437
0.048927
0.043984
0.043436
0.043751
0.048444
0.049045
0.050412
0.046638
0.039663
0.026562
0.026029
0.027596
0.029083
0.034652
0.031741
0.048553
0.032659
0.035132
0.033571
0.034600
0.034678
0.033655
0.032465
0.035749
0.031386
0.025782
0.028484
0.028703
0.026196
0.030494
0.029428
0.030044
0.033546
0.029942
0.031205
0.031173
0.033023
0.034729
0.026968
0.027127
0.031302
0.031400
0.031924
0.030265
0.032077
0.022686
0.022997
0.022120
0.024635
0.022984
0.021986
0.028644
0.023937
0.023350
0.022269
0.015086
0.014904
0.021626
0.024995
0.025743
0.021633
0.022293
0.047914
0.015370
0.022256
0.028374
0.029558
0.021795
0.025719
0.022290
0.016325
0.015131
0.018683
0.018285
0.018273
0.025160
0.032517
0.027022
0.028550
0.025841
0.029852
0.026696
0.018651
0.017796
0.029696
0.026748
0.025995
0.017832
0.031505
0.028000
0.028157
0.019766
0.018852
0.019291
0.020699
0.022083
0.021635
0.028015
0.020050
0.039699
0.039918
0.039743
0.032449
0.029296
0.034281
0.031130
0.032745
0.031994
0.029888
0.049945
0.038555
0.025262
0.042826
0.036396
0.023557
0.021734
0.029105
0.025867
0.023806
0.016352
0.016732
0.020790
0.031203
0.017583
0.031007
0.031050
0.027208
0.024568
0.024254
0.034986
0.033888
0.031111
0.038105
0.030094
0.032856
0.033472
0.030583
0.031530
0.022073
0.030134
0.035648
0.027117
0.020917
0.030115
0.030627
0.034623
0.032815
0.020975
0.021311
0.022106
0.023738
0.025463
0.032907
0.029904
0.023572
0.023817
0.035553
0.034482
0.022270
0.026911
0.031189
0.037757
0.028441
0.029492
0.030716
0.033330
0.023284
0.033944
0.021154
0.021099
0.030626
0.021059
0.021398
0.020844
0.035409
0.030518
0.032352
0.032331
0.030355
0.022489
0.041015
0.030986
0.032029
0.030855
0.024608
0.031986
0.031807
0.027411
0.031397
0.034153
0.023265
0.022762
0.020999
0.041406
0.031931
0.031249
0.040052
0.024744
0.022447
0.024994
0.037475
0.023055
0.022371
0.034362
0.025848
0.025993
0.023750
0.029082
0.035478
0.025766
0.022704
0.022511
0.027576
0.022521
0.035083
0.036200
0.023063
0.046995
0.025668
0.022326
0.025104
0.037602
0.035396
0.023374
0.033251
0.025847
0.037750
0.034968
0.049924
0.034479
0.039388
0.034961
0.034827
0.036183
0.038675
0.033193
0.036270
0.038331
0.040382
0.039916
0.046566
0.041237
0.045625
0.040246
0.039585
0.033790
0.044767
0.039284
0.035528
0.055305
0.036755
0.034740
0.044831
0.037928
0.043424
0.044151
0.035872
0.029927
0.036295
0.038188
0.036130
0.035609
0.038488
0.039151
0.039670
0.037100
0.037096
0.040941
0.041142
0.041232
0.042693
0.042135
0.040586
0.039608
0.044157
0.043368
0.046643
0.043159
0.042424
0.042627
0.028817
0.040291
0.040607
0.047247
0.046196
0.040082
0.045473
0.048533
0.044020
0.042271
0.036362
0.030659
0.031518
0.032703
0.051229
0.035277
0.032949
0.038819
0.038934
0.040096
0.040043
0.050952
0.037761
0.036479
0.039531
0.041907
0.041204
0.042428
0.040618
0.040758
0.045821
0.041443
0.036610
0.034740
0.043465
0.041980
0.040656
0.042374
0.041961
0.042406
0.040796
0.052279
0.051127
0.045244
0.040748
0.043367
0.041922
0.038362
0.043966
0.041042
0.042069
0.041314
0.040571
0.045434
0.043339
0.042940
0.041148
0.040757
0.054693
0.040200
0.042496
0.040202
0.060848
0.041619
0.042061
0.038472
0.041395
0.045798
0.041971
0.041458
0.044210
0.041277
0.053462
0.047063
0.041425
0.041753
0.044537
0.042907
0.052206
0.040645
0.043603
0.041315
0.040899
0.043605
0.043007
0.041164
0.041055
0.039451
0.042003
0.057311
0.045025
0.059964
0.041315
0.042696
0.041743
0.041779
0.063527
0.055646
0.047652
0.040090
0.044697
0.042280
0.037543
0.043898
0.041304
0.060087
0.041937
0.041538
0.057119
0.049253
0.050732
0.043766
0.041083
0.028560
0.063992
0.044235
0.045748
0.043222
0.041393
0.048327
0.036957
0.040970
0.035061
0.035389
0.040433
0.039103
0.037733
0.040082
0.028794
0.036543
0.042875
0.042892
0.046403
0.043034
0.047865
0.043758
0.031999
0.036458
0.037587
0.039175
0.040031
0.035583
0.043163
0.042317
0.045872
0.036914
0.041712
0.040376
0.034641
0.040648
0.036809
0.042427
0.050844
0.045659
0.047949
0.053986
0.048304
0.045442
0.049141
0.049146
0.049826
0.046080
0.046354
0.045467
0.047773
0.048354
0.046230
0.046563
0.045944
0.048286
0.046535
0.045639
0.052742
0.046567
0.049105
0.051094
0.047786
0.046223
0.047489
0.047611
0.046200
0.047366
0.047976
0.046127
0.046048
0.050148
0.047146
0.046829
0.049719
0.046777
0.046093
0.051193
0.047506
0.047327
0.051562
0.047474
0.047888
0.045999
0.046570
0.047886
0.047221
0.046670
0.050047
0.063446
0.049899
0.047392
0.052692
0.045208
0.047595
0.053640
0.046358
0.049138
0.046494
0.046766
0.046625
0.046816
0.049681
0.047886
0.049600
0.049182
0.046922
0.046705
0.047254
0.063477
0.046645
0.049007
0.048608
0.050335
0.046023
0.049322
0.063436
0.059469
0.045870
0.048841
0.045920
0.049791
0.055934
0.047502
0.040753
0.044798
0.046106
0.048880
0.050794
0.050136
0.046901
0.031775
0.035912
0.035512
0.038703
0.037193
0.037139
0.040723
0.041058
0.043980
0.045792
0.045052
0.043554
0.046567
0.043072
0.037655
0.036711
0.033367
0.033116
0.033665
0.039836
0.036519
0.039322
0.040058
0.038812
0.037072
0.037945
0.039177
0.037059
0.039960
0.040703
0.043754
0.040631
0.045754
0.048738
0.049282
0.048795
0.046998
0.048287
0.047276
0.051180
0.047012
0.047654
0.052491
0.048530
0.045993
0.077588
0.053557
0.050447
0.047612
0.046801
0.045905
0.050015
0.046526
0.045639
0.052177
0.050100
0.047291
0.046608
0.046950
0.046524
0.047621
0.048647
0.047223
0.045719
0.048788
0.056132
0.046432
0.045606
0.046857
0.046288
0.036594
0.043430
0.041471
0.041786
0.041565
0.043719
0.045091
0.044228
0.045739
0.044777
0.043757
0.056164
0.065922
0.045329
0.047781
0.045854
0.046075
0.044490
0.045327
0.048938
0.044722
0.045983
0.063310
0.053479
0.034641
0.033151
0.032718
0.041429
0.038054
0.046024
0.034471
0.039610
0.041740
0.042495
0.045925
0.045346
0.045800
0.048246
0.047035
0.051370
0.046113
0.048110
0.039211
0.038299
0.044699
0.043402
0.050445
0.041152
0.028061
0.050931
0.058080
0.045027
0.042213
0.040535
0.050664
0.042635
0.043146
0.045257
0.042519
0.045208
0.045382
0.045798
0.033915
0.043419
0.030581
0.043982
0.042765
0.046013
0.042462
0.044086
0.044905
0.045461
0.044125
0.044667
0.051481
0.043640
0.052409
0.042673
0.051933
0.055053
0.042717
0.045196
0.046061
0.041371
0.043655
0.042738
0.045611
0.040604
0.050762
0.044510
0.045351
0.049687
0.064706
0.061814
0.045570
0.046269
0.059191
0.046781
0.060681
0.047749
0.047138
0.048727
0.048289
0.056473
0.048289
0.047323
0.044881
0.045556
0.055579
0.063321
0.045784
0.046239
0.046935
0.047330
0.045744
0.047111
0.044424
0.046932
0.041065
0.042054
0.044055
0.044891
0.045768
0.055039
0.053025
0.043905
0.044311
0.045837
0.044139
0.044329
0.043958
0.044404
0.042501
0.044108
0.045896
0.045937
0.043585
0.043900
0.044073
0.044722
0.045627
0.044712
0.045148
0.042429
0.042949
0.045505
0.038667
0.047588
0.044036
0.048250
0.045724
0.044828
0.046127
0.043997
0.048448
0.051652
0.046031
0.048250
0.045809
0.044029
0.029198
0.043306
0.048689
0.039971
0.036412
0.039529
0.048025
0.041418
0.061978
0.041341
0.027688
0.028039
0.028186
0.027314
0.029816
0.030722
0.032898
0.030777
0.036964
0.030514
0.031994
0.033594
0.030778
0.031253
0.029837
0.035201
0.030119
0.030210
0.035676
0.042654
0.029859
0.032941
0.031214
0.032476
0.032136
0.041183
0.029644
0.030401
0.033476
0.030669
0.035400
0.030841
0.030485
0.033911
0.028609
0.027972
0.041806
0.032042
0.033397
0.027712
0.029837
0.029912
0.034411
0.031959
0.036765
0.032578
0.032299
0.033370
0.031978
0.033664
0.033306
0.038814
0.033400
0.035513
0.033495
0.032413
0.032832
0.037279
0.032920
0.034026
0.026798
0.026435
0.027442
0.029949
0.024977
0.032185
0.031213
0.022586
0.030236
0.030779
0.028288
0.032803
0.027408
0.028355
0.029126
0.030003
0.027709
0.027068
0.027518
0.030325
0.030170
0.031410
0.031036
0.030428
0.029011
0.038346
0.031385
0.034291
0.032262
0.031032
0.032691
0.032278
0.034683
0.035542
0.032559
0.031892
0.032089
0.037072
0.033068
0.032423
0.032494
0.031029
0.033456
0.032109
0.031504
0.035367
0.035286
0.034419
0.037836
0.045446
0.036897
0.037306
0.038490
0.037062
0.038148
0.038107
0.038242
0.042272
0.038309
0.044687
0.039667
0.037973
0.039601
0.040116
0.038812
0.040241
0.039619
0.039972
0.037971
0.038303
0.041420
0.039133
0.040364
0.038512
0.041408
0.042267
0.039310
0.037793
0.034629
0.041342
0.042275
0.052786
0.037114
0.034750
0.029305
0.029015
0.030767
0.033195
0.028118
0.034536
0.032255
0.031561
0.033542
0.033774
0.032708
0.031850
0.035673
0.037287
0.038012
0.033537
0.033863
0.043327
0.033866
0.033716
0.033778
0.035201
0.036371
0.035121
0.041079
0.049410
0.034022
0.044383
0.042644
0.049234
0.040402
0.043931
0.024604
0.023989
0.023936
0.028495
0.024813
0.026345
0.028983
0.026583
0.029188
0.026674
0.026095
0.025906
0.027016
0.029405
0.026829
0.027303
0.039565
0.032305
0.033193
0.030676
0.040667
0.044155
0.032893
0.039869
0.050113
0.045079
0.035556
0.041623
0.049364
0.055466
0.048698
0.039560
0.048950
0.057734
0.038265
0.041221
0.038591
0.039171
0.040233
0.038033
0.039748
0.038434
0.039492
0.040610
0.039661
0.028687
0.041177
0.041367
0.040709
0.042272
0.041451
0.040237
0.040281
0.042183
0.042277
0.043751
0.042857
0.043279
0.049045
0.042575
0.042015
0.044566
0.032812
0.035764
0.039486
0.036873
0.038197
0.037498
0.037308
0.046777
0.036740
0.039431
0.042234
0.042427
0.044981
0.040123
0.040680
0.047138
0.042593
0.042290
0.039969
0.040103
0.043366
0.041373
0.041408
0.041334
0.042028
0.044603
0.046679
0.044707
0.041355
0.046111
0.036201
0.040445
0.039075
0.041904
0.041536
0.039953
0.038883
0.062521
0.053465
0.036913
0.029329
0.031872
0.026054
0.030686
0.032338
0.030015
0.028006
0.039320
0.028375
0.029542
0.033358
0.032055
0.031010
0.032263
0.029997
0.030689
0.032094
0.032294
0.030668
0.029972
0.042622
0.030478
0.030608
0.032517
0.035401
0.036070
0.037770
0.036705
0.029345
0.030703
0.029771
0.030198
0.028908
0.039292
0.032575
0.032622
0.035068
0.031962
0.033047
0.034013
0.038571
0.037071
0.039204
0.039504
0.037704
0.040816
0.038610
0.037880
0.052956
0.038770
0.038465
0.041788
0.040085
0.049799
0.037585
0.037788
0.041724
0.036698
0.037114
0.041858
0.038558
0.044595
0.041800
0.046593
0.039240
0.034487
0.038789
0.039573
0.038452
0.038772
0.038629
0.041988
0.048795
0.038393
0.040150
0.041078
0.043167
0.043344
0.043245
0.042766
0.046544
0.042050
0.050578
0.043417
0.033013
0.051203
0.039695
0.035587
0.053319
0.040930
0.042253
0.052067
0.052939
0.037454
0.038934
0.041924
0.040047
0.050184
0.039166
0.038792
0.040503
0.051714
0.048831
0.040372
0.039179
0.047310
0.039286
0.060277
0.044798
0.039023
0.042227
0.041494
0.062195
0.058494
0.050828
0.043921
0.058657
0.044215
0.044610
0.045989
0.044947
0.051672
0.044477
0.047496
0.045206
0.044752
0.045367
0.047536
0.047649
0.061708
0.046933
0.048474
0.044331
0.047096
0.046672
0.050508
0.044613
0.048027
0.045254
0.050738
0.044063
0.043946
0.047467
0.047677
0.052711
0.044444
0.047594
0.052624
0.047051
0.046184
0.053867
0.049556
0.050267
0.046585
0.051826
0.046440
0.050722
0.057448
0.046634
0.046306
0.051271
0.054503
0.045553
0.039751
0.042870
0.050374
0.039865
0.046924
0.046012
0.045521
0.047529
0.043462
0.046625
0.044131
0.046209
0.043174
0.043343
0.041210
0.041351
0.039778
0.041189
0.042148
0.042176
0.041201
0.041347
0.043321
0.041228
0.041098
0.043901
0.043096
0.041026
0.040875
0.044804
0.037289
0.041913
0.038834
0.046631
0.046621
0.043851
0.037867
0.043284
0.041882
0.042080
0.046815
0.046187
0.054914
0.046542
0.054399
0.058256
0.048206
0.045875
0.046594
0.045002
0.046212
0.046089
0.046391
0.044057
0.044671
0.044729
0.046141
0.044435
0.041707
0.038581
0.039757
0.044856
0.044123
0.041792
0.044713
0.047691
0.046840
0.048592
0.047587
0.046519
0.048222
0.048843
0.048276
0.054582
0.048690
0.048794
0.046870
0.053716
0.047766
0.047345
0.048235
0.047590
0.048326
0.047429
0.048362
0.051124
0.047414
0.047154
0.051251
0.048635
0.041860
0.063529
0.062093
0.063285
0.063209
0.042154
0.054890
0.049192
0.047405
0.067374
0.049976
0.042479
0.061495
0.069034
0.045002
0.065356
0.061750
0.050497
0.044471
0.045315
0.073836
0.064148
0.043056
0.045813
0.043965
0.045575
0.032860
0.042608
0.040693
0.037342
0.040510
0.037591
0.038026
0.042465
0.037713
0.042136
0.043146
0.044965
0.043801
0.047145
0.043545
0.032314
0.035185
0.036668
0.039417
0.034254
0.039623
0.042446
0.044772
0.044293
0.042736
0.037285
0.037290
0.027032
0.036925
0.044568
0.043824
0.041802
0.041794
0.041047
0.038388
0.039674
0.038455
0.040340
0.040115
0.038162
0.041598
0.040664
0.038824
0.043834
0.038475
0.038347
0.039875
0.038729
0.037841
0.038938
0.040495
0.028001
0.029892
0.034258
0.032896
0.033015
0.032166
0.034973
0.034361
0.031955
0.035241
0.035170
0.025168
0.039937
0.040641
0.041012
0.040529
0.040359
0.042994
0.042387
0.030210
0.037943
0.038992
0.043312
0.043854
0.044029
0.045187
0.063492
0.044753
0.042520
0.044777
0.044001
0.043711
0.042588
0.044921
0.043045
0.043718
0.043171
0.046768
0.043231
0.042580
0.047234
0.051031
0.046142
0.045850
0.047892
0.046133
0.047053
0.046339
0.048460
0.046654
0.048949
0.049079
0.049048
0.041190
0.044077
0.046514
0.053862
0.049019
0.047380
0.048459
0.046801
0.045972
0.047421
0.047138
0.048707
0.047647
0.047124
0.046971
0.043312
0.047026
0.049096
0.047314
0.046891
0.045897
0.048911
0.046561
0.047562
0.049883
0.047843
0.046994
0.047905
0.047509
0.047835
0.046553
0.048295
0.047835
0.047430
0.046377
0.045975
0.048734
0.046388
0.053243
0.046661
0.047019
0.046860
0.048186
0.046792
0.048649
0.046558
0.046751
0.049157
0.045912
0.049256
0.045958
0.049360
0.046733
0.046526
0.047237
0.046049
0.047692
0.051142
0.046538
0.050579
0.048336
0.045685
0.050398
0.046237
0.051455
0.056940
0.046406
0.046468
0.046187
0.039203
0.047082
0.047913
0.047254
0.051767
0.046370
0.054739
0.046529
0.045997
0.049441
0.047445
0.046002
0.051255
0.047599
0.050223
0.046993
0.046435
0.048337
0.046877
0.047213
0.049317
0.048996
0.045861
0.049193
0.047319
0.045951
0.047493
0.046644
0.047741
0.049974
0.048678
0.046066
0.045752
0.047801
0.046622
0.045787
0.048109
0.047416
0.046623
0.045825
0.048483
0.054270
0.047368
0.048267
0.046601
0.046401
0.046301
0.046616
0.041757
0.041478
0.047412
0.051894
0.048330
0.049001
0.048162
0.046125
0.057935
0.046104
0.046526
0.047271
0.058715
0.050215
0.033629
0.054265
0.048491
0.046357
0.049114
0.046337
0.049032
0.057812
0.048227
0.052384
0.051343
0.047383
0.046246
0.049471
0.047150
0.047369
0.050889
0.048419
0.052070
0.046251
0.046690
0.046281
0.048484
0.046908
0.046093
0.053625
0.046153
0.049395
0.047073
0.047581
0.047828
0.051609
0.047263
0.047769
0.045928
0.046489
0.046925
0.046413
0.046111
0.044894
0.060123
0.047189
0.062644
0.046064
0.047341
0.046390
0.066103
0.054703
0.070305
0.065610
0.045861
0.046893
0.028011
0.037785
0.044067
0.040004
0.043751
0.037585
0.037862
0.041078
0.039813
0.038710
0.038635
0.039683
0.038611
0.040930
0.037997
0.042125
0.064080
0.050280
0.050527
0.059665
0.049676
0.050756
0.050114
0.050734
0.052105
0.050794
0.054704
0.052305
0.048707
0.052759
0.049665
0.051512
0.052235
0.034461
0.051441
0.049373
0.056050
0.034935
0.035333
0.039034
0.047241
0.053569
0.033332
0.047832
0.052482
0.055515
0.049131
0.050145
0.049700
0.047580
0.047760
0.037292
0.034468
0.033956
0.034818
0.038928
0.033394
0.033870
0.037848
0.038551
0.036501
0.039744
0.038231
0.035710
0.036100
0.036508
0.036825
0.038032
0.036073
0.040689
0.038041
0.049350
0.036828
0.035989
0.040409
0.037577
0.038375
0.037163
0.035558
0.036538
0.035765
0.041218
0.032647
0.034065
0.039156
0.042958
0.048951
0.055632
0.055458
0.057565
0.030106
0.022692
0.022686
0.053200
0.042577
0.022666
0.024208
0.035251
0.036972
0.041362
0.044780
0.038141
0.023859
0.023848
0.028268
0.025391
0.025443
0.033306
0.024323
0.023833
0.023548
0.023367
0.035759
0.044575
0.036301
0.039113
0.040869
0.022623
0.023639
0.040969
0.046770
0.045472
0.043637
0.045597
0.046188
0.043656
0.048896
0.046956
0.034512
0.025590
0.030471
0.044034
0.046737
0.046329
0.035115
0.026473
0.029438
0.026402
0.027258
0.028476
0.029402
0.030054
0.029458
0.030638
0.049099
0.046864
0.047771
0.045860
0.045286
0.044941
0.051780
0.046623
0.048976
0.030282
0.032842
0.056504
0.047206
0.033083
0.033356
0.032516
0.047650
0.041593
0.039696
0.033026
0.047724
0.052126
0.042194
0.042758
0.051549
0.046712
0.036803
0.036094
0.036174
0.053128
0.038658
0.041254
0.036642
0.036067
0.035646
0.041870
0.038367
0.038461
0.050353
0.036830
0.045066
0.053066
0.048447
0.051296
0.029095
0.031059
0.046383
0.054763
0.038954
0.038890
0.030701
0.032018
0.035677
0.039353
0.036314
0.040267
0.045783
0.038648
0.032543
0.046856
0.045898
0.031983
0.045008
0.033260
0.033420
0.032750
0.035173
0.034402
0.034344
0.035006
0.036260
0.036160
0.038813
0.038112
0.049658
0.037424
0.037972
0.040539
0.042253
0.040982
0.042734
0.040712
0.042919
0.040208
0.043719
0.042134
0.039921
0.042417
0.042267
0.040143
0.044888
0.040695
0.040857
0.044395
0.040926
0.040406
0.040916
0.043726
0.040293
0.043164
0.040636
0.046289
0.030859
0.039820
0.029958
0.030002
0.038079
0.030282
0.030811
0.039432
0.030595
0.035829
0.042804
0.039629
0.043032
0.040034
0.028981
0.052499
0.041344
0.041228
0.039648
0.028370
0.022535
0.030833
0.040066
0.030924
0.021721
0.022942
0.033743
0.023146
0.021471
0.031364
0.036840
0.031349
0.032098
0.034085
0.033199
0.036120
0.028968
0.042609
0.038341
0.036583
0.037999
0.037340
0.035045
0.036908
0.036953
0.037661
0.040218
0.035495
0.034968
0.038872
0.036352
0.034883
0.038365
0.036955
0.034882
0.040966
0.036100
0.035377
0.037494
0.038375
0.037136
0.038163
0.037699
0.043086
0.042588
0.040512
0.041999
0.034665
0.031491
0.052610
0.036729
0.034447
0.032191
0.037668
0.031820
0.032195
0.040848
0.032921
0.036265
0.034694
0.036959
0.039270
0.041100
0.048948
0.046209
0.052253
0.051139
0.040455
0.047408
0.043353
0.041077
0.041526
0.040842
0.039711
0.040354
0.040761
0.041641
0.040728
0.042285
0.041959
0.046439
0.042212
0.055683
0.054846
0.047686
0.048735
0.041732
0.039791
0.041223
0.042060
0.046254
0.055834
0.040638
0.042596
0.039733
0.041653
0.039690
0.043956
0.039846
0.042513
0.037308
0.041130
0.039849
0.039125
0.039724
0.040864
0.039460
0.042776
0.044500
0.043823
0.043170
0.040115
0.039552
0.039316
0.035518
0.037125
0.038016
0.035823
0.047772
0.039281
0.051761
0.058710
0.044822
0.040828
0.053619
0.040758
0.039025
0.036657
0.034691
0.051302
0.037035
0.036752
0.044750
0.037462
0.036700
0.040996
0.040112
0.036956
0.038968
0.038008
0.043839
0.043175
0.048190
0.045404
0.045728
0.044266
0.043826
0.042381
0.060932
0.042835
0.045141
0.043310
0.043227
0.043664
0.042813
0.044336
0.042056
0.044887
0.045572
0.046352
0.047724
0.046714
0.044089
0.045399
0.044350
0.045735
0.043812
0.047602
0.046088
0.046186
0.046162
0.046677
0.040094
0.039246
0.048736
0.054256
0.046313
0.036517
0.046973
0.043912
0.045557
0.044274
0.043823
0.044143
0.047160
0.046505
0.047363
0.045554
0.046624
0.045995
0.047138
0.044941
0.046135
0.044445
0.043752
0.048925
0.044422
0.047247
0.045002
0.047602
0.051106
0.055370
0.045056
0.045284
0.044138
0.046914
0.044852
0.047279
0.047388
0.044048
0.049313
0.044181
0.044924
0.045273
0.047291
0.044313
0.047671
0.046278
0.040533
0.038614
0.050687
0.041088
0.058252
0.042085
0.045622
0.042142
0.042683
0.048820
0.041465
0.042745
0.042603
0.059757
0.040393
0.039509
0.044121
0.033554
0.045417
0.047545
0.048892
0.046776
0.044965
0.046980
0.048908
0.046540
0.049993
0.047297
0.048972
0.048011
0.048066
0.044663
0.045618
0.045497
0.048115
0.041739
0.044811
0.044745
0.040764
0.042819
0.041657
0.047081
0.040920
0.040995
0.042969
0.041562
0.042896
0.043956
0.044891
0.041656
0.061522
0.042017
0.038000
0.046071
0.045101
0.044916
0.062686
0.046355
0.046528
0.046089
0.046594
0.046245
0.051762
0.046086
0.047037
0.048135
0.040070
0.042210
0.046326
0.044530
0.044792
0.045641
0.046333
0.043808
0.047074
0.047708
0.046211
0.047595
0.047407
0.046283
0.048214
0.044835
0.046424
0.053094
0.046652
0.047715
0.047357
0.056917
0.044501
0.052378
0.060627
0.041302
0.046067
0.047325
0.045735
0.048587
0.047223
0.053637
0.044105
0.049515
0.046965
0.045659
0.048910
0.049761
0.046485
0.045037
0.046880
0.048728
0.045440
0.047696
0.045451
0.047102
0.043399
0.043876
0.047481
0.044601
0.040129
0.053734
0.051668
0.045329
0.047193
0.043360
0.044355
0.044836
0.043272
0.043211
0.044586
0.043731
0.044846
0.049221
0.044059
0.042995
0.046076
0.043692
0.046480
0.039933
0.048369
0.046017
0.051570
0.050744
0.046199
0.051876
0.054492
0.048175
0.045372
0.053480
0.046084
0.032703
0.038886
0.039463
0.034070
0.039772
0.041213
0.043796
0.041768
0.044434
0.044030
0.047612
0.048359
0.044698
0.043755
0.045065
0.055886
0.032709
0.057244
0.047537
0.046968
0.054003
0.046052
0.039683
0.019440
0.048593
0.045499
0.039491
0.030533
0.026008
0.034062
0.028985
0.026759
0.026670
0.027343
0.028270
0.031826
0.027745
0.031478
0.028806
0.028341
0.031988
0.032530
0.042150
0.038175
0.031349
0.033677
0.032160
0.028198
0.029152
0.029267
0.027710
0.030971
0.029143
0.027774
0.029424
0.041294
0.036165
0.031288
0.029161
0.029396
0.027963
0.038529
0.029922
0.031312
0.028078
0.028578
0.033218
0.031474
0.033387
0.031632
0.034309
0.034482
0.034256
0.037028
0.034509
0.040288
0.040394
0.032479
0.031983
0.036345
0.037371
0.031966
0.035546
0.032223
0.033304
0.032068
0.031900
0.035038
0.032298
0.040004
0.058952
0.040755
0.032914
0.048911
0.053170
0.045091
0.045731
0.047991
0.044856
0.051559
0.047307
0.047257
0.046907
0.051388
0.044739
0.045937
0.049822
0.045334
0.040561
0.043924
0.042473
0.053643
0.033673
0.035779
0.035835
0.037727
0.035534
0.037811
0.035165
0.039770
0.036942
0.040103
0.040461
0.041653
0.041610
0.045778
0.044885
0.040586
0.039818
0.051331
0.041661
0.038961
0.038699
0.041532
0.037706
0.022097
0.025630
0.033463
0.029384
0.029366
0.033273
0.032920
0.031861
0.029989
0.030694
0.034376
0.029694
0.029279
0.029332
0.029533
0.029199
0.025604
0.023535
0.025553
0.026779
0.029692
0.023042
0.024195
0.027576
0.030322
0.026247
0.027305
0.034976
0.031067
0.027668
0.029040
0.028849
0.025042
0.041677
0.032463
0.030835
0.032252
0.030447
0.030779
0.033166
0.030197
0.034560
0.041919
0.031087
0.031224
0.031757
0.026631
0.026342
0.026171
0.037423
0.027936
0.025601
0.026578
0.024925
0.027056
0.027759
0.027946
0.031958
0.036994
0.048815
0.034663
0.038499
0.041371
0.057257
0.041306
0.037896
0.036920
0.037457
0.038490
0.032396
0.035111
0.033058
0.028487
0.034075
0.033880
0.033990
0.033793
0.035638
0.033010
0.033437
0.036823
0.032859
0.032139
0.033163
0.033428
0.042240
0.033480
0.032713
0.053343
0.035998
0.037811
0.035613
0.035982
0.034641
0.031684
0.033784
0.031802
0.031222
0.033839
0.037394
0.034312
0.030912
0.033062
0.044370
0.036163
0.045018
0.041337
0.032808
0.040663
0.029585
0.031290
0.023932
0.043697
0.029913
0.023549
0.030334
0.033183
0.041049
0.045074
0.048533
0.024020
0.027007
0.036893
0.038984
0.042180
0.024493
0.025657
0.051586
0.057654
0.044228
0.041408
0.050734
0.026755
0.030022
0.044266
0.040075
0.043613
0.035369
0.034143
0.025176
0.030811
0.049884
0.040704
0.025636
0.025725
0.049940
0.024354
0.024240
0.033213
0.030025
0.024117
0.024454
0.024463
0.025429
0.024458
0.031877
0.026895
0.024836
0.024650
0.023943
0.026286
0.027238
0.026584
0.029932
0.026249
0.027859
0.034884
0.030326
0.029432
0.032810
0.035154
0.035136
0.031723
0.033738
0.032965
0.035863
0.058620
0.031871
0.032020
0.035908
0.030117
0.029619
0.029664
0.029738
0.029348
0.027187
0.030764
0.031222
0.042070
0.029477
0.032160
0.029542
0.041601
0.032071
0.032164
0.033278
0.046751
0.027039
0.033855
0.032104
0.034599
0.022945
0.022541
0.021136
0.015021
0.014035
0.013508
0.013335
0.023120
0.012754
0.012776
0.013973
0.014740
0.015175
0.015055
0.015759
0.013645
0.013539
0.015797
0.012710
0.015591
0.012777
0.012991
0.013067
0.013812
0.021007
0.013078
0.014542
0.015013
0.028923
0.017013
0.017897
0.017432
0.017111
0.017811
0.018126
0.020864
0.016950
0.021210
0.017757
0.016881
0.017195
0.019508
0.019066
0.016966
0.017200
0.016927
0.016886
0.018390
0.017581
0.016937
0.013722
0.021070
0.014895
0.013394
0.016484
0.022332
0.012930
0.019409
0.015522
0.015564
0.014441
0.014865
0.014931
0.020920
0.015621
0.021106
0.014248
0.018014
