0.463853
0.026196
0.031586
0.028832
0.033938
0.034927
0.027083
0.044717
0.038058
0.030946
0.034521
0.043118
0.049030
0.047814
0.044493
0.044390
0.036422
0.032026
0.033669
0.030613
0.032869
0.035672
0.049520
0.047901
0.031320
0.030898
0.031642
0.034454
0.031525
0.032083
0.032445
0.034328
0.035334
0.032137
0.049983
0.034132
0.033867
0.037419
0.035896
0.035061
0.037702
0.036561
0.037360
0.037323
0.039730
0.047330
0.047513
0.043166
0.037541
0.042772
0.050285
0.043631
0.041649
0.039038
0.037774
0.040349
0.040938
0.044789
0.038862
0.038631
0.042745
0.041410
0.051416
0.067310
0.044575
0.039993
0.036105
0.057069
0.039465
0.038670
0.038901
0.041473
0.040037
0.040495
0.041150
0.038141
0.046089
0.044702
0.040428
0.040027
0.045531
0.040490
0.040044
0.040112
0.040257
0.040275
0.047093
0.058690
0.039924
0.045400
0.040719
0.033244
0.042261
0.041627
0.033059
0.033005
0.034853
0.035744
0.033054
0.034667
0.037145
0.036185
0.035190
0.036043
0.038850
0.035248
0.038716
0.039493
0.037268
0.037707
0.037043
0.039145
0.037450
0.037775
0.039946
0.038051
0.037136
0.038758
0.047769
0.044435
0.049549
0.044700
0.044205
0.045154
0.044665
0.043975
0.058166
0.046499
0.052201
0.052194
0.046296
0.047554
0.039515
0.044425
0.037737
0.037293
0.040935
0.038187
0.038175
0.042733
0.047266
0.069217
0.046655
0.046855
0.049829
0.046090
0.046656
0.045908
0.037344
0.042241
0.041508
0.041202
0.042326
0.043184
0.040774
0.049207
0.039261
0.050085
0.044637
0.049979
0.045029
0.044625
0.047665
0.046225
0.053285
0.046133
0.047527
0.047608
0.048082
0.051046
0.047850
0.047928
0.048214
0.049238
0.050713
0.048452
0.047948
0.053565
0.047280
0.052603
0.045870
0.049034
0.048644
0.048955
0.047012
0.047325
0.047011
0.059184
0.045673
0.053885
0.046602
0.053036
0.045709
0.052411
0.047894
0.048356
0.043758
0.046141
0.048464
0.038624
0.053450
0.045858
0.046485
0.045290
0.043797
0.045585
0.046599
0.047245
0.046694
0.045262
0.046646
0.051383
0.050019
0.047751
0.043807
0.045640
0.044572
0.046129
0.047768
0.046792
0.048193
0.048248
0.048560
0.050191
0.050706
0.047294
0.046304
0.047415
0.046550
0.048440
0.047044
0.045809
0.047426
0.047616
0.045909
0.046786
0.050144
0.046137
0.045650
0.047230
0.046351
0.046347
0.051574
0.046307
0.049765
0.053862
0.049709
0.056961
0.047019
0.049703
0.045727
0.046514
0.048570
0.049498
0.049779
0.045235
0.049117
0.049984
0.046213
0.046409
0.046380
0.047754
0.052032
0.048249
0.045884
0.047150
0.049942
0.050872
0.059028
0.057211
0.049719
0.046157
0.049861
0.046038
0.036071
0.061803
0.046226
0.049032
0.050911
0.056120
0.046653
0.047141
0.031536
0.051195
0.047003
0.049553
0.047119
0.031994
0.048135
0.048010
0.052250
0.046221
0.053806
0.046566
0.051164
0.045990
0.045642
0.044908
0.045925
0.048548
0.047937
0.046051
0.047851
0.048881
0.054663
0.050380
0.046272
0.046421
0.053248
0.046702
0.047562
0.046550
0.046082
0.046804
0.050846
0.052123
0.046397
0.047934
0.055318
0.048872
0.049088
0.047923
0.054485
0.054809
0.048472
0.045785
0.050655
0.054683
0.051461
0.046755
0.049831
0.045719
0.049344
0.051262
0.054048
0.046823
0.050847
0.053613
0.054393
0.036436
0.039268
0.048760
0.035910
0.031551
0.026172
0.033562
0.032613
0.026097
0.033066
0.027693
0.030208
0.029224
0.032730
0.030157
0.038712
0.027854
0.027048
0.037380
0.026179
0.025860
0.028669
0.037733
0.040339
0.039526
0.043447
0.041338
0.037447
0.021288
0.027235
0.028415
0.027025
0.034313
0.026744
0.026521
0.025204
0.028539
0.038722
0.038728
0.028668
0.042225
0.042525
0.036493
0.040573
0.025646
0.045291
0.044146
0.032220
0.052801
0.034244
0.045238
0.035860
0.035895
0.043728
0.031249
0.044907
0.029444
0.043595
0.044512
0.030756
0.029864
0.046110
0.063368
0.044872
0.028270
0.045893
0.035117
0.028805
0.035166
0.032159
0.037508
0.036333
0.034547
0.025836
0.030043
0.031147
0.026458
0.024056
0.020145
0.032463
0.019685
0.023080
0.023243
0.029261
0.020799
0.019835
0.027712
0.023044
0.020956
0.028770
0.045002
0.032433
0.033912
0.030930
0.032857
0.045456
0.034913
0.026414
0.043904
0.043972
0.031848
0.026144
0.024285
0.024579
0.026916
0.038070
0.028166
0.033159
0.050833
0.048846
0.039841
0.041304
0.045994
0.048405
0.048473
0.045000
0.035354
0.036556
0.036344
0.039083
0.039105
0.039670
0.035981
0.045062
0.036324
0.045752
0.053042
0.037891
0.039406
0.038887
0.049198
0.040957
0.048215
0.042857
0.052745
0.046400
0.039354
0.038152
0.041424
0.041342
0.040690
0.041250
0.042632
0.042487
0.044552
0.054657
0.037986
0.044574
0.039277
0.042978
0.039035
0.046845
0.038784
0.046664
0.039301
0.038920
0.047058
0.039490
0.042468
0.046843
0.041395
0.043642
0.042128
0.058199
0.044358
0.039846
0.051105
0.048817
0.055057
0.042843
0.041181
0.044494
0.044871
0.042017
0.049527
0.041167
0.049624
0.042048
0.044938
0.041653
0.042112
0.049861
0.053891
0.041257
0.047228
0.043798
0.047117
0.043076
0.049203
0.050538
0.043712
0.044071
0.044336
0.042759
0.045248
0.039527
0.044403
0.044204
0.040867
0.042957
0.040608
0.043471
0.043681
0.037114
0.039092
0.039999
0.038835
0.036918
0.041039
0.029906
0.038485
0.035203
0.034558
0.035192
0.035187
0.041018
0.038347
0.036728
0.037041
0.039420
0.039824
0.037803
0.027989
0.031467
0.031708
0.034288
0.031195
0.031038
0.034876
0.031507
0.033223
0.031666
0.031177
0.034772
0.031210
0.030878
0.033902
0.032664
0.034461
0.033804
0.031335
0.031649
0.034984
0.034265
0.034270
0.032496
0.033221
0.033102
0.032923
0.036012
0.040484
0.033164
0.033724
0.033068
0.033883
0.034190
0.033668
0.032759
0.032957
0.035720
0.037826
0.033169
0.032864
0.036763
0.035657
0.032451
0.035216
0.032352
0.034547
0.028461
0.033708
0.032363
0.033213
0.034037
0.033787
0.034409
0.035865
0.033645
0.041881
0.047967
0.038434
0.043395
0.045279
0.037261
0.039425
0.038435
0.040587
0.041338
0.038359
0.034102
0.032108
0.031353
0.031744
0.033676
0.032879
0.033584
0.043031
0.027941
0.030241
0.032724
0.030549
0.038090
0.035484
0.040773
0.033892
0.033547
0.036522
0.039181
0.036135
0.045583
0.035879
0.034741
0.036660
0.037277
0.035980
0.036965
0.039173
0.049112
0.034709
0.038622
0.036104
0.024899
0.025956
0.044792
0.027289
0.026153
0.040497
0.040265
0.026716
0.025701
0.062256
0.028573
0.032484
0.048475
0.031743
0.032470
0.032813
0.040088
0.049070
0.045060
0.033578
0.042412
0.047616
0.048280
0.038416
0.050718
0.050696
0.048688
0.049804
0.041797
0.051477
0.041105
0.040698
0.062799
0.058832
0.062601
0.057895
0.044887
0.041703
0.054889
0.044770
0.043477
0.042624
0.046352
0.044980
0.029991
0.035123
0.034144
0.033670
0.050894
0.045863
0.032276
0.033142
0.032877
0.036926
0.036372
0.041058
0.036455
0.037400
0.035558
0.042990
0.038780
0.039533
0.039752
0.040103
0.038338
0.040416
0.036871
0.039348
0.044690
0.043817
0.048411
0.041694
0.041487
0.044424
0.051684
0.042045
0.043216
0.044345
0.041949
0.042550
0.046577
0.045768
0.042215
0.044121
0.041775
0.043719
0.043924
0.041677
0.042328
0.044166
0.041646
0.041800
0.047899
0.041915
0.042855
0.042126
0.042109
0.044957
0.048682
0.049419
0.042177
0.044817
0.040498
0.041991
0.044410
0.044287
0.044943
0.044321
0.053526
0.045340
0.039853
0.040719
0.041593
0.038644
0.044799
0.039158
0.036365
0.036596
0.042475
0.036969
0.038674
0.040936
0.036499
0.032201
0.036942
0.036945
0.052673
0.044323
0.041692
0.044335
0.041255
0.071149
0.042124
0.040047
0.042967
0.036421
0.038335
0.048118
0.032745
0.037304
0.033723
0.033680
0.043201
0.051186
0.047768
0.035919
0.036065
0.035998
0.036084
0.055139
0.054311
0.038426
0.035788
0.037180
0.057666
0.048985
0.035837
0.039163
0.032959
0.050699
0.027419
0.044784
0.034212
0.029045
0.030940
0.031714
0.028329
0.028518
0.033835
0.036364
0.034672
0.062748
0.040777
0.036753
0.037695
0.041892
0.029851
0.031707
0.032196
0.039930
0.035012
0.035765
0.045175
0.036117
0.035931
0.040371
0.038850
0.037015
0.024266
0.022739
0.022550
0.025985
0.037078
0.029850
0.036232
0.035102
0.031491
0.030618
0.032192
0.029663
0.038562
0.030576
0.041153
0.039736
0.039172
0.037794
0.043679
0.039722
0.040711
0.045308
0.042521
0.042678
0.044123
0.044907
0.045813
0.045933
0.044468
0.047095
0.044622
0.046112
0.047243
0.045397
0.046549
0.037122
0.037586
0.037060
0.029418
0.042237
0.055377
0.068041
0.030651
0.039503
0.032484
0.036229
0.053400
0.037213
0.033783
0.036055
0.039435
0.034099
0.037156
0.039120
0.034971
0.038171
0.039962
0.037255
0.038770
0.041212
0.067330
0.038440
0.040437
0.045715
0.042279
0.042735
0.052347
0.045253
0.039983
0.041146
0.038767
0.046360
0.044552
0.024185
0.026982
0.043103
0.034527
0.031371
0.024314
0.027894
0.027895
0.028421
0.062526
0.031434
0.029153
0.030457
0.029871
0.027814
0.044130
0.034918
0.022703
0.028382
0.034477
0.038909
0.033082
0.025744
0.026223
0.026183
0.024671
0.026858
0.024351
0.024065
0.027193
0.031313
0.031682
0.020386
0.025817
0.023624
0.025632
0.031109
0.035948
0.028777
0.030076
0.029539
0.026552
0.025400
0.028246
0.026504
0.025012
0.026197
0.026277
0.025473
0.026280
0.025167
0.024228
0.024610
0.025859
0.025402
0.029934
0.025601
0.026017
0.028062
0.030679
0.026627
0.033185
0.029823
0.027986
0.027760
0.031996
0.030029
0.025731
0.025721
0.030800
0.026655
0.043785
0.042666
0.025120
0.026235
0.030635
0.027359
0.043985
0.025131
0.026681
0.040422
0.028300
0.027157
0.026141
0.026079
0.031988
0.031572
0.048527
0.027757
0.027067
0.029470
0.029041
0.031767
0.039282
0.047778
0.029890
0.029485
0.028531
0.036001
0.036744
0.034678
0.033901
0.034134
0.031771
0.032516
0.034210
0.033774
0.030652
0.036496
0.037444
0.043799
0.033965
0.034854
0.032843
0.033236
0.033916
0.038307
0.034817
0.036128
0.034483
0.045753
0.043490
0.024585
0.033867
0.024972
0.025123
0.047397
0.031010
0.024828
0.028836
0.048661
0.031609
0.043773
0.027369
0.031909
0.029116
0.032429
0.052101
0.032439
0.040743
0.035042
0.039528
0.043870
0.040720
0.041228
0.035179
0.034873
0.046306
0.024220
0.026086
0.025755
0.034631
0.028994
0.031877
0.030311
0.031158
0.027617
0.041720
0.033448
0.031709
0.049241
0.029947
0.049777
0.038115
0.039921
0.038264
0.038415
0.042871
0.035882
0.046378
0.037409
0.039684
0.040288
0.038007
0.044656
0.042758
0.046852
0.040022
0.042006
0.042789
0.039090
0.039247
0.058967
0.048025
0.041645
0.040526
0.040422
0.043311
0.042788
0.040755
0.041665
0.044906
0.040500
0.039956
0.043355
0.043221
0.040517
0.039883
0.048714
0.043129
0.046217
0.044008
0.043674
0.045386
0.041178
0.040661
0.043685
0.043795
0.044498
0.040493
0.041914
0.056683
0.043032
0.048870
0.040545
0.041325
0.042637
0.040427
0.043607
0.044976
0.040506
0.040775
0.052865
0.041581
0.040537
0.045342
0.041246
0.042847
0.032794
0.024773
0.025398
0.027026
0.030900
0.025664
0.025953
0.027299
0.025929
0.025039
0.033661
0.029558
0.032729
0.031995
0.034963
0.026542
0.024113
0.027517
0.027840
0.026325
0.031108
0.025979
0.030557
0.049190
0.027282
0.033439
0.030547
0.030965
0.045681
0.039969
0.028038
0.028633
0.031298
0.032125
0.048640
0.032472
0.037417
0.032534
0.034338
0.038397
0.045938
0.048863
0.040177
0.036615
0.034231
0.038713
0.046838
0.079345
0.047222
0.039976
0.049618
0.048799
0.050226
0.054237
0.049524
0.053957
0.035488
0.036424
0.035753
0.036405
0.038895
0.034779
0.034144
0.034899
0.028381
0.026939
0.037812
0.026418
0.054730
0.029510
0.026970
0.030457
0.032904
0.028305
0.031077
0.034093
0.033781
0.032967
0.028808
0.029466
0.032569
0.031124
0.028983
0.028127
0.031881
0.046414
0.036706
0.061241
0.038937
0.039900
0.038161
0.059995
0.050403
0.036927
0.040577
0.038393
0.057297
0.043248
0.038265
0.042570
0.042014
0.037638
0.038576
0.044990
0.035414
0.059624
0.059400
0.049403
0.048681
0.052520
0.039952
0.039397
0.038445
0.038091
0.042000
0.036971
0.038429
0.038797
0.039868
0.034854
0.037607
0.026381
0.030498
0.029906
0.032079
0.032646
0.046022
0.032115
0.037992
0.035513
0.033965
0.034355
0.038723
0.034878
0.034231
0.036013
0.034714
0.034006
0.037019
0.033870
0.035437
0.037412
0.037181
0.034487
0.057798
0.036712
0.038275
0.042861
0.041242
0.042672
0.044063
0.042979
0.040691
0.045014
0.042200
0.040095
0.041610
0.045517
0.043369
0.041981
0.043690
0.041342
0.042397
0.042678
0.040262
0.045718
0.042357
0.038016
0.041258
0.042725
0.043867
0.024310
0.044775
0.024851
0.025132
0.030307
0.024607
0.031739
0.034057
0.060131
0.054674
0.035583
0.035554
0.051757
0.050979
0.044525
0.042261
0.045827
0.064097
0.051441
0.043238
0.035651
0.034494
0.045522
0.056473
0.043857
0.040436
0.030203
0.030632
0.027480
0.026909
0.028468
0.031331
0.033926
0.033269
0.031939
0.032021
0.033723
0.034112
0.033558
0.036707
0.036751
0.039489
0.039464
0.036515
0.036125
0.036008
0.030311
0.024767
0.026621
0.025847
0.044321
0.039864
0.037538
0.033876
0.031559
0.038730
0.032490
0.034722
0.032142
0.037737
0.030371
0.032058
0.031908
0.027407
0.026087
0.038679
0.035870
0.027214
0.028286
0.036317
0.043305
0.041914
0.039271
0.046140
0.026191
0.028059
0.025909
0.026044
0.042267
0.026037
0.027426
0.033674
0.052078
0.046870
0.047647
0.047115
0.049351
0.035741
0.033405
0.027296
0.031178
0.047533
0.028107
0.026298
0.024799
0.025329
0.024110
0.024255
0.025734
0.024530
0.023877
0.028321
0.024223
0.028133
0.041101
0.046588
0.045218
0.037537
0.024886
0.025085
0.030919
0.046021
0.050394
0.036668
0.035752
0.056222
0.054700
0.046577
0.052006
0.042914
0.040240
0.041107
0.038949
0.039500
0.040246
0.038106
0.041049
0.038239
0.040684
0.044161
0.046040
0.047009
0.041921
0.042499
0.043877
0.044414
0.041607
0.047709
0.042761
0.060296
0.044053
0.044554
0.042425
0.043804
0.065096
0.056807
0.048337
0.046913
0.044629
0.044335
0.049040
0.044251
0.046744
0.044233
0.044655
0.048732
0.047451
0.047224
0.045989
0.048081
0.045398
0.050732
0.044341
0.062793
0.052163
0.044750
0.047143
0.043974
0.049442
0.046674
0.048115
0.044138
0.046067
0.050038
0.047509
0.046425
0.046814
0.051091
0.045532
0.044106
0.044992
0.044010
0.044808
0.044218
0.052746
0.046657
0.050512
0.051207
0.044194
0.047624
0.046803
0.044358
0.046106
0.043641
0.047251
0.045976
0.044513
0.046844
0.045094
0.047285
0.044824
0.039100
0.048016
0.060256
0.059100
0.047703
0.044321
0.058456
0.047775
0.049514
0.059133
0.049091
0.042539
0.040056
0.057511
0.041358
0.043904
0.042568
0.047946
0.042071
0.045051
0.047223
0.044958
0.044129
0.052329
0.044319
0.047266
0.045212
0.044899
0.044687
0.044462
0.046886
0.044602
0.046908
0.047171
0.046272
0.048491
0.048616
0.046603
0.046755
0.045949
0.046884
0.046910
0.049537
0.046052
0.050521
0.046383
0.050004
0.046507
0.048353
0.046036
0.046075
0.050524
0.046380
0.048680
0.031869
0.045808
0.052757
0.047652
0.048080
0.046910
0.046412
0.063082
0.047316
0.047159
0.049110
0.045912
0.047767
0.049082
0.046599
0.048447
0.047855
0.046856
0.048987
0.047768
0.046385
0.048177
0.047096
0.047917
0.047284
0.048475
0.047063
0.047193
0.042868
0.082680
0.055216
0.056051
0.068150
0.071061
0.048237
0.051103
0.058673
0.082324
0.047733
0.045840
0.044676
0.030973
0.064148
0.051442
0.032109
0.045510
0.036200
0.048220
0.056241
0.037312
0.032695
0.031481
0.046458
0.061542
0.031971
0.031840
0.041930
0.042554
0.033917
0.031932
0.060174
0.048981
0.046992
0.066517
0.046194
0.059206
0.053211
0.047378
0.044127
0.047260
0.046285
0.051317
0.031828
0.056218
0.047096
0.045902
0.045868
0.049588
0.062015
0.047497
0.034831
0.049874
0.053122
0.045893
0.046571
0.048071
0.045891
0.042305
0.033850
0.031068
0.036342
0.045715
0.049213
0.048878
0.046862
0.047107
0.045953
0.032369
0.048540
0.046976
0.048628
0.045801
0.046193
0.046783
0.047252
0.045887
0.047913
0.046997
0.054347
0.048136
0.046565
0.048306
0.048315
0.047695
0.047577
0.046437
0.046729
0.047065
0.045939
0.046201
0.048621
0.046924
0.046659
0.046189
0.051001
0.047890
0.046936
0.046011
0.046017
0.046240
0.046388
0.046908
0.059006
0.046372
0.060803
0.052938
0.062259
0.049640
0.050339
0.045923
0.048287
0.044779
0.051287
0.046381
0.046072
0.048617
0.047086
0.053841
0.047976
0.046718
0.047538
0.047408
0.046448
0.046250
0.047543
0.047607
0.045908
0.046307
0.046124
0.053930
0.046555
0.046805
0.049576
0.045822
0.047643
0.045694
0.056382
0.046122
0.059432
0.058486
0.049595
0.046181
0.054559
0.041047
0.053250
0.049207
0.046777
0.047228
0.047482
0.047526
0.046265
0.046127
0.047664
0.046668
0.055204
0.048222
0.051943
0.049210
0.041253
0.042436
0.049678
0.046115
0.050565
0.056043
0.044510
0.045588
0.049598
0.047096
0.047173
0.051311
0.063906
0.031518
0.043126
0.035002
0.034923
0.038540
0.039788
0.034920
0.035618
0.038791
0.037556
0.039795
0.039960
0.049200
0.041648
0.043872
0.042161
0.041052
0.038931
0.049304
0.043176
0.039054
0.054905
0.046676
0.043438
0.041796
0.046233
0.051064
0.051199
0.046187
0.039909
0.039595
0.028595
0.037377
0.044557
0.045722
0.042530
0.037600
0.049681
0.046909
0.052088
0.036679
0.036992
0.036412
0.034183
0.040406
0.040477
0.040284
0.049858
0.044954
0.045681
0.046678
0.044374
0.045968
0.045192
0.046759
0.042652
0.046639
0.049525
0.043942
0.046846
0.044723
0.059773
0.045244
0.046402
0.036775
0.037113
0.044844
0.048149
0.044449
0.057607
0.058553
0.045523
0.054267
0.045468
0.048790
0.052800
0.046930
0.046923
0.050746
0.047792
0.053386
0.053283
0.050075
0.052646
0.066192
0.047716
0.045810
0.046835
0.050836
0.047038
0.046482
0.047504
0.046783
0.048577
0.047999
0.050879
0.058440
0.046873
0.052683
0.057447
0.048775
0.047590
0.054754
0.059037
0.048747
0.046605
0.046590
0.049909
0.045706
0.052336
0.046682
0.047173
0.051967
0.049217
0.047113
0.046212
0.050882
0.046080
0.051298
0.056624
0.046551
0.046782
0.049047
0.052353
0.050056
0.047018
0.063000
0.060423
0.048291
0.048302
0.056475
0.035864
0.042326
0.043293
0.042074
0.044237
0.045047
0.042960
0.042886
0.050210
0.037574
0.038822
0.038840
0.040450
0.042991
0.048829
0.039578
0.039447
0.045589
0.048196
0.044572
0.042166
0.045562
0.042287
0.047987
0.070407
0.048030
0.043942
0.045417
0.042810
0.042109
0.053032
0.050676
0.051387
0.045958
0.055392
0.046655
0.045819
0.045558
0.044867
0.043680
0.032207
0.035066
0.034911
0.041289
0.041098
0.043141
0.048972
0.046401
0.045904
0.042583
0.038059
0.038944
0.042706
0.041530
0.039380
0.047111
0.039781
0.040588
0.039796
0.050143
0.040425
0.040238
0.040427
0.039952
0.040924
0.039817
0.033565
0.034733
0.048489
0.042841
0.041015
0.063959
0.046273
0.041476
0.043155
0.054356
0.047318
0.045471
0.044642
0.046217
0.043880
0.051882
0.044541
0.044138
0.045328
0.044489
0.048153
0.052950
0.046156
0.043533
0.047238
0.043937
0.050760
0.047654
0.053376
0.044157
0.050027
0.060020
0.047627
0.045834
0.044358
0.055105
0.044461
0.039782
0.042993
0.039858
0.047891
0.043802
0.047715
0.047132
0.057987
0.044945
0.048852
0.044755
0.044889
0.071895
0.044068
0.040901
0.044211
0.032076
0.036219
0.039386
0.048722
0.034826
0.041276
0.046314
0.047563
0.053856
0.051510
0.044029
0.045732
0.043725
0.049630
0.044677
0.052038
0.044510
0.056902
0.049606
0.049868
0.047790
0.060231
0.046410
0.042085
0.058430
0.063181
0.043874
0.044186
0.045495
0.044444
0.042566
0.047693
0.052827
0.042752
0.049971
0.044640
0.042681
0.054941
0.041778
0.045892
0.042947
0.044774
0.044472
0.043325
0.042447
0.044253
0.046340
0.047951
0.045604
0.049126
0.047163
0.037839
0.045530
0.046032
0.045736
0.050326
0.056943
0.056288
0.055211
0.048146
0.045962
0.056172
0.049664
0.046596
0.049198
0.048092
0.051873
0.048747
0.048264
0.051311
0.056259
0.049258
0.047835
0.048630
0.045686
