1
793.1508,261.9008,63.6985,106.1985
787.5674,258.8174,72.8652,115.3652
786.8608,260.6109,68.2783,110.7783
793.5626,260.8126,63.8747,106.3747
792.5132,255.7632,71.9737,114.4737
792.2686,256.0185,74.4629,116.9629
794.7516,255.0016,72.4967,114.9967
794.6725,251.4225,77.6549,120.1549
793.3239,252.0739,75.3521,117.8521
799.4360,250.1860,74.1279,116.6279
797.1534,249.9034,69.6931,112.1931
797.3215,248.0716,72.3569,114.8569
799.9750,251.2250,64.0500,106.5500
808.5438,254.7938,53.9123,96.4123
804.0965,246.3465,59.8070,102.3070
264.0000,745.5000,68.0000,153.0000
248.0000,745.5000,68.0000,153.0000
240.0000,745.5000,68.0000,153.0000
231.0000,788.5000,68.0000,153.0000
239.0000,744.5000,68.0000,153.0000
808.0965,216.3465,59.8070,102.3070
804.2770,213.5270,59.4460,101.9460
816.4169,208.1669,61.1662,103.6662
809.7986,199.5486,76.4028,118.9028
812.6048,192.8548,82.7904,125.2904
807.2737,186.0237,89.4527,131.9527
810.5508,188.3008,81.8983,124.3983
808.3908,181.6408,90.2183,132.7183
815.6687,176.9187,88.6626,131.1626
817.9376,184.6876,90.1249,132.6249
825.0740,184.8240,88.8521,131.3521
831.1509,189.4009,87.6982,130.1982
829.1859,186.9359,91.6281,134.1281
820.6656,189.4156,86.6688,129.1688
821.9077,189.1577,84.1847,126.6847
842.7874,184.5374,82.4252,124.9252
834.3214,179.0714,87.3573,129.8573
829.0217,186.7717,79.9565,122.4565
832.4501,166.2000,89.0999,131.5999
818.8922,153.1422,100.2156,142.7156
824.5071,142.2571,95.9859,138.4859
834.6409,137.8909,97.7181,140.2181
828.5533,144.8033,94.8933,137.3934
836.4967,170.7467,72.0066,114.5066
852.0715,130.8215,89.8570,132.3570
877.7155,110.4654,104.5691,147.0691
866.7712,167.0212,66.4577,108.9577
885.3144,178.5644,52.3712,94.8712
101.0000,933.5000,68.0000,153.0000
960.3375,85.5876,60.3249,102.8249
852.3033,133.0533,91.3934,133.8934
858.0524,165.8024,70.8951,113.3951
852.0895,173.3395,68.8210,111.3210
841.9833,136.7333,94.0333,136.5333
846.9688,132.2188,94.0625,136.5625
843.2322,137.4821,86.5357,129.0357
833.7925,140.5425,88.4151,130.9151
846.9688,125.7188,98.0625,140.5625
835.9087,123.1587,101.1826,143.6826
830.6791,131.9291,96.6418,139.1418
832.5384,122.2884,103.9232,146.4232
842.3516,105.6015,113.2969,155.7969
839.0709,100.3208,116.8583,159.3583
845.3788,92.1288,120.2424,162.7424
842.5500,85.3000,118.8999,161.3999
838.9188,87.6688,114.1623,156.6623
835.0618,95.3117,110.8765,153.3765
841.3684,94.6184,107.2632,149.7632
840.2257,96.4757,108.5486,151.0486
828.9083,97.1583,113.1833,155.6833
832.6735,96.9235,111.6531,154.1531
829.0284,100.7784,110.9432,153.4432
837.1831,99.4331,111.6338,154.1338
827.8293,102.5793,110.3413,152.8413
826.6887,100.4387,114.6226,157.1226
828.6438,99.8938,114.7125,157.2124
832.6879,97.9379,115.6241,158.1241
833.4263,100.6764,112.1473,154.6473
833.1445,100.8945,111.7110,154.2110
836.1566,93.4066,113.6869,156.1869
841.1904,98.4404,110.6192,153.1192
837.0983,95.8483,110.8033,153.3033
840.3239,98.0739,108.3522,150.8522
844.4877,88.2377,115.0247,157.5247
846.4667,95.7167,109.0666,151.5666
854.5842,85.3342,111.8316,154.3315
857.6299,85.3800,112.7401,155.2401
858.3820,84.1320,116.2359,158.7359
859.4528,91.2028,112.0945,154.5945
849.2402,94.9902,110.5196,153.0196
851.8358,87.0858,113.3284,155.8284
846.3728,91.1228,112.2544,154.7544
850.1754,98.9254,103.6491,146.1491
854.2968,98.5468,99.4064,141.9064
861.2120,105.9620,91.5760,134.0760
881.2408,100.4909,95.5183,138.0183
891.1432,93.3932,96.7136,139.2136
880.8367,108.5867,92.3267,134.8267
878.6656,117.4156,86.6688,129.1688
877.7974,114.0474,85.4053,127.9053
894.2510,108.5010,94.4979,136.9979
915.4947,105.7447,81.0106,123.5106
915.3644,100.1144,91.2713,133.7713
903.9596,108.7096,85.0808,127.5808
906.9603,99.2103,97.0793,139.5793
898.3545,103.6045,100.2910,142.7910
894.7054,106.9554,105.5891,148.0891
897.6743,118.4242,92.6515,135.1515
885.9818,125.2318,82.0364,124.5364
861.7440,136.4940,75.5120,118.0120
150.0000,846.5000,68.0000,153.0000
150.0000,846.5000,68.0000,153.0000
856.9830,135.7330,67.0341,109.5341
850.5212,126.2713,83.9575,126.4575
860.6459,126.3958,73.7083,116.2083
881.6066,128.3566,63.7867,106.2867
948.5428,103.7928,71.9144,114.4144
929.9507,95.7007,91.0986,133.5986
906.7631,105.5130,91.4739,133.9739
873.1502,120.9002,76.6995,119.1995
850.1058,132.3558,65.7884,108.2884
860.4171,132.6671,49.1658,91.6657
863.0903,130.3403,58.8193,101.3193
849.9114,127.1614,72.1772,114.6772
863.3232,122.0732,78.3537,120.8537
832.6096,125.3596,85.7808,128.2808
831.7289,131.4789,78.5421,121.0421
823.8452,126.0952,92.3095,134.8095
827.1341,127.3841,90.7318,133.2318
843.7245,125.4746,90.5509,133.0509
843.7137,118.4638,99.5725,142.0725
826.3659,122.1159,94.2682,136.7682
854.7841,119.0341,94.4318,136.9318
860.8334,117.5834,101.3331,143.8331
851.0280,120.2780,91.9439,134.4439
848.7971,119.5471,88.4059,130.9059
826.1996,119.9496,88.6008,131.1008
827.2607,119.5107,86.4786,128.9786
848.1053,122.3554,77.7893,120.2893
842.6691,123.9191,79.6618,122.1618
843.7320,120.4820,89.5360,132.0360
842.1779,116.9279,95.6441,138.1441
857.5395,118.2895,90.9210,133.4210
853.5645,115.8145,97.8710,140.3710
862.9844,116.7344,98.0312,140.5312
870.1491,112.8991,104.7018,147.2018
874.8533,112.6033,102.2935,144.7935
871.2759,111.0259,106.4483,148.9483
882.5055,112.7555,101.9890,144.4890
890.0196,112.7696,100.9608,143.4608
898.0417,114.2917,96.9166,139.4166
892.0417,116.2917,96.9166,139.4166
902.9580,116.7080,95.0840,137.5840
900.5714,125.3214,83.8573,126.3573
889.5455,122.7955,88.9090,131.4090
892.1827,121.4328,92.6345,135.1345
902.2836,117.0336,95.4329,137.9329
896.6624,115.4123,99.6753,142.1753
906.3390,118.0890,94.3221,136.8221
898.3614,119.6114,97.2772,139.7772
904.0103,121.2602,94.9795,137.4795
913.6703,122.9204,86.6593,129.1593
912.9376,121.1876,90.1249,132.6249
940.9206,123.6706,78.1588,120.6588
971.4616,134.7116,60.0768,102.5768
158.0000,934.5000,68.0000,153.0000
158.0000,934.5000,68.0000,153.0000
158.0000,934.5000,68.0000,153.0000
985.0461,143.2962,52.9077,95.4077
158.0000,948.5000,68.0000,153.0000
166.0000,933.5000,68.0000,153.0000
166.0000,933.5000,68.0000,153.0000
166.0000,933.5000,68.0000,153.0000
166.0000,934.5000,68.0000,153.0000
166.0000,933.5000,68.0000,153.0000
166.0000,934.5000,68.0000,153.0000
166.0000,962.5000,68.0000,153.0000
198.0000,758.5000,68.0000,153.0000
166.0000,934.5000,68.0000,153.0000
166.0000,934.5000,68.0000,153.0000
166.0000,934.5000,68.0000,153.0000
166.0000,934.5000,68.0000,153.0000
166.0000,933.5000,68.0000,153.0000
166.0000,933.5000,68.0000,153.0000
166.0000,933.5000,68.0000,153.0000
166.0000,933.5000,68.0000,153.0000
166.0000,904.5000,68.0000,153.0000
182.0000,846.5000,68.0000,153.0000
182.0000,846.5000,68.0000,153.0000
847.2845,175.0346,48.4309,90.9309
182.0000,846.5000,68.0000,153.0000
166.0000,933.5000,68.0000,153.0000
166.0000,933.5000,68.0000,153.0000
182.0000,846.5000,68.0000,153.0000
182.0000,846.5000,68.0000,153.0000
183.0000,846.5000,68.0000,153.0000
830.8049,177.0549,62.3901,104.8901
822.5903,178.3403,58.8193,101.3193
198.0000,759.5000,68.0000,153.0000
823.0086,174.2586,62.9828,105.4827
183.0000,788.5000,68.0000,153.0000
182.0000,803.5000,68.0000,153.0000
183.0000,846.5000,68.0000,153.0000
182.0000,846.5000,68.0000,153.0000
166.0000,875.5000,68.0000,153.0000
182.0000,846.5000,68.0000,153.0000
182.0000,847.5000,68.0000,153.0000
182.0000,846.5000,68.0000,153.0000
182.0000,860.5000,68.0000,153.0000
182.0000,847.5000,68.0000,153.0000
182.0000,628.5000,68.0000,153.0000
183.0000,846.5000,68.0000,153.0000
190.0000,628.5000,68.0000,153.0000
198.0000,642.5000,68.0000,153.0000
891.6339,174.8839,49.7321,92.2321
893.2529,172.0029,55.4942,97.9942
891.9515,170.7015,61.0970,103.5970
897.4188,172.6688,57.1625,99.6625
190.0000,846.5000,68.0000,153.0000
191.0000,846.5000,68.0000,153.0000
191.0000,846.5000,68.0000,153.0000
191.0000,846.5000,68.0000,153.0000
198.0000,875.5000,68.0000,153.0000
190.0000,890.5000,68.0000,153.0000
942.3898,171.1398,56.2205,98.7205
945.6259,172.8759,50.7481,93.2481
944.6167,163.3667,69.7666,112.2666
190.0000,904.5000,68.0000,153.0000
190.0000,890.5000,68.0000,153.0000
962.0037,176.7537,50.9926,93.4926
191.0000,904.5000,68.0000,153.0000
198.0000,904.5000,68.0000,153.0000
191.0000,904.5000,68.0000,153.0000
191.0000,890.5000,68.0000,153.0000
190.0000,890.5000,68.0000,153.0000
191.0000,890.5000,68.0000,153.0000
190.0000,890.5000,68.0000,153.0000
190.0000,890.5000,68.0000,153.0000
190.0000,904.5000,68.0000,153.0000
190.0000,904.5000,68.0000,153.0000
183.0000,904.5000,68.0000,153.0000
183.0000,904.5000,68.0000,153.0000
182.0000,904.5000,68.0000,153.0000
166.0000,642.5000,68.0000,153.0000
166.0000,642.5000,68.0000,153.0000
182.0000,904.5000,68.0000,153.0000
182.0000,904.5000,68.0000,153.0000
166.0000,642.5000,68.0000,153.0000
165.0000,642.5000,68.0000,153.0000
165.0000,642.5000,68.0000,153.0000
158.0000,642.5000,68.0000,153.0000
158.0000,642.5000,68.0000,153.0000
158.0000,628.5000,68.0000,153.0000
158.0000,642.5000,68.0000,153.0000
157.0000,628.5000,68.0000,153.0000
150.0000,628.5000,68.0000,153.0000
150.0000,628.5000,68.0000,153.0000
150.0000,628.5000,68.0000,153.0000
183.0000,905.5000,68.0000,153.0000
150.0000,628.5000,68.0000,153.0000
150.0000,628.5000,68.0000,153.0000
150.0000,628.5000,68.0000,153.0000
150.0000,628.5000,68.0000,153.0000
150.0000,628.5000,68.0000,153.0000
150.0000,628.5000,68.0000,153.0000
150.0000,628.5000,68.0000,153.0000
150.0000,628.5000,68.0000,153.0000
150.0000,628.5000,68.0000,153.0000
150.0000,628.5000,68.0000,153.0000
199.0000,933.5000,68.0000,153.0000
150.0000,628.5000,68.0000,153.0000
150.0000,628.5000,68.0000,153.0000
150.0000,628.5000,68.0000,153.0000
606.0000,283.5000,68.0000,153.0000
199.0000,962.5000,68.0000,153.0000
199.0000,962.5000,68.0000,153.0000
150.0000,628.5000,68.0000,153.0000
215.0000,962.5000,68.0000,153.0000
215.0000,962.5000,68.0000,153.0000
158.0000,642.5000,68.0000,153.0000
215.0000,963.5000,68.0000,153.0000
606.0000,283.5000,68.0000,153.0000
158.0000,671.5000,68.0000,153.0000
223.0000,962.5000,68.0000,153.0000
158.0000,657.5000,68.0000,153.0000
158.0000,671.5000,68.0000,153.0000
606.0000,283.5000,68.0000,153.0000
150.0000,686.5000,68.0000,153.0000
150.0000,686.5000,68.0000,153.0000
158.0000,715.5000,68.0000,153.0000
150.0000,686.5000,68.0000,153.0000
150.0000,729.5000,68.0000,153.0000
149.0000,729.5000,68.0000,153.0000
149.0000,730.5000,68.0000,153.0000
157.0000,729.5000,68.0000,153.0000
150.0000,730.5000,68.0000,153.0000
150.0000,730.5000,68.0000,153.0000
150.0000,730.5000,68.0000,153.0000
150.0000,730.5000,68.0000,153.0000
134.0000,730.5000,68.0000,153.0000
149.0000,730.5000,68.0000,153.0000
133.0000,730.5000,68.0000,153.0000
133.0000,730.5000,68.0000,153.0000
149.0000,730.5000,68.0000,153.0000
150.0000,730.5000,68.0000,153.0000
149.0000,730.5000,68.0000,153.0000
149.0000,730.5000,68.0000,153.0000
150.0000,730.5000,68.0000,153.0000
149.0000,730.5000,68.0000,153.0000
134.0000,730.5000,68.0000,153.0000
149.0000,730.5000,68.0000,153.0000
133.0000,730.5000,68.0000,153.0000
134.0000,730.5000,68.0000,153.0000
133.0000,730.5000,68.0000,153.0000
773.2529,124.0029,55.4942,97.9942
133.0000,730.5000,68.0000,153.0000
134.0000,730.5000,68.0000,153.0000
133.0000,730.5000,68.0000,153.0000
134.0000,730.5000,68.0000,153.0000
149.0000,730.5000,68.0000,153.0000
133.0000,730.5000,68.0000,153.0000
134.0000,730.5000,68.0000,153.0000
149.0000,730.5000,68.0000,153.0000
134.0000,730.5000,68.0000,153.0000
149.0000,730.5000,68.0000,153.0000
134.0000,730.5000,68.0000,153.0000
134.0000,730.5000,68.0000,153.0000
133.0000,730.5000,68.0000,153.0000
133.0000,730.5000,68.0000,153.0000
149.0000,730.5000,68.0000,153.0000
149.0000,730.5000,68.0000,153.0000
150.0000,730.5000,68.0000,153.0000
149.0000,730.5000,68.0000,153.0000
149.0000,730.5000,68.0000,153.0000
150.0000,730.5000,68.0000,153.0000
150.0000,730.5000,68.0000,153.0000
158.0000,730.5000,68.0000,153.0000
157.0000,730.5000,68.0000,153.0000
158.0000,730.5000,68.0000,153.0000
150.0000,730.5000,68.0000,153.0000
158.0000,730.5000,68.0000,153.0000
606.0000,283.5000,68.0000,153.0000
606.0000,283.5000,68.0000,153.0000
606.0000,283.5000,68.0000,153.0000
606.0000,283.5000,68.0000,153.0000
606.0000,283.5000,68.0000,153.0000
606.0000,283.5000,68.0000,153.0000
606.0000,283.5000,68.0000,153.0000
606.0000,283.5000,68.0000,153.0000
606.0000,283.5000,68.0000,153.0000
606.0000,283.5000,68.0000,153.0000
606.0000,283.5000,68.0000,153.0000
606.0000,283.5000,68.0000,153.0000
606.0000,283.5000,68.0000,153.0000
606.0000,283.5000,68.0000,153.0000
606.0000,283.5000,68.0000,153.0000
166.0000,730.5000,68.0000,153.0000
606.0000,283.5000,68.0000,153.0000
606.0000,283.5000,68.0000,153.0000
606.0000,283.5000,68.0000,153.0000
166.0000,730.5000,68.0000,153.0000
166.0000,730.5000,68.0000,153.0000
165.0000,730.5000,68.0000,153.0000
158.0000,729.5000,68.0000,153.0000
166.0000,730.5000,68.0000,153.0000
166.0000,730.5000,68.0000,153.0000
606.0000,283.5000,68.0000,153.0000
606.0000,283.5000,68.0000,153.0000
606.0000,283.5000,68.0000,153.0000
606.0000,283.5000,68.0000,153.0000
606.0000,283.5000,68.0000,153.0000
606.0000,283.5000,68.0000,153.0000
606.0000,283.5000,68.0000,153.0000
606.0000,283.5000,68.0000,153.0000
606.0000,283.5000,68.0000,153.0000
158.0000,701.5000,68.0000,153.0000
158.0000,701.5000,68.0000,153.0000
606.0000,283.5000,68.0000,153.0000
157.0000,729.5000,68.0000,153.0000
157.0000,729.5000,68.0000,153.0000
157.0000,729.5000,68.0000,153.0000
157.0000,729.5000,68.0000,153.0000
606.0000,283.5000,68.0000,153.0000
165.0000,701.5000,68.0000,153.0000
166.0000,701.5000,68.0000,153.0000
606.0000,283.5000,68.0000,153.0000
158.0000,701.5000,68.0000,153.0000
606.0000,283.5000,68.0000,153.0000
158.0000,701.5000,68.0000,153.0000
606.0000,283.5000,68.0000,153.0000
606.0000,283.5000,68.0000,153.0000
158.0000,701.5000,68.0000,153.0000
606.0000,283.5000,68.0000,153.0000
158.0000,701.5000,68.0000,153.0000
606.0000,283.5000,68.0000,153.0000
158.0000,701.5000,68.0000,153.0000
158.0000,701.5000,68.0000,153.0000
606.0000,283.5000,68.0000,153.0000
606.0000,283.5000,68.0000,153.0000
606.0000,283.5000,68.0000,153.0000
166.0000,701.5000,68.0000,153.0000
166.0000,701.5000,68.0000,153.0000
606.0000,283.5000,68.0000,153.0000
606.0000,283.5000,68.0000,153.0000
606.0000,283.5000,68.0000,153.0000
606.0000,283.5000,68.0000,153.0000
606.0000,283.5000,68.0000,153.0000
606.0000,283.5000,68.0000,153.0000
606.0000,283.5000,68.0000,153.0000
606.0000,283.5000,68.0000,153.0000
606.0000,283.5000,68.0000,153.0000
606.0000,283.5000,68.0000,153.0000
606.0000,283.5000,68.0000,153.0000
606.0000,283.5000,68.0000,153.0000
606.0000,283.5000,68.0000,153.0000
606.0000,283.5000,68.0000,153.0000
606.0000,283.5000,68.0000,153.0000
606.0000,283.5000,68.0000,153.0000
606.0000,283.5000,68.0000,153.0000
606.0000,283.5000,68.0000,153.0000
606.0000,283.5000,68.0000,153.0000
606.0000,283.5000,68.0000,153.0000
606.0000,283.5000,68.0000,153.0000
606.0000,283.5000,68.0000,153.0000
182.0000,614.5000,68.0000,153.0000
606.0000,283.5000,68.0000,153.0000
606.0000,283.5000,68.0000,153.0000
183.0000,614.5000,68.0000,153.0000
191.0000,613.5000,68.0000,153.0000
191.0000,613.5000,68.0000,153.0000
198.0000,613.5000,68.0000,153.0000
199.0000,614.5000,68.0000,153.0000
199.0000,614.5000,68.0000,153.0000
198.0000,614.5000,68.0000,153.0000
191.0000,613.5000,68.0000,153.0000
191.0000,613.5000,68.0000,153.0000
191.0000,613.5000,68.0000,153.0000
183.0000,613.5000,68.0000,153.0000
190.0000,613.5000,68.0000,153.0000
190.0000,613.5000,68.0000,153.0000
183.0000,614.5000,68.0000,153.0000
183.0000,614.5000,68.0000,153.0000
166.0000,614.5000,68.0000,153.0000
183.0000,614.5000,68.0000,153.0000
190.0000,614.5000,68.0000,153.0000
191.0000,614.5000,68.0000,153.0000
190.0000,613.5000,68.0000,153.0000
190.0000,613.5000,68.0000,153.0000
666.1771,176.4271,48.6458,91.1458
667.1302,169.3803,60.7395,103.2395
671.5313,177.2813,55.9374,98.4374
674.4688,180.2188,56.0624,98.5624
199.0000,614.5000,68.0000,153.0000
199.0000,614.5000,68.0000,153.0000
683.2566,193.0066,43.4868,85.9868
199.0000,614.5000,68.0000,153.0000
199.0000,614.5000,68.0000,153.0000
199.0000,642.5000,68.0000,153.0000
680.7543,192.5043,48.4914,90.9914
199.0000,642.5000,68.0000,153.0000
199.0000,643.5000,68.0000,153.0000
199.0000,643.5000,68.0000,153.0000
199.0000,671.5000,68.0000,153.0000
198.0000,672.5000,68.0000,153.0000
198.0000,672.5000,68.0000,153.0000
199.0000,671.5000,68.0000,153.0000
199.0000,642.5000,68.0000,153.0000
704.3585,181.6084,63.2831,105.7831
689.4800,187.7300,59.0400,101.5400
690.3542,193.6042,51.2916,93.7916
199.0000,643.5000,68.0000,153.0000
199.0000,671.5000,68.0000,153.0000
705.9890,189.7390,51.0220,93.5220
695.3846,183.1346,68.2308,110.7308
703.6288,179.8788,70.7423,113.2423
719.6965,184.9465,65.6070,108.1070
714.2887,187.0387,61.4226,103.9226
731.6901,188.9401,47.6198,90.1198
199.0000,672.5000,68.0000,153.0000
199.0000,672.5000,68.0000,153.0000
199.0000,701.5000,68.0000,153.0000
199.0000,672.5000,68.0000,153.0000
199.0000,643.5000,68.0000,153.0000
696.5590,192.8090,50.8819,93.3819
199.0000,643.5000,68.0000,153.0000
199.0000,671.5000,68.0000,153.0000
686.4808,194.7308,47.0384,89.5384
199.0000,671.5000,68.0000,153.0000
199.0000,671.5000,68.0000,153.0000
199.0000,671.5000,68.0000,153.0000
207.0000,628.5000,68.0000,153.0000
701.6484,189.3983,50.7033,93.2033
688.0261,186.2761,57.9479,100.4479
678.8356,190.5856,46.3288,88.8288
672.9716,179.7216,67.0568,109.5568
680.5696,182.8196,60.8608,103.3607
676.9716,181.7216,67.0568,109.5568
673.6909,182.4409,62.6182,105.1182
657.4318,176.1818,66.1364,108.6364
667.4169,174.1669,67.1662,109.6662
674.2700,174.5199,68.4601,110.9601
676.1062,179.8562,59.7876,102.2876
668.2750,179.5250,51.4499,93.9499
672.9503,185.2002,44.0995,86.5995
673.7764,182.5264,43.4472,85.9472
183.0000,628.5000,68.0000,153.0000
190.0000,614.5000,68.0000,153.0000
675.9171,165.6671,52.1659,94.6659
182.0000,628.5000,68.0000,153.0000
182.0000,628.5000,68.0000,153.0000
671.2222,167.9723,56.5555,99.0555
669.6202,171.8702,56.7596,99.2596
198.0000,614.5000,68.0000,153.0000
668.5594,182.8094,52.8812,95.3812
657.7698,175.0197,62.4605,104.9605
654.4066,168.1565,64.1869,106.6869
668.8767,183.1267,43.2466,85.7466
676.4171,179.6671,49.1658,91.6657
702.7842,186.5342,50.4317,92.9317
688.4466,183.6966,55.1069,97.6069
199.0000,642.5000,68.0000,153.0000
198.0000,642.5000,68.0000,153.0000
198.0000,643.5000,68.0000,153.0000
199.0000,642.5000,68.0000,153.0000
199.0000,642.5000,68.0000,153.0000
199.0000,672.5000,68.0000,153.0000
199.0000,701.5000,68.0000,153.0000
199.0000,642.5000,68.0000,153.0000
198.0000,701.5000,68.0000,153.0000
199.0000,642.5000,68.0000,153.0000
198.0000,701.5000,68.0000,153.0000
183.0000,729.5000,68.0000,153.0000
190.0000,715.5000,68.0000,153.0000
198.0000,672.5000,68.0000,153.0000
198.0000,672.5000,68.0000,153.0000
198.0000,672.5000,68.0000,153.0000
199.0000,672.5000,68.0000,153.0000
198.0000,672.5000,68.0000,153.0000
198.0000,672.5000,68.0000,153.0000
199.0000,614.5000,68.0000,153.0000
199.0000,643.5000,68.0000,153.0000
199.0000,642.5000,68.0000,153.0000
199.0000,643.5000,68.0000,153.0000
711.9502,185.2002,49.0997,91.5997
199.0000,671.5000,68.0000,153.0000
198.0000,671.5000,68.0000,153.0000
199.0000,643.5000,68.0000,153.0000
199.0000,642.5000,68.0000,153.0000
199.0000,643.5000,68.0000,153.0000
199.0000,614.5000,68.0000,153.0000
199.0000,642.5000,68.0000,153.0000
199.0000,614.5000,68.0000,153.0000
199.0000,642.5000,68.0000,153.0000
198.0000,642.5000,68.0000,153.0000
198.0000,614.5000,68.0000,153.0000
183.0000,671.5000,68.0000,153.0000
183.0000,671.5000,68.0000,153.0000
183.0000,628.5000,68.0000,153.0000
183.0000,628.5000,68.0000,153.0000
198.0000,642.5000,68.0000,153.0000
191.0000,614.5000,68.0000,153.0000
191.0000,613.5000,68.0000,153.0000
183.0000,628.5000,68.0000,153.0000
190.0000,613.5000,68.0000,153.0000
678.2566,176.5066,43.4868,85.9868
183.0000,628.5000,68.0000,153.0000
182.0000,628.5000,68.0000,153.0000
191.0000,613.5000,68.0000,153.0000
198.0000,614.5000,68.0000,153.0000
183.0000,614.5000,68.0000,153.0000
183.0000,613.5000,68.0000,153.0000
183.0000,614.5000,68.0000,153.0000
182.0000,614.5000,68.0000,153.0000
182.0000,614.5000,68.0000,153.0000
182.0000,614.5000,68.0000,153.0000
182.0000,614.5000,68.0000,153.0000
182.0000,614.5000,68.0000,153.0000
166.0000,613.5000,68.0000,153.0000
659.1099,159.3599,57.7802,100.2802
166.0000,613.5000,68.0000,153.0000
166.0000,614.5000,68.0000,153.0000
174.0000,627.5000,68.0000,153.0000
182.0000,614.5000,68.0000,153.0000
182.0000,614.5000,68.0000,153.0000
166.0000,614.5000,68.0000,153.0000
166.0000,614.5000,68.0000,153.0000
166.0000,613.5000,68.0000,153.0000
166.0000,613.5000,68.0000,153.0000
166.0000,613.5000,68.0000,153.0000
166.0000,613.5000,68.0000,153.0000
166.0000,613.5000,68.0000,153.0000
166.0000,613.5000,68.0000,153.0000
166.0000,613.5000,68.0000,153.0000
166.0000,613.5000,68.0000,153.0000
166.0000,613.5000,68.0000,153.0000
166.0000,613.5000,68.0000,153.0000
166.0000,613.5000,68.0000,153.0000
166.0000,614.5000,68.0000,153.0000
166.0000,613.5000,68.0000,153.0000
165.0000,613.5000,68.0000,153.0000
166.0000,613.5000,68.0000,153.0000
166.0000,614.5000,68.0000,153.0000
158.0000,613.5000,68.0000,153.0000
158.0000,613.5000,68.0000,153.0000
158.0000,613.5000,68.0000,153.0000
158.0000,613.5000,68.0000,153.0000
158.0000,613.5000,68.0000,153.0000
667.9689,151.2189,42.0623,84.5623
158.0000,613.5000,68.0000,153.0000
158.0000,613.5000,68.0000,153.0000
666.9010,150.6510,44.1980,86.6980
663.5221,147.7721,50.9558,93.4558
656.4501,141.7001,59.0998,101.5998
640.8604,135.6103,71.2794,113.7794
646.8979,141.6479,59.2042,101.7042
643.1763,141.4262,58.6475,101.1475
644.7524,141.5024,60.4953,102.9953
640.6301,136.8801,61.7399,104.2399
648.3542,144.6042,51.2916,93.7916
646.2534,143.5034,52.4932,94.9932
654.0626,136.8126,61.8747,104.3747
651.0525,135.3025,64.8950,107.3950
649.4169,132.1669,67.1662,109.6662
651.4604,134.2105,64.0791,106.5791
656.9975,135.7475,59.0050,101.5050
663.8649,139.1149,57.2702,99.7701
664.9816,143.7316,51.0367,93.5367
639.4487,136.1988,62.1025,104.6025
644.3286,135.0786,63.3428,105.8428
652.5218,138.2718,56.9565,99.4565
656.4171,143.6671,49.1658,91.6657
646.7178,144.4678,49.5644,92.0644
158.0000,613.5000,68.0000,153.0000
648.7918,145.0418,47.4164,89.9164
157.0000,599.5000,68.0000,153.0000
157.0000,599.5000,68.0000,153.0000
158.0000,585.5000,68.0000,153.0000
158.0000,584.5000,68.0000,153.0000
157.0000,599.5000,68.0000,153.0000
158.0000,570.5000,68.0000,153.0000
158.0000,585.5000,68.0000,153.0000
158.0000,584.5000,68.0000,153.0000
158.0000,599.5000,68.0000,153.0000
158.0000,555.5000,68.0000,153.0000
158.0000,555.5000,68.0000,153.0000
158.0000,598.5000,68.0000,153.0000
158.0000,599.5000,68.0000,153.0000
158.0000,599.5000,68.0000,153.0000
158.0000,599.5000,68.0000,153.0000
158.0000,555.5000,68.0000,153.0000
158.0000,555.5000,68.0000,153.0000
158.0000,555.5000,68.0000,153.0000
158.0000,526.5000,68.0000,153.0000
158.0000,526.5000,68.0000,153.0000
158.0000,526.5000,68.0000,153.0000
158.0000,526.5000,68.0000,153.0000
158.0000,526.5000,68.0000,153.0000
158.0000,512.5000,68.0000,153.0000
566.8351,145.0851,49.3297,91.8297
158.0000,511.5000,68.0000,153.0000
559.0261,143.2761,57.9479,100.4479
158.0000,526.5000,68.0000,153.0000
158.0000,497.5000,68.0000,153.0000
166.0000,497.5000,68.0000,153.0000
158.0000,497.5000,68.0000,153.0000
158.0000,497.5000,68.0000,153.0000
552.8760,146.6260,50.2481,92.7481
166.0000,497.5000,68.0000,153.0000
166.0000,497.5000,68.0000,153.0000
166.0000,497.5000,68.0000,153.0000
165.0000,497.5000,68.0000,153.0000
166.0000,497.5000,68.0000,153.0000
166.0000,497.5000,68.0000,153.0000
166.0000,497.5000,68.0000,153.0000
158.0000,497.5000,68.0000,153.0000
165.0000,497.5000,68.0000,153.0000
158.0000,497.5000,68.0000,153.0000
158.0000,497.5000,68.0000,153.0000
158.0000,497.5000,68.0000,153.0000
533.3375,139.5876,60.3249,102.8249
543.1068,142.3568,53.7864,96.2864
158.0000,497.5000,68.0000,153.0000
158.0000,497.5000,68.0000,153.0000
158.0000,497.5000,68.0000,153.0000
549.3198,146.5698,47.3604,89.8604
158.0000,497.5000,68.0000,153.0000
158.0000,497.5000,68.0000,153.0000
166.0000,497.5000,68.0000,153.0000
166.0000,497.5000,68.0000,153.0000
166.0000,497.5000,68.0000,153.0000
166.0000,497.5000,68.0000,153.0000
166.0000,497.5000,68.0000,153.0000
166.0000,497.5000,68.0000,153.0000
166.0000,497.5000,68.0000,153.0000
166.0000,497.5000,68.0000,153.0000
166.0000,497.5000,68.0000,153.0000
166.0000,497.5000,68.0000,153.0000
166.0000,497.5000,68.0000,153.0000
166.0000,497.5000,68.0000,153.0000
158.0000,497.5000,68.0000,153.0000
166.0000,497.5000,68.0000,153.0000
166.0000,497.5000,68.0000,153.0000
166.0000,497.5000,68.0000,153.0000
166.0000,497.5000,68.0000,153.0000
166.0000,497.5000,68.0000,153.0000
166.0000,497.5000,68.0000,153.0000
166.0000,497.5000,68.0000,153.0000
166.0000,497.5000,68.0000,153.0000
166.0000,497.5000,68.0000,153.0000
166.0000,497.5000,68.0000,153.0000
166.0000,497.5000,68.0000,153.0000
166.0000,497.5000,68.0000,153.0000
182.0000,497.5000,68.0000,153.0000
182.0000,497.5000,68.0000,153.0000
182.0000,497.5000,68.0000,153.0000
182.0000,497.5000,68.0000,153.0000
182.0000,497.5000,68.0000,153.0000
166.0000,497.5000,68.0000,153.0000
182.0000,497.5000,68.0000,153.0000
182.0000,497.5000,68.0000,153.0000
182.0000,497.5000,68.0000,153.0000
182.0000,497.5000,68.0000,153.0000
166.0000,497.5000,68.0000,153.0000
182.0000,497.5000,68.0000,153.0000
182.0000,497.5000,68.0000,153.0000
182.0000,497.5000,68.0000,153.0000
183.0000,497.5000,68.0000,153.0000
183.0000,497.5000,68.0000,153.0000
190.0000,483.5000,68.0000,153.0000
198.0000,497.5000,68.0000,153.0000
198.0000,468.5000,68.0000,153.0000
198.0000,468.5000,68.0000,153.0000
198.0000,468.5000,68.0000,153.0000
198.0000,468.5000,68.0000,153.0000
198.0000,439.5000,68.0000,153.0000
199.0000,468.5000,68.0000,153.0000
199.0000,468.5000,68.0000,153.0000
199.0000,439.5000,68.0000,153.0000
199.0000,439.5000,68.0000,153.0000
199.0000,439.5000,68.0000,153.0000
198.0000,468.5000,68.0000,153.0000
199.0000,468.5000,68.0000,153.0000
198.0000,439.5000,68.0000,153.0000
198.0000,468.5000,68.0000,153.0000
198.0000,468.5000,68.0000,153.0000
199.0000,468.5000,68.0000,153.0000
198.0000,497.5000,68.0000,153.0000
199.0000,497.5000,68.0000,153.0000
199.0000,497.5000,68.0000,153.0000
215.0000,497.5000,68.0000,153.0000
215.0000,497.5000,68.0000,153.0000
215.0000,497.5000,68.0000,153.0000
215.0000,497.5000,68.0000,153.0000
215.0000,497.5000,68.0000,153.0000
215.0000,497.5000,68.0000,153.0000
215.0000,497.5000,68.0000,153.0000
215.0000,497.5000,68.0000,153.0000
519.0525,197.3025,64.8950,107.3950
514.2758,195.5258,65.4484,107.9484
510.3368,194.5868,66.3265,108.8265
524.2159,198.9660,61.5681,104.0681
530.5436,202.7936,56.9129,99.4129
215.0000,497.5000,68.0000,153.0000
215.0000,497.5000,68.0000,153.0000
215.0000,497.5000,68.0000,153.0000
215.0000,497.5000,68.0000,153.0000
215.0000,497.5000,68.0000,153.0000
215.0000,497.5000,68.0000,153.0000
216.0000,497.5000,68.0000,153.0000
223.0000,497.5000,68.0000,153.0000
215.0000,512.5000,68.0000,153.0000
215.0000,511.5000,68.0000,153.0000
223.0000,512.5000,68.0000,153.0000
223.0000,512.5000,68.0000,153.0000
562.2801,197.5301,73.4398,115.9398
223.0000,541.5000,68.0000,153.0000
223.0000,584.5000,68.0000,153.0000
599.5442,198.7942,67.9117,110.4117
610.0313,199.7813,65.9374,108.4374
609.6359,197.8859,69.7281,112.2281
589.2358,194.4858,82.5283,125.0283
621.6459,196.3958,73.7083,116.2083
636.7404,198.9904,66.5192,109.0192
635.0250,200.2750,63.9500,106.4500
620.2154,194.9654,75.5692,118.0692
629.2136,195.9636,73.5727,116.0727
662.2250,204.9750,51.5499,94.0499
642.3858,197.6358,70.2284,112.7284
635.1055,194.8555,74.7891,117.2891
658.2159,198.9660,61.5681,104.0681
669.0531,207.8031,46.8938,89.3938
215.0000,613.5000,68.0000,153.0000
215.0000,614.5000,68.0000,153.0000
216.0000,614.5000,68.0000,153.0000
223.0000,613.5000,68.0000,153.0000
223.0000,613.5000,68.0000,153.0000
223.0000,613.5000,68.0000,153.0000
223.0000,613.5000,68.0000,153.0000
223.0000,613.5000,68.0000,153.0000
223.0000,613.5000,68.0000,153.0000
665.4808,209.2308,47.0384,89.5384
641.3983,198.1483,64.2035,106.7035
634.6727,196.4227,69.6546,112.1546
636.4109,196.6609,69.1781,111.6781
662.7085,211.4585,44.5830,87.0830
634.6700,197.9200,67.6601,110.1601
223.0000,613.5000,68.0000,153.0000
662.2945,207.5445,49.4110,91.9110
662.3810,201.1310,57.2379,99.7379
215.0000,614.5000,68.0000,153.0000
215.0000,613.5000,68.0000,153.0000
215.0000,613.5000,68.0000,153.0000
215.0000,613.5000,68.0000,153.0000
215.0000,614.5000,68.0000,153.0000
215.0000,614.5000,68.0000,153.0000
215.0000,614.5000,68.0000,153.0000
199.0000,613.5000,68.0000,153.0000
199.0000,613.5000,68.0000,153.0000
199.0000,614.5000,68.0000,153.0000
215.0000,614.5000,68.0000,153.0000
215.0000,613.5000,68.0000,153.0000
215.0000,613.5000,68.0000,153.0000
215.0000,613.5000,68.0000,153.0000
215.0000,613.5000,68.0000,153.0000
631.6064,191.8564,66.7872,109.2872
644.6256,196.8756,58.7487,101.2487
648.6985,186.4485,65.6030,108.1030
646.1771,187.9271,66.6458,109.1458
215.0000,613.5000,68.0000,153.0000
665.3842,198.6342,49.2315,91.7315
215.0000,613.5000,68.0000,153.0000
215.0000,613.5000,68.0000,153.0000
662.5313,198.2813,51.9374,94.4374
215.0000,614.5000,68.0000,153.0000
199.0000,613.5000,68.0000,153.0000
199.0000,613.5000,68.0000,153.0000
199.0000,614.5000,68.0000,153.0000
199.0000,613.5000,68.0000,153.0000
199.0000,613.5000,68.0000,153.0000
199.0000,614.5000,68.0000,153.0000
674.8253,192.0753,51.3493,93.8493
199.0000,614.5000,68.0000,153.0000
199.0000,628.5000,68.0000,153.0000
672.1339,184.8839,56.7321,99.2321
668.6490,183.3990,60.7021,103.2021
199.0000,613.5000,68.0000,153.0000
199.0000,613.5000,68.0000,153.0000
199.0000,613.5000,68.0000,153.0000
199.0000,613.5000,68.0000,153.0000
198.0000,613.5000,68.0000,153.0000
183.0000,613.5000,68.0000,153.0000
198.0000,613.5000,68.0000,153.0000
198.0000,613.5000,68.0000,153.0000
198.0000,613.5000,68.0000,153.0000
183.0000,570.5000,68.0000,153.0000
198.0000,584.5000,68.0000,153.0000
183.0000,570.5000,68.0000,153.0000
198.0000,555.5000,68.0000,153.0000
198.0000,555.5000,68.0000,153.0000
565.6516,184.4015,48.6969,91.1969
569.7386,163.9886,72.5227,115.0227
571.2679,165.5179,65.4643,107.9643
563.6366,164.8866,67.7268,110.2268
566.0295,167.2795,50.9411,93.4411
182.0000,512.5000,68.0000,153.0000
182.0000,512.5000,68.0000,153.0000
183.0000,512.5000,68.0000,153.0000
183.0000,512.5000,68.0000,153.0000
562.9922,178.2422,50.0156,92.5156
190.0000,512.5000,68.0000,153.0000
182.0000,512.5000,68.0000,153.0000
198.0000,526.5000,68.0000,153.0000
183.0000,512.5000,68.0000,153.0000
199.0000,526.5000,68.0000,153.0000
199.0000,526.5000,68.0000,153.0000
199.0000,497.5000,68.0000,153.0000
557.1575,185.4075,53.6850,96.1850
563.1125,184.3625,52.7750,95.2750
565.0629,192.3129,43.8742,86.3742
199.0000,497.5000,68.0000,153.0000
199.0000,497.5000,68.0000,153.0000
198.0000,497.5000,68.0000,153.0000
554.8767,187.1267,43.2466,85.7466
198.0000,497.5000,68.0000,153.0000
198.0000,497.5000,68.0000,153.0000
198.0000,526.5000,68.0000,153.0000
183.0000,555.5000,68.0000,153.0000
182.0000,555.5000,68.0000,153.0000
182.0000,555.5000,68.0000,153.0000
183.0000,555.5000,68.0000,153.0000
182.0000,512.5000,68.0000,153.0000
182.0000,512.5000,68.0000,153.0000
182.0000,512.5000,68.0000,153.0000
555.7740,168.0240,57.4521,99.9521
541.8508,170.6007,64.2985,106.7985
182.0000,497.5000,68.0000,153.0000
551.8661,164.6161,60.2679,102.7679
166.0000,497.5000,68.0000,153.0000
182.0000,497.5000,68.0000,153.0000
551.9095,163.1595,56.1811,98.6811
555.9424,156.6924,60.1151,102.6151
183.0000,497.5000,68.0000,153.0000
182.0000,497.5000,68.0000,153.0000
182.0000,497.5000,68.0000,153.0000
182.0000,497.5000,68.0000,153.0000
554.1260,165.3760,49.7480,92.2480
558.5062,165.2563,43.9875,86.4875
548.6603,159.9103,55.6795,98.1795
547.0580,159.8080,60.8840,103.3840
558.0179,164.7679,47.9642,90.4642
561.7835,169.5335,41.4330,83.9330
182.0000,497.5000,68.0000,153.0000
174.0000,511.5000,68.0000,153.0000
182.0000,497.5000,68.0000,153.0000
183.0000,497.5000,68.0000,153.0000
191.0000,497.5000,68.0000,153.0000
191.0000,497.5000,68.0000,153.0000
551.5045,180.2545,47.9911,90.4911
549.1559,174.4060,58.6881,101.1881
191.0000,497.5000,68.0000,153.0000
198.0000,497.5000,68.0000,153.0000
199.0000,497.5000,68.0000,153.0000
199.0000,497.5000,68.0000,153.0000
198.0000,497.5000,68.0000,153.0000
198.0000,497.5000,68.0000,153.0000
198.0000,497.5000,68.0000,153.0000
198.0000,497.5000,68.0000,153.0000
198.0000,497.5000,68.0000,153.0000
183.0000,497.5000,68.0000,153.0000
183.0000,497.5000,68.0000,153.0000
182.0000,511.5000,68.0000,153.0000
182.0000,511.5000,68.0000,153.0000
183.0000,497.5000,68.0000,153.0000
183.0000,497.5000,68.0000,153.0000
182.0000,512.5000,68.0000,153.0000
182.0000,512.5000,68.0000,153.0000
175.0000,511.5000,68.0000,153.0000
182.0000,511.5000,68.0000,153.0000
175.0000,511.5000,68.0000,153.0000
182.0000,511.5000,68.0000,153.0000
182.0000,511.5000,68.0000,153.0000
182.0000,511.5000,68.0000,153.0000
182.0000,511.5000,68.0000,153.0000
182.0000,511.5000,68.0000,153.0000
182.0000,498.5000,68.0000,153.0000
182.0000,511.5000,68.0000,153.0000
182.0000,497.5000,68.0000,153.0000
182.0000,497.5000,68.0000,153.0000
182.0000,511.5000,68.0000,153.0000
183.0000,512.5000,68.0000,153.0000
183.0000,555.5000,68.0000,153.0000
198.0000,526.5000,68.0000,153.0000
182.0000,511.5000,68.0000,153.0000
564.8982,169.6482,56.2036,98.7036
556.0385,164.7885,59.9230,102.4230
568.8245,165.5745,47.3510,89.8510
579.3989,158.1489,58.2023,100.7023
573.7716,162.5216,48.4568,90.9568
175.0000,512.5000,68.0000,153.0000
174.0000,512.5000,68.0000,153.0000
175.0000,512.5000,68.0000,153.0000
575.7429,155.9929,60.5141,103.0141
571.5471,165.2971,45.9059,88.4059
567.3027,158.0527,62.3945,104.8945
182.0000,512.5000,68.0000,153.0000
576.6315,166.8815,55.7371,98.2371
566.0000,162.7500,70.0000,112.5000
578.0627,171.8127,58.8747,101.3747
571.0278,167.7778,51.9444,94.4444
568.4853,166.7353,51.0294,93.5294
565.0897,166.3397,54.8207,97.3207
562.9291,163.6790,63.1419,105.6419
557.9484,161.1984,63.1033,105.6033
556.0000,158.7500,70.0000,112.5000
563.5000,154.7500,69.0000,111.5000
567.4454,150.1954,74.1092,116.6092
560.3368,150.5868,66.3265,108.8265
570.5838,158.3338,48.8324,91.3324
566.5147,154.2647,50.9706,93.4706
580.1927,152.4427,52.6145,95.1145
586.6418,143.8918,64.7164,107.2164
581.6927,151.9427,52.6145,95.1145
166.0000,555.5000,68.0000,153.0000
166.0000,555.5000,68.0000,153.0000
166.0000,555.5000,68.0000,153.0000
606.3557,145.1057,62.2887,104.7887
583.8063,145.0562,68.3875,110.8875
582.7267,146.9767,63.5466,106.0466
570.0000,138.7500,76.0000,118.5000
567.4448,139.6948,77.1103,119.6103
562.4338,138.1838,83.1325,125.6325
569.2747,140.0247,74.4506,116.9506
579.0000,143.7500,74.0000,116.5000
572.9258,145.1758,71.1484,113.6484
572.0877,142.8377,73.8246,116.3246
569.9606,145.7106,72.0789,114.5789
576.3509,149.1009,59.2982,101.7982
570.9616,147.7116,60.0768,102.5768
568.6459,142.3958,73.7083,116.2083
568.8599,140.1099,74.2803,116.7803
566.6459,143.8958,70.7083,113.2083
556.8135,147.0635,70.3731,112.8731
558.4393,146.1893,71.1214,113.6214
561.5836,148.3335,66.8329,109.3329
561.6946,155.4447,47.6107,90.1107
166.0000,497.5000,68.0000,153.0000
549.2650,142.0150,71.4700,113.9700
555.1421,136.3921,78.7158,121.2158
555.4168,136.1668,79.1664,121.6664
557.5213,133.7713,80.9574,123.4574
558.6901,140.4401,71.6198,114.1198
576.0657,150.3157,54.8686,97.3686
166.0000,555.5000,68.0000,153.0000
166.0000,555.5000,68.0000,153.0000
592.7084,143.9584,65.5832,108.0832
592.5752,140.8252,63.8496,106.3496
165.0000,555.5000,68.0000,153.0000
157.0000,570.5000,68.0000,153.0000
166.0000,584.5000,68.0000,153.0000
620.1235,141.8735,64.7531,107.2531
166.0000,613.5000,68.0000,153.0000
158.0000,613.5000,68.0000,153.0000
646.9003,137.6503,64.1993,106.6993
158.0000,613.5000,68.0000,153.0000
158.0000,613.5000,68.0000,153.0000
158.0000,613.5000,68.0000,153.0000
158.0000,613.5000,68.0000,153.0000
158.0000,614.5000,68.0000,153.0000
158.0000,613.5000,68.0000,153.0000
158.0000,614.5000,68.0000,153.0000
158.0000,614.5000,68.0000,153.0000
158.0000,613.5000,68.0000,153.0000
668.2917,138.0417,59.4165,101.9165
669.5066,131.7566,71.9868,114.4868
668.3806,132.1306,70.2388,112.7388
674.8623,134.1123,62.2754,104.7754
674.9163,132.6663,69.1675,111.6675
673.8855,139.1355,59.2290,101.7290
677.2111,135.4611,64.5778,107.0778
671.9377,140.6877,54.1246,96.6246
669.4803,143.7303,53.0394,95.5394
158.0000,613.5000,68.0000,153.0000
666.5566,150.3066,43.8869,86.3869
662.7639,149.0139,47.4722,89.9722
656.0119,145.2619,54.9762,97.4762
658.7085,151.4585,44.5830,87.0830
647.2770,143.5270,59.4460,101.9460
654.1895,144.4395,51.6210,94.1210
660.4792,147.7292,46.0416,88.5416
158.0000,613.5000,68.0000,153.0000
158.0000,613.5000,68.0000,153.0000
655.2439,141.9939,54.5122,97.0122
648.1005,142.8505,53.7990,96.2990
626.4468,136.1968,68.1065,110.6065
629.9288,139.6788,62.1425,104.6425
625.2521,137.5020,64.4959,106.9959
627.9376,134.1876,66.1248,108.6248
628.2841,137.5341,61.4317,103.9317
615.0000,131.2500,73.0000,115.5000
627.1282,138.8782,58.7437,101.2437
633.3533,142.6033,56.2935,98.7935
594.9893,133.7393,75.0213,117.5213
604.4797,133.2297,74.0406,116.5406
598.6899,132.4399,74.6202,117.1202
598.7826,136.0326,70.4349,112.9349
604.9901,137.2401,72.0197,114.5197
600.6055,136.8556,71.7889,114.2889
607.8063,139.0562,68.3875,110.8875
602.9606,135.7106,72.0789,114.5789
602.1851,137.9351,71.6298,114.1298
584.0073,137.7574,67.9853,110.4853
166.0000,584.5000,68.0000,153.0000
158.0000,584.5000,68.0000,153.0000
158.0000,556.5000,68.0000,153.0000
158.0000,613.5000,68.0000,153.0000
641.8757,139.6257,56.2486,98.7486
648.1626,145.4126,47.6748,90.1748
633.7606,132.5106,69.4789,111.9789
655.7129,142.4629,52.5742,95.0742
646.3542,143.6042,51.2916,93.7916
654.0447,139.7947,54.9105,97.4105
639.8061,135.5561,67.3879,109.8879
655.4376,136.6877,60.1247,102.6247
158.0000,613.5000,68.0000,153.0000
654.7931,134.5431,64.4138,106.9138
659.2518,133.0018,69.4965,111.9965
656.2563,136.5064,63.4873,105.9873
651.1191,129.8691,73.7618,116.2618
661.5694,138.3194,61.8613,104.3613
674.4585,152.7085,43.0830,85.5830
667.8245,150.5745,47.3510,89.8510
657.4446,140.1946,61.1109,103.6109
663.7526,140.5025,58.4949,100.9949
667.1125,147.3625,52.7750,95.2750
670.7564,144.5064,53.4872,95.9872
675.1256,141.3756,59.7488,102.2488
158.0000,613.5000,68.0000,153.0000
166.0000,614.5000,68.0000,153.0000
674.5945,151.8445,45.8110,88.3110
679.8024,143.0524,61.3953,103.8953
674.5611,135.3111,75.8778,118.3778
678.0774,149.3274,46.8452,89.3452
675.3542,147.1042,51.2916,93.7916
158.0000,628.5000,68.0000,153.0000
158.0000,628.5000,68.0000,153.0000
166.0000,628.5000,68.0000,153.0000
676.4961,148.2461,50.0078,92.5078
677.1010,152.8510,43.7980,86.2980
684.6822,146.4322,62.6356,105.1356
681.2159,144.9660,61.5681,104.0681
166.0000,628.5000,68.0000,153.0000
166.0000,628.5000,68.0000,153.0000
681.1699,156.4199,42.6603,85.1603
691.2917,149.0417,59.4165,101.9165
166.0000,642.5000,68.0000,153.0000
166.0000,642.5000,68.0000,153.0000
712.2918,155.0418,47.4164,89.9164
166.0000,672.5000,68.0000,153.0000
166.0000,642.5000,68.0000,153.0000
166.0000,672.5000,68.0000,153.0000
166.0000,672.5000,68.0000,153.0000
166.0000,628.5000,68.0000,153.0000
166.0000,642.5000,68.0000,153.0000
166.0000,672.5000,68.0000,153.0000
166.0000,701.5000,68.0000,153.0000
166.0000,672.5000,68.0000,153.0000
166.0000,642.5000,68.0000,153.0000
166.0000,642.5000,68.0000,153.0000
166.0000,628.5000,68.0000,153.0000
166.0000,642.5000,68.0000,153.0000
158.0000,628.5000,68.0000,153.0000
165.0000,628.5000,68.0000,153.0000
166.0000,628.5000,68.0000,153.0000
680.1699,158.4199,42.6603,85.1603
682.8024,146.0524,61.3953,103.8953
673.3542,146.1042,63.2916,105.7916
665.0525,148.3025,64.8950,107.3950
666.6835,144.4335,71.6331,114.1331
660.9114,145.1614,72.1772,114.6772
662.0129,149.2629,62.9741,105.4741
665.5560,142.8060,71.8880,114.3880
657.5219,144.7719,73.9562,116.4562
661.5189,144.7690,66.9621,109.4621
662.5703,138.8202,74.8595,117.3595
666.8770,140.6270,73.2460,115.7460
669.2014,139.9514,72.5973,115.0973
664.0000,139.2500,76.0000,118.5000
665.3923,137.6423,78.2154,120.7154
660.5081,147.2581,64.9839,107.4839
665.1713,145.9213,62.6575,105.1575
673.7712,146.0212,66.4577,108.9577
660.0759,144.3259,66.8481,109.3481
659.1376,136.3877,74.7247,117.2247
660.7564,152.5064,53.4872,95.9872
665.7750,148.5250,56.4499,98.9499
669.0583,146.8083,62.8834,105.3834
663.2109,143.4609,67.5783,110.0783
676.9290,149.1789,48.1421,90.6421
670.4881,149.2381,55.0238,97.5238
655.1218,149.3718,67.7565,110.2565
667.5798,156.8298,55.8403,98.3403
166.0000,613.5000,68.0000,153.0000
665.1263,165.3763,45.7473,88.2473
182.0000,614.5000,68.0000,153.0000
182.0000,614.5000,68.0000,153.0000
183.0000,614.5000,68.0000,153.0000
182.0000,614.5000,68.0000,153.0000
182.0000,628.5000,68.0000,153.0000
183.0000,628.5000,68.0000,153.0000
183.0000,614.5000,68.0000,153.0000
182.0000,628.5000,68.0000,153.0000
182.0000,628.5000,68.0000,153.0000
183.0000,614.5000,68.0000,153.0000
182.0000,614.5000,68.0000,153.0000
671.5000,168.2500,47.0000,89.5000
667.9584,175.2085,49.0831,91.5831
182.0000,614.5000,68.0000,153.0000
182.0000,614.5000,68.0000,153.0000
183.0000,614.5000,68.0000,153.0000
183.0000,614.5000,68.0000,153.0000
182.0000,613.5000,68.0000,153.0000
182.0000,628.5000,68.0000,153.0000
183.0000,614.5000,68.0000,153.0000
182.0000,628.5000,68.0000,153.0000
182.0000,628.5000,68.0000,153.0000
183.0000,614.5000,68.0000,153.0000
198.0000,614.5000,68.0000,153.0000
198.0000,613.5000,68.0000,153.0000
199.0000,614.5000,68.0000,153.0000
191.0000,613.5000,68.0000,153.0000
198.0000,614.5000,68.0000,153.0000
191.0000,614.5000,68.0000,153.0000
198.0000,614.5000,68.0000,153.0000
198.0000,614.5000,68.0000,153.0000
198.0000,614.5000,68.0000,153.0000
198.0000,614.5000,68.0000,153.0000
191.0000,614.5000,68.0000,153.0000
190.0000,628.5000,68.0000,153.0000
198.0000,614.5000,68.0000,153.0000
198.0000,614.5000,68.0000,153.0000
199.0000,614.5000,68.0000,153.0000
198.0000,614.5000,68.0000,153.0000
198.0000,642.5000,68.0000,153.0000
199.0000,642.5000,68.0000,153.0000
198.0000,643.5000,68.0000,153.0000
199.0000,671.5000,68.0000,153.0000
199.0000,672.5000,68.0000,153.0000
199.0000,672.5000,68.0000,153.0000
199.0000,672.5000,68.0000,153.0000
199.0000,642.5000,68.0000,153.0000
692.0139,197.2639,42.9722,85.4722
215.0000,672.5000,68.0000,153.0000
199.0000,701.5000,68.0000,153.0000
199.0000,671.5000,68.0000,153.0000
709.6004,193.3504,58.7992,101.2992
724.2917,195.0418,53.4165,95.9165
199.0000,701.5000,68.0000,153.0000
199.0000,729.5000,68.0000,153.0000
215.0000,730.5000,68.0000,153.0000
215.0000,730.5000,68.0000,153.0000
199.0000,730.5000,68.0000,153.0000
199.0000,730.5000,68.0000,153.0000
199.0000,730.5000,68.0000,153.0000
199.0000,729.5000,68.0000,153.0000
199.0000,730.5000,68.0000,153.0000
199.0000,730.5000,68.0000,153.0000
199.0000,730.5000,68.0000,153.0000
199.0000,730.5000,68.0000,153.0000
198.0000,730.5000,68.0000,153.0000
784.5078,189.2578,41.9844,84.4844
199.0000,730.5000,68.0000,153.0000
781.1265,184.3764,44.7471,87.2471
199.0000,730.5000,68.0000,153.0000
198.0000,730.5000,68.0000,153.0000
199.0000,730.5000,68.0000,153.0000
199.0000,730.5000,68.0000,153.0000
199.0000,730.5000,68.0000,153.0000
215.0000,730.5000,68.0000,153.0000
215.0000,730.5000,68.0000,153.0000
223.0000,715.5000,68.0000,153.0000
223.0000,643.5000,68.0000,153.0000
215.0000,628.5000,68.0000,153.0000
215.0000,628.5000,68.0000,153.0000
215.0000,628.5000,68.0000,153.0000
215.0000,628.5000,68.0000,153.0000
215.0000,628.5000,68.0000,153.0000
215.0000,628.5000,68.0000,153.0000
215.0000,628.5000,68.0000,153.0000
216.0000,628.5000,68.0000,153.0000
215.0000,628.5000,68.0000,153.0000
223.0000,657.5000,68.0000,153.0000
215.0000,672.5000,68.0000,153.0000
215.0000,628.5000,68.0000,153.0000
215.0000,672.5000,68.0000,153.0000
215.0000,672.5000,68.0000,153.0000
215.0000,628.5000,68.0000,153.0000
215.0000,672.5000,68.0000,153.0000
223.0000,672.5000,68.0000,153.0000
223.0000,672.5000,68.0000,153.0000
223.0000,671.5000,68.0000,153.0000
215.0000,672.5000,68.0000,153.0000
215.0000,628.5000,68.0000,153.0000
224.0000,643.5000,68.0000,153.0000
215.0000,628.5000,68.0000,153.0000
215.0000,628.5000,68.0000,153.0000
215.0000,628.5000,68.0000,153.0000
223.0000,642.5000,68.0000,153.0000
223.0000,642.5000,68.0000,153.0000
223.0000,628.5000,68.0000,153.0000
223.0000,642.5000,68.0000,153.0000
223.0000,628.5000,68.0000,153.0000
224.0000,642.5000,68.0000,153.0000
223.0000,657.5000,68.0000,153.0000
223.0000,657.5000,68.0000,153.0000
215.0000,672.5000,68.0000,153.0000
215.0000,672.5000,68.0000,153.0000
215.0000,672.5000,68.0000,153.0000
215.0000,628.5000,68.0000,153.0000
215.0000,672.5000,68.0000,153.0000
215.0000,628.5000,68.0000,153.0000
215.0000,628.5000,68.0000,153.0000
215.0000,628.5000,68.0000,153.0000
215.0000,614.5000,68.0000,153.0000
199.0000,642.5000,68.0000,153.0000
215.0000,614.5000,68.0000,153.0000
199.0000,643.5000,68.0000,153.0000
199.0000,672.5000,68.0000,153.0000
199.0000,671.5000,68.0000,153.0000
199.0000,672.5000,68.0000,153.0000
199.0000,642.5000,68.0000,153.0000
207.0000,628.5000,68.0000,153.0000
207.0000,628.5000,68.0000,153.0000
207.0000,628.5000,68.0000,153.0000
199.0000,614.5000,68.0000,153.0000
207.0000,628.5000,68.0000,153.0000
199.0000,614.5000,68.0000,153.0000
215.0000,614.5000,68.0000,153.0000
668.6809,195.9309,47.6382,90.1382
199.0000,613.5000,68.0000,153.0000
199.0000,613.5000,68.0000,153.0000
623.2767,187.5267,64.4467,106.9467
199.0000,613.5000,68.0000,153.0000
215.0000,613.5000,68.0000,153.0000
199.0000,613.5000,68.0000,153.0000
199.0000,613.5000,68.0000,153.0000
199.0000,613.5000,68.0000,153.0000
199.0000,613.5000,68.0000,153.0000
627.2084,189.4584,56.5832,99.0832
668.4133,190.6633,44.1735,86.6735
199.0000,613.5000,68.0000,153.0000
198.0000,613.5000,68.0000,153.0000
199.0000,613.5000,68.0000,153.0000
199.0000,613.5000,68.0000,153.0000
642.3542,176.1042,66.2916,108.7916
623.4670,178.2170,70.0659,112.5659
608.4333,178.1833,78.1333,120.6333
592.1504,168.9004,93.6992,136.1992
623.4401,169.6901,84.1199,126.6199
630.8134,171.5634,73.3732,115.8732
587.2339,165.9839,88.5321,131.0321
629.9206,167.6706,78.1588,120.6588
637.2133,169.4633,76.5735,119.0735
634.1434,167.8933,75.7133,118.2133
639.8132,164.0632,82.3735,124.8735
634.0000,166.7500,82.0000,124.5000
618.4814,164.7314,81.0372,123.5372
575.9164,160.6664,93.1671,135.6671
638.8909,160.6409,82.2183,124.7183
649.0189,159.2689,86.9622,129.4622
628.4592,163.7092,86.0817,128.5817
594.6546,168.9046,76.6908,119.1908
649.2197,156.9698,81.5605,124.0605
676.5417,150.7917,84.9166,127.4166
660.3235,153.5736,82.3529,124.8529
671.0253,158.7754,70.9493,113.4493
666.0939,153.3439,85.8122,128.3122
675.8036,151.0536,86.3927,128.8927
682.1534,149.9034,80.6931,123.1931
676.0963,150.3463,85.8073,128.3073
689.8641,152.6141,78.2719,120.7719
682.1882,151.4382,85.6236,128.1236
693.1743,156.9243,78.6514,121.1514
703.4584,158.7084,73.0832,115.5832
700.6795,159.4295,68.6410,111.1410
687.7199,158.4699,75.5602,118.0602
680.8222,156.5722,76.3556,118.8556
674.8502,154.6002,81.2996,123.7996
664.0192,149.7692,85.9615,128.4615
686.2516,155.0016,73.4968,115.9968
669.9918,154.2419,80.0163,122.5163
655.7668,151.5168,82.4665,124.9665
661.3722,152.1222,73.2556,115.7556
656.4141,150.6640,79.1719,121.6719
646.0173,150.7673,80.9654,123.4654
651.6447,150.8946,85.7107,128.2107
658.8826,151.1326,85.2348,127.7348
680.3221,154.0721,83.3559,125.8559
657.2310,148.9810,86.5381,129.0381
659.2366,149.4866,85.5267,128.0267
624.6894,147.4394,85.6212,128.1212
665.3306,149.5806,84.3389,126.8389
685.8323,158.5823,67.3354,109.8354
673.8694,152.1194,76.2611,118.7611
640.6662,158.9162,64.6676,107.1676
655.4376,155.6876,76.1248,118.6248
654.7587,163.0087,55.4826,97.9826
688.5871,152.8371,79.8258,122.3258
182.0000,700.5000,68.0000,153.0000
174.0000,628.5000,68.0000,153.0000
681.7178,163.4678,49.5644,92.0644
166.0000,701.5000,68.0000,153.0000
166.0000,701.5000,68.0000,153.0000
174.0000,599.5000,68.0000,153.0000
166.0000,729.5000,68.0000,153.0000
182.0000,686.5000,68.0000,153.0000
166.0000,729.5000,68.0000,153.0000
174.0000,453.5000,68.0000,153.0000
166.0000,512.5000,68.0000,153.0000
166.0000,730.5000,68.0000,153.0000
166.0000,730.5000,68.0000,153.0000
166.0000,453.5000,68.0000,153.0000
509.7250,163.9751,46.5499,89.0499
166.0000,454.5000,68.0000,153.0000
514.7322,156.4822,58.5357,101.0357
787.8865,164.1365,46.2270,88.7270
166.0000,454.5000,68.0000,153.0000
765.4532,158.2032,62.0936,104.5936
768.1058,154.3558,65.7884,108.2884
780.9584,161.2085,49.0831,91.5831
166.0000,730.5000,68.0000,153.0000
166.0000,730.5000,68.0000,153.0000
182.0000,730.5000,68.0000,153.0000
766.4169,157.1669,67.1662,109.6662
765.5313,157.7813,65.9374,108.4374
757.2072,156.9571,67.5857,110.0857
166.0000,729.5000,68.0000,153.0000
751.4169,159.1669,61.1662,103.6662
754.0627,161.3127,55.8746,98.3746
746.1674,152.9174,69.6651,112.1651
770.9503,161.7002,44.0995,86.5995
739.0121,158.2621,64.9758,107.4758
735.5683,156.3183,66.8633,109.3633
718.9021,154.6521,62.1957,104.6957
627.6978,154.9478,61.6043,104.1043
166.0000,526.5000,68.0000,153.0000
166.0000,570.5000,68.0000,153.0000
166.0000,526.5000,68.0000,153.0000
166.0000,526.5000,68.0000,153.0000
166.0000,526.5000,68.0000,153.0000
166.0000,642.5000,68.0000,153.0000
569.7521,154.0021,63.4958,105.9958
166.0000,729.5000,68.0000,153.0000
166.0000,526.5000,68.0000,153.0000
575.5578,148.3078,72.8844,115.3844
612.3953,157.1453,53.2094,95.7094
166.0000,584.5000,68.0000,153.0000
166.0000,700.5000,68.0000,153.0000
166.0000,730.5000,68.0000,153.0000
782.8162,161.5663,43.3675,85.8675
166.0000,686.5000,68.0000,153.0000
166.0000,672.5000,68.0000,153.0000
714.2212,154.4712,53.5576,96.0576
663.7952,156.0452,46.4097,88.9097
652.2698,147.5197,62.4605,104.9605
649.1425,139.3925,77.7150,120.2150
648.3146,138.0646,81.3709,123.8709
632.3206,132.0706,92.3588,134.8588
615.4376,141.6876,72.1248,114.6248
166.0000,584.5000,68.0000,153.0000
626.1884,141.9384,72.6232,115.1232
594.7386,142.9886,61.5227,104.0227
158.0000,541.5000,68.0000,153.0000
166.0000,569.5000,68.0000,153.0000
158.0000,541.5000,68.0000,153.0000
166.0000,570.5000,68.0000,153.0000
166.0000,584.5000,68.0000,153.0000
166.0000,701.5000,68.0000,153.0000
166.0000,642.5000,68.0000,153.0000
166.0000,700.5000,68.0000,153.0000
166.0000,584.5000,68.0000,153.0000
166.0000,570.5000,68.0000,153.0000
632.1596,147.9096,50.6808,93.1808
626.0078,141.2578,65.9844,108.4844
166.0000,700.5000,68.0000,153.0000
638.1986,139.4486,59.6027,102.1027
150.0000,628.5000,68.0000,153.0000
641.8152,128.0653,69.3695,111.8695
150.0000,686.5000,68.0000,153.0000
150.0000,686.5000,68.0000,153.0000
726.1707,131.9207,61.6586,104.1586
719.8973,129.1474,68.2053,110.7053
715.4424,127.6924,73.1152,115.6152
699.5895,128.8395,75.8210,118.3210
157.0000,715.5000,68.0000,153.0000
149.0000,453.5000,68.0000,153.0000
150.0000,686.5000,68.0000,153.0000
150.0000,686.5000,68.0000,153.0000
149.0000,453.5000,68.0000,153.0000
150.0000,730.5000,68.0000,153.0000
489.6458,136.8959,52.7083,95.2083
492.0683,124.8183,77.8634,120.3634
482.0896,132.8396,61.8209,104.3209
149.0000,453.5000,68.0000,153.0000
490.0462,133.2962,52.9077,95.4077
149.0000,453.5000,68.0000,153.0000
499.2834,134.0334,56.4332,98.9332
495.5147,137.2647,50.9706,93.4706
149.0000,453.5000,68.0000,153.0000
149.0000,453.5000,68.0000,153.0000
149.0000,453.5000,68.0000,153.0000
133.0000,729.5000,68.0000,153.0000
134.0000,729.5000,68.0000,153.0000
133.0000,729.5000,68.0000,153.0000
149.0000,729.5000,68.0000,153.0000
134.0000,701.5000,68.0000,153.0000
134.0000,729.5000,68.0000,153.0000
488.2917,132.0418,53.4165,95.9165
149.0000,453.5000,68.0000,153.0000
149.0000,686.5000,68.0000,153.0000
712.6258,132.8758,53.7484,96.2484
149.0000,700.5000,68.0000,153.0000
149.0000,729.5000,68.0000,153.0000
759.4518,130.2018,56.0964,98.5964
134.0000,729.5000,68.0000,153.0000
783.5045,135.2545,47.9911,90.4911
776.4083,132.1583,53.1833,95.6833
134.0000,729.5000,68.0000,153.0000
149.0000,729.5000,68.0000,153.0000
150.0000,730.5000,68.0000,153.0000
150.0000,730.5000,68.0000,153.0000
150.0000,730.5000,68.0000,153.0000
150.0000,686.5000,68.0000,153.0000
150.0000,686.5000,68.0000,153.0000
150.0000,686.5000,68.0000,153.0000
157.0000,686.5000,68.0000,153.0000
150.0000,729.5000,68.0000,153.0000
157.0000,729.5000,68.0000,153.0000
157.0000,729.5000,68.0000,153.0000
157.0000,729.5000,68.0000,153.0000
157.0000,730.5000,68.0000,153.0000
158.0000,730.5000,68.0000,153.0000
158.0000,730.5000,68.0000,153.0000
158.0000,730.5000,68.0000,153.0000
758.0250,141.2750,63.9500,106.4500
166.0000,730.5000,68.0000,153.0000
749.2538,141.0038,66.4923,108.9923
772.3964,146.6464,52.2071,94.7071
782.2795,154.0295,42.4410,84.9410
166.0000,730.5000,68.0000,153.0000
764.4532,146.2032,62.0936,104.5936
757.8229,142.5729,73.3542,115.8542
770.8481,146.0981,61.3038,103.8038
769.0000,149.2500,52.0000,94.5000
764.5156,152.2656,53.9687,96.4687
760.3328,154.5827,57.3345,99.8345
753.9127,146.6627,69.1746,111.6746
740.3821,147.6321,71.2357,113.7357
752.1010,153.8510,56.7980,99.2980
754.9673,152.7173,55.0654,97.5654
490.1120,155.8620,56.7761,99.2761
764.1536,151.4037,60.6927,103.1927
775.8765,160.6265,44.2470,86.7469
166.0000,453.5000,68.0000,153.0000
733.4886,156.7386,56.0227,98.5227
497.8998,161.6498,47.2004,89.7004
750.1763,157.4262,58.6475,101.1475
759.5217,159.2717,59.9567,102.4567
503.9377,165.6877,50.1245,92.6245
780.8902,166.1402,43.2195,85.7195
182.0000,730.5000,68.0000,153.0000
182.0000,730.5000,68.0000,153.0000
166.0000,730.5000,68.0000,153.0000
763.8792,169.1292,67.2415,109.7415
198.0000,730.5000,68.0000,153.0000
199.0000,730.5000,68.0000,153.0000
215.0000,730.5000,68.0000,153.0000
199.0000,730.5000,68.0000,153.0000
215.0000,730.5000,68.0000,153.0000
231.0000,730.5000,68.0000,153.0000
224.0000,730.5000,68.0000,153.0000
232.0000,730.5000,68.0000,153.0000
232.0000,730.5000,68.0000,153.0000
232.0000,730.5000,68.0000,153.0000
640.3798,208.1298,63.2404,105.7404
232.0000,846.5000,68.0000,153.0000
231.0000,584.5000,68.0000,153.0000
231.0000,584.5000,68.0000,153.0000
663.3115,215.0615,60.3771,102.8771
640.3810,212.1310,57.2379,99.7379
644.0217,205.7717,79.9565,122.4565
664.5501,220.8001,53.8997,96.3997
231.0000,584.5000,68.0000,153.0000
231.0000,584.5000,68.0000,153.0000
620.9362,210.1861,77.1277,119.6277
612.1339,216.8839,63.7321,106.2321
631.7724,216.5224,67.4552,109.9552
248.0000,686.5000,68.0000,153.0000
232.0000,701.5000,68.0000,153.0000
232.0000,730.5000,68.0000,153.0000
232.0000,817.5000,68.0000,153.0000
232.0000,730.5000,68.0000,153.0000
248.0000,730.5000,68.0000,153.0000
248.0000,730.5000,68.0000,153.0000
264.0000,730.5000,68.0000,153.0000
248.0000,730.5000,68.0000,153.0000
248.0000,730.5000,68.0000,153.0000
256.0000,730.5000,68.0000,153.0000
784.8870,236.6369,56.2261,98.7261
264.0000,730.5000,68.0000,153.0000
264.0000,730.5000,68.0000,153.0000
248.0000,453.5000,68.0000,153.0000
264.0000,730.5000,68.0000,153.0000
264.0000,730.5000,68.0000,153.0000
264.0000,730.5000,68.0000,153.0000
606.0000,283.5000,68.0000,153.0000
264.0000,468.5000,68.0000,153.0000
264.0000,467.5000,68.0000,153.0000
264.0000,526.5000,68.0000,153.0000
280.0000,730.5000,68.0000,153.0000
280.0000,730.5000,68.0000,153.0000
281.0000,730.5000,68.0000,153.0000
281.0000,730.5000,68.0000,153.0000
281.0000,730.5000,68.0000,153.0000
281.0000,730.5000,68.0000,153.0000
297.0000,730.5000,68.0000,153.0000
289.0000,730.5000,68.0000,153.0000
289.0000,730.5000,68.0000,153.0000
289.0000,729.5000,68.0000,153.0000
296.0000,730.5000,68.0000,153.0000
296.0000,730.5000,68.0000,153.0000
296.0000,730.5000,68.0000,153.0000
289.0000,729.5000,68.0000,153.0000
296.0000,730.5000,68.0000,153.0000
296.0000,730.5000,68.0000,153.0000
297.0000,584.5000,68.0000,153.0000
297.0000,584.5000,68.0000,153.0000
297.0000,817.5000,68.0000,153.0000
297.0000,584.5000,68.0000,153.0000
297.0000,584.5000,68.0000,153.0000
297.0000,730.5000,68.0000,153.0000
297.0000,817.5000,68.0000,153.0000
297.0000,817.5000,68.0000,153.0000
289.0000,1006.5000,68.0000,153.0000
297.0000,817.5000,68.0000,153.0000
289.0000,730.5000,68.0000,153.0000
289.0000,730.5000,68.0000,153.0000
296.0000,730.5000,68.0000,153.0000
297.0000,468.5000,68.0000,153.0000
297.0000,730.5000,68.0000,153.0000
297.0000,526.5000,68.0000,153.0000
297.0000,468.5000,68.0000,153.0000
297.0000,468.5000,68.0000,153.0000
297.0000,526.5000,68.0000,153.0000
297.0000,453.5000,68.0000,153.0000
297.0000,526.5000,68.0000,153.0000
606.0000,283.5000,68.0000,153.0000
297.0000,526.5000,68.0000,153.0000
606.0000,283.5000,68.0000,153.0000
606.0000,283.5000,68.0000,153.0000
256.0000,1006.5000,68.0000,153.0000
606.0000,283.5000,68.0000,153.0000
289.0000,1006.5000,68.0000,153.0000
606.0000,283.5000,68.0000,153.0000
606.0000,283.5000,68.0000,153.0000
606.0000,283.5000,68.0000,153.0000
606.0000,283.5000,68.0000,153.0000
297.0000,613.5000,68.0000,153.0000
297.0000,584.5000,68.0000,153.0000
606.0000,283.5000,68.0000,153.0000
606.0000,283.5000,68.0000,153.0000
606.0000,283.5000,68.0000,153.0000
606.0000,283.5000,68.0000,153.0000
606.0000,283.5000,68.0000,153.0000
606.0000,283.5000,68.0000,153.0000
297.0000,730.5000,68.0000,153.0000
297.0000,730.5000,68.0000,153.0000
297.0000,730.5000,68.0000,153.0000
297.0000,730.5000,68.0000,153.0000
297.0000,730.5000,68.0000,153.0000
297.0000,730.5000,68.0000,153.0000
297.0000,730.5000,68.0000,153.0000
297.0000,730.5000,68.0000,153.0000
297.0000,730.5000,68.0000,153.0000
297.0000,730.5000,68.0000,153.0000
297.0000,701.5000,68.0000,153.0000
297.0000,730.5000,68.0000,153.0000
606.0000,283.5000,68.0000,153.0000
297.0000,701.5000,68.0000,153.0000
297.0000,701.5000,68.0000,153.0000
297.0000,701.5000,68.0000,153.0000
297.0000,701.5000,68.0000,153.0000
297.0000,701.5000,68.0000,153.0000
297.0000,642.5000,68.0000,153.0000
297.0000,933.5000,68.0000,153.0000
606.0000,283.5000,68.0000,153.0000
297.0000,730.5000,68.0000,153.0000
297.0000,701.5000,68.0000,153.0000
297.0000,701.5000,68.0000,153.0000
297.0000,701.5000,68.0000,153.0000
297.0000,730.5000,68.0000,153.0000
297.0000,701.5000,68.0000,153.0000
606.0000,283.5000,68.0000,153.0000
606.0000,283.5000,68.0000,153.0000
606.0000,283.5000,68.0000,153.0000
297.0000,701.5000,68.0000,153.0000
297.0000,962.5000,68.0000,153.0000
297.0000,933.5000,68.0000,153.0000
297.0000,933.5000,68.0000,153.0000
297.0000,730.5000,68.0000,153.0000
297.0000,730.5000,68.0000,153.0000
297.0000,962.5000,68.0000,153.0000
297.0000,730.5000,68.0000,153.0000
297.0000,962.5000,68.0000,153.0000
297.0000,962.5000,68.0000,153.0000
297.0000,962.5000,68.0000,153.0000
297.0000,962.5000,68.0000,153.0000
297.0000,962.5000,68.0000,153.0000
297.0000,962.5000,68.0000,153.0000
297.0000,730.5000,68.0000,153.0000
297.0000,730.5000,68.0000,153.0000
313.0000,962.5000,68.0000,153.0000
297.0000,962.5000,68.0000,153.0000
297.0000,962.5000,68.0000,153.0000
297.0000,730.5000,68.0000,153.0000
297.0000,962.5000,68.0000,153.0000
297.0000,962.5000,68.0000,153.0000
297.0000,962.5000,68.0000,153.0000
297.0000,962.5000,68.0000,153.0000
297.0000,962.5000,68.0000,153.0000
297.0000,962.5000,68.0000,153.0000
297.0000,962.5000,68.0000,153.0000
297.0000,962.5000,68.0000,153.0000
313.0000,962.5000,68.0000,153.0000
297.0000,962.5000,68.0000,153.0000
297.0000,962.5000,68.0000,153.0000
297.0000,962.5000,68.0000,153.0000
297.0000,962.5000,68.0000,153.0000
297.0000,962.5000,68.0000,153.0000
297.0000,962.5000,68.0000,153.0000
313.0000,962.5000,68.0000,153.0000
297.0000,962.5000,68.0000,153.0000
313.0000,962.5000,68.0000,153.0000
313.0000,962.5000,68.0000,153.0000
297.0000,962.5000,68.0000,153.0000
313.0000,730.5000,68.0000,153.0000
297.0000,730.5000,68.0000,153.0000
313.0000,730.5000,68.0000,153.0000
297.0000,730.5000,68.0000,153.0000
313.0000,730.5000,68.0000,153.0000
297.0000,730.5000,68.0000,153.0000
297.0000,730.5000,68.0000,153.0000
297.0000,730.5000,68.0000,153.0000
296.0000,730.5000,68.0000,153.0000
297.0000,730.5000,68.0000,153.0000
297.0000,730.5000,68.0000,153.0000
778.7500,283.5000,51.5000,94.0000
758.8798,279.1298,63.2404,105.7404
769.1064,281.8565,56.7871,99.2871
297.0000,730.5000,68.0000,153.0000
297.0000,701.5000,68.0000,153.0000
297.0000,730.5000,68.0000,153.0000
297.0000,730.5000,68.0000,153.0000
757.4801,287.2301,56.0397,98.5397
297.0000,730.5000,68.0000,153.0000
297.0000,730.5000,68.0000,153.0000
297.0000,730.5000,68.0000,153.0000
297.0000,729.5000,68.0000,153.0000
297.0000,730.5000,68.0000,153.0000
296.0000,730.5000,68.0000,153.0000
297.0000,730.5000,68.0000,153.0000
297.0000,730.5000,68.0000,153.0000
296.0000,730.5000,68.0000,153.0000
289.0000,729.5000,68.0000,153.0000
297.0000,584.5000,68.0000,153.0000
296.0000,730.5000,68.0000,153.0000
289.0000,729.5000,68.0000,153.0000
297.0000,701.5000,68.0000,153.0000
297.0000,730.5000,68.0000,153.0000
297.0000,730.5000,68.0000,153.0000
297.0000,730.5000,68.0000,153.0000
297.0000,730.5000,68.0000,153.0000
297.0000,730.5000,68.0000,153.0000
297.0000,730.5000,68.0000,153.0000
297.0000,730.5000,68.0000,153.0000
297.0000,730.5000,68.0000,153.0000
297.0000,730.5000,68.0000,153.0000
297.0000,730.5000,68.0000,153.0000
297.0000,730.5000,68.0000,153.0000
297.0000,730.5000,68.0000,153.0000
297.0000,642.5000,68.0000,153.0000
297.0000,613.5000,68.0000,153.0000
297.0000,613.5000,68.0000,153.0000
297.0000,613.5000,68.0000,153.0000
297.0000,613.5000,68.0000,153.0000
297.0000,613.5000,68.0000,153.0000
297.0000,614.5000,68.0000,153.0000
297.0000,729.5000,68.0000,153.0000
297.0000,701.5000,68.0000,153.0000
297.0000,614.5000,68.0000,153.0000
297.0000,701.5000,68.0000,153.0000
297.0000,729.5000,68.0000,153.0000
297.0000,729.5000,68.0000,153.0000
297.0000,730.5000,68.0000,153.0000
297.0000,729.5000,68.0000,153.0000
297.0000,701.5000,68.0000,153.0000
297.0000,730.5000,68.0000,153.0000
297.0000,730.5000,68.0000,153.0000
297.0000,730.5000,68.0000,153.0000
297.0000,730.5000,68.0000,153.0000
297.0000,729.5000,68.0000,153.0000
297.0000,729.5000,68.0000,153.0000
297.0000,730.5000,68.0000,153.0000
297.0000,729.5000,68.0000,153.0000
297.0000,701.5000,68.0000,153.0000
297.0000,701.5000,68.0000,153.0000
297.0000,642.5000,68.0000,153.0000
297.0000,730.5000,68.0000,153.0000
297.0000,730.5000,68.0000,153.0000
297.0000,730.5000,68.0000,153.0000
297.0000,729.5000,68.0000,153.0000
297.0000,701.5000,68.0000,153.0000
297.0000,701.5000,68.0000,153.0000
297.0000,613.5000,68.0000,153.0000
297.0000,642.5000,68.0000,153.0000
297.0000,701.5000,68.0000,153.0000
297.0000,730.5000,68.0000,153.0000
297.0000,730.5000,68.0000,153.0000
297.0000,730.5000,68.0000,153.0000
297.0000,729.5000,68.0000,153.0000
297.0000,729.5000,68.0000,153.0000
297.0000,730.5000,68.0000,153.0000
297.0000,730.5000,68.0000,153.0000
297.0000,730.5000,68.0000,153.0000
297.0000,701.5000,68.0000,153.0000
297.0000,730.5000,68.0000,153.0000
297.0000,730.5000,68.0000,153.0000
297.0000,730.5000,68.0000,153.0000
297.0000,730.5000,68.0000,153.0000
297.0000,730.5000,68.0000,153.0000
297.0000,730.5000,68.0000,153.0000
313.0000,730.5000,68.0000,153.0000
297.0000,730.5000,68.0000,153.0000
297.0000,730.5000,68.0000,153.0000
313.0000,730.5000,68.0000,153.0000
313.0000,730.5000,68.0000,153.0000
314.0000,730.5000,68.0000,153.0000
606.0000,283.5000,68.0000,153.0000
606.0000,283.5000,68.0000,153.0000
313.0000,730.5000,68.0000,153.0000
297.0000,730.5000,68.0000,153.0000
297.0000,730.5000,68.0000,153.0000
606.0000,283.5000,68.0000,153.0000
297.0000,730.5000,68.0000,153.0000
297.0000,730.5000,68.0000,153.0000
297.0000,730.5000,68.0000,153.0000
313.0000,730.5000,68.0000,153.0000
297.0000,933.5000,68.0000,153.0000
313.0000,730.5000,68.0000,153.0000
606.0000,283.5000,68.0000,153.0000
297.0000,730.5000,68.0000,153.0000
297.0000,614.5000,68.0000,153.0000
297.0000,454.5000,68.0000,153.0000
297.0000,584.5000,68.0000,153.0000
305.0000,570.5000,68.0000,153.0000
297.0000,584.5000,68.0000,153.0000
638.5089,286.7589,61.9821,104.4821
630.9792,287.7292,55.0416,97.5416
297.0000,585.5000,68.0000,153.0000
297.0000,584.5000,68.0000,153.0000
297.0000,584.5000,68.0000,153.0000
297.0000,613.5000,68.0000,153.0000
297.0000,584.5000,68.0000,153.0000
297.0000,409.5000,68.0000,153.0000
297.0000,409.5000,68.0000,153.0000
297.0000,409.5000,68.0000,153.0000
297.0000,409.5000,68.0000,153.0000
297.0000,409.5000,68.0000,153.0000
297.0000,396.5000,68.0000,153.0000
297.0000,396.5000,68.0000,153.0000
606.0000,283.5000,68.0000,153.0000
606.0000,283.5000,68.0000,153.0000
297.0000,396.5000,68.0000,153.0000
297.0000,396.5000,68.0000,153.0000
297.0000,396.5000,68.0000,153.0000
297.0000,410.5000,68.0000,153.0000
297.0000,409.5000,68.0000,153.0000
289.0000,613.5000,68.0000,153.0000
297.0000,409.5000,68.0000,153.0000
297.0000,701.5000,68.0000,153.0000
297.0000,409.5000,68.0000,153.0000
297.0000,613.5000,68.0000,153.0000
297.0000,613.5000,68.0000,153.0000
297.0000,613.5000,68.0000,153.0000
297.0000,613.5000,68.0000,153.0000
289.0000,613.5000,68.0000,153.0000
288.0000,613.5000,68.0000,153.0000
289.0000,613.5000,68.0000,153.0000
289.0000,613.5000,68.0000,153.0000
289.0000,613.5000,68.0000,153.0000
297.0000,730.5000,68.0000,153.0000
297.0000,730.5000,68.0000,153.0000
297.0000,730.5000,68.0000,153.0000
289.0000,730.5000,68.0000,153.0000
289.0000,730.5000,68.0000,153.0000
289.0000,730.5000,68.0000,153.0000
289.0000,730.5000,68.0000,153.0000
289.0000,730.5000,68.0000,153.0000
296.0000,730.5000,68.0000,153.0000
297.0000,730.5000,68.0000,153.0000
289.0000,730.5000,68.0000,153.0000
289.0000,730.5000,68.0000,153.0000
289.0000,730.5000,68.0000,153.0000
288.0000,730.5000,68.0000,153.0000
288.0000,730.5000,68.0000,153.0000
281.0000,730.5000,68.0000,153.0000
281.0000,730.5000,68.0000,153.0000
281.0000,730.5000,68.0000,153.0000
281.0000,730.5000,68.0000,153.0000
281.0000,730.5000,68.0000,153.0000
281.0000,730.5000,68.0000,153.0000
281.0000,730.5000,68.0000,153.0000
281.0000,730.5000,68.0000,153.0000
281.0000,730.5000,68.0000,153.0000
281.0000,729.5000,68.0000,153.0000
289.0000,716.5000,68.0000,153.0000
288.0000,715.5000,68.0000,153.0000
289.0000,729.5000,68.0000,153.0000
288.0000,613.5000,68.0000,153.0000
288.0000,613.5000,68.0000,153.0000
281.0000,730.5000,68.0000,153.0000
281.0000,672.5000,68.0000,153.0000
281.0000,672.5000,68.0000,153.0000
281.0000,730.5000,68.0000,153.0000
281.0000,730.5000,68.0000,153.0000
281.0000,730.5000,68.0000,153.0000
281.0000,730.5000,68.0000,153.0000
281.0000,614.5000,68.0000,153.0000
281.0000,614.5000,68.0000,153.0000
281.0000,614.5000,68.0000,153.0000
281.0000,614.5000,68.0000,153.0000
281.0000,642.5000,68.0000,153.0000
280.0000,642.5000,68.0000,153.0000
281.0000,642.5000,68.0000,153.0000
281.0000,672.5000,68.0000,153.0000
281.0000,672.5000,68.0000,153.0000
281.0000,614.5000,68.0000,153.0000
281.0000,730.5000,68.0000,153.0000
281.0000,730.5000,68.0000,153.0000
281.0000,730.5000,68.0000,153.0000
281.0000,730.5000,68.0000,153.0000
281.0000,730.5000,68.0000,153.0000
281.0000,730.5000,68.0000,153.0000
281.0000,730.5000,68.0000,153.0000
281.0000,730.5000,68.0000,153.0000
281.0000,730.5000,68.0000,153.0000
281.0000,730.5000,68.0000,153.0000
281.0000,788.5000,68.0000,153.0000
281.0000,759.5000,68.0000,153.0000
281.0000,788.5000,68.0000,153.0000
281.0000,788.5000,68.0000,153.0000
297.0000,817.5000,68.0000,153.0000
281.0000,730.5000,68.0000,153.0000
297.0000,817.5000,68.0000,153.0000
288.0000,730.5000,68.0000,153.0000
297.0000,817.5000,68.0000,153.0000
313.0000,962.5000,68.0000,153.0000
297.0000,962.5000,68.0000,153.0000
297.0000,962.5000,68.0000,153.0000
297.0000,846.5000,68.0000,153.0000
288.0000,730.5000,68.0000,153.0000
288.0000,729.5000,68.0000,153.0000
297.0000,817.5000,68.0000,153.0000
297.0000,846.5000,68.0000,153.0000
297.0000,846.5000,68.0000,153.0000
297.0000,846.5000,68.0000,153.0000
288.0000,846.5000,68.0000,153.0000
281.0000,846.5000,68.0000,153.0000
297.0000,962.5000,68.0000,153.0000
288.0000,962.5000,68.0000,153.0000
297.0000,962.5000,68.0000,153.0000
313.0000,962.5000,68.0000,153.0000
296.0000,962.5000,68.0000,153.0000
264.0000,962.5000,68.0000,153.0000
264.0000,962.5000,68.0000,153.0000
264.0000,933.5000,68.0000,153.0000
264.0000,933.5000,68.0000,153.0000
248.0000,962.5000,68.0000,153.0000
248.0000,962.5000,68.0000,153.0000
264.0000,962.5000,68.0000,153.0000
232.0000,962.5000,68.0000,153.0000
248.0000,962.5000,68.0000,153.0000
248.0000,962.5000,68.0000,153.0000
264.0000,933.5000,68.0000,153.0000
248.0000,962.5000,68.0000,153.0000
231.0000,962.5000,68.0000,153.0000
232.0000,962.5000,68.0000,153.0000
248.0000,962.5000,68.0000,153.0000
231.0000,962.5000,68.0000,153.0000
248.0000,962.5000,68.0000,153.0000
264.0000,962.5000,68.0000,153.0000
264.0000,962.5000,68.0000,153.0000
248.0000,962.5000,68.0000,153.0000
264.0000,962.5000,68.0000,153.0000
264.0000,962.5000,68.0000,153.0000
264.0000,962.5000,68.0000,153.0000
248.0000,962.5000,68.0000,153.0000
248.0000,962.5000,68.0000,153.0000
248.0000,962.5000,68.0000,153.0000
232.0000,962.5000,68.0000,153.0000
248.0000,962.5000,68.0000,153.0000
231.0000,962.5000,68.0000,153.0000
248.0000,962.5000,68.0000,153.0000
248.0000,962.5000,68.0000,153.0000
232.0000,962.5000,68.0000,153.0000
232.0000,962.5000,68.0000,153.0000
232.0000,962.5000,68.0000,153.0000
232.0000,962.5000,68.0000,153.0000
248.0000,962.5000,68.0000,153.0000
232.0000,934.5000,68.0000,153.0000
232.0000,962.5000,68.0000,153.0000
232.0000,962.5000,68.0000,153.0000
248.0000,962.5000,68.0000,153.0000
231.0000,962.5000,68.0000,153.0000
231.0000,962.5000,68.0000,153.0000
231.0000,962.5000,68.0000,153.0000
248.0000,962.5000,68.0000,153.0000
248.0000,846.5000,68.0000,153.0000
248.0000,846.5000,68.0000,153.0000
248.0000,846.5000,68.0000,153.0000
248.0000,846.5000,68.0000,153.0000
248.0000,846.5000,68.0000,153.0000
248.0000,846.5000,68.0000,153.0000
248.0000,846.5000,68.0000,153.0000
248.0000,846.5000,68.0000,153.0000
248.0000,846.5000,68.0000,153.0000
248.0000,846.5000,68.0000,153.0000
248.0000,846.5000,68.0000,153.0000
232.0000,730.5000,68.0000,153.0000
232.0000,730.5000,68.0000,153.0000
231.0000,730.5000,68.0000,153.0000
231.0000,729.5000,68.0000,153.0000
231.0000,730.5000,68.0000,153.0000
231.0000,730.5000,68.0000,153.0000
231.0000,730.5000,68.0000,153.0000
231.0000,730.5000,68.0000,153.0000
231.0000,730.5000,68.0000,153.0000
231.0000,730.5000,68.0000,153.0000
231.0000,730.5000,68.0000,153.0000
231.0000,730.5000,68.0000,153.0000
231.0000,730.5000,68.0000,153.0000
231.0000,730.5000,68.0000,153.0000
231.0000,730.5000,68.0000,153.0000
231.0000,730.5000,68.0000,153.0000
223.0000,744.5000,68.0000,153.0000
223.0000,730.5000,68.0000,153.0000
223.0000,730.5000,68.0000,153.0000
215.0000,730.5000,68.0000,153.0000
215.0000,730.5000,68.0000,153.0000
223.0000,730.5000,68.0000,153.0000
215.0000,730.5000,68.0000,153.0000
215.0000,730.5000,68.0000,153.0000
215.0000,730.5000,68.0000,153.0000
215.0000,730.5000,68.0000,153.0000
199.0000,730.5000,68.0000,153.0000
215.0000,730.5000,68.0000,153.0000
215.0000,730.5000,68.0000,153.0000
199.0000,730.5000,68.0000,153.0000
215.0000,730.5000,68.0000,153.0000
215.0000,730.5000,68.0000,153.0000
199.0000,730.5000,68.0000,153.0000
199.0000,730.5000,68.0000,153.0000
199.0000,730.5000,68.0000,153.0000
199.0000,730.5000,68.0000,153.0000
199.0000,730.5000,68.0000,153.0000
198.0000,730.5000,68.0000,153.0000
215.0000,730.5000,68.0000,153.0000
199.0000,730.5000,68.0000,153.0000
199.0000,730.5000,68.0000,153.0000
199.0000,730.5000,68.0000,153.0000
215.0000,730.5000,68.0000,153.0000
199.0000,730.5000,68.0000,153.0000
215.0000,730.5000,68.0000,153.0000
199.0000,526.5000,68.0000,153.0000
199.0000,555.5000,68.0000,153.0000
191.0000,541.5000,68.0000,153.0000
198.0000,526.5000,68.0000,153.0000
166.0000,468.5000,68.0000,153.0000
183.0000,614.5000,68.0000,153.0000
182.0000,453.5000,68.0000,153.0000
199.0000,643.5000,68.0000,153.0000
199.0000,642.5000,68.0000,153.0000
183.0000,453.5000,68.0000,153.0000
484.7380,163.4880,70.5240,113.0240
182.0000,453.5000,68.0000,153.0000
183.0000,614.5000,68.0000,153.0000
182.0000,453.5000,68.0000,153.0000
182.0000,453.5000,68.0000,153.0000
182.0000,453.5000,68.0000,153.0000
182.0000,453.5000,68.0000,153.0000
182.0000,453.5000,68.0000,153.0000
182.0000,453.5000,68.0000,153.0000
182.0000,570.5000,68.0000,153.0000
182.0000,512.5000,68.0000,153.0000
182.0000,614.5000,68.0000,153.0000
182.0000,672.5000,68.0000,153.0000
166.0000,526.5000,68.0000,153.0000
166.0000,526.5000,68.0000,153.0000
546.7116,155.4616,53.5768,96.0768
166.0000,497.5000,68.0000,153.0000
182.0000,729.5000,68.0000,153.0000
166.0000,730.5000,68.0000,153.0000
166.0000,729.5000,68.0000,153.0000
166.0000,730.5000,68.0000,153.0000
166.0000,730.5000,68.0000,153.0000
166.0000,730.5000,68.0000,153.0000
166.0000,511.5000,68.0000,153.0000
166.0000,468.5000,68.0000,153.0000
166.0000,730.5000,68.0000,153.0000
166.0000,730.5000,68.0000,153.0000
166.0000,730.5000,68.0000,153.0000
166.0000,730.5000,68.0000,153.0000
166.0000,730.5000,68.0000,153.0000
166.0000,730.5000,68.0000,153.0000
166.0000,730.5000,68.0000,153.0000
166.0000,730.5000,68.0000,153.0000
166.0000,730.5000,68.0000,153.0000
166.0000,730.5000,68.0000,153.0000
166.0000,730.5000,68.0000,153.0000
166.0000,730.5000,68.0000,153.0000
166.0000,730.5000,68.0000,153.0000
166.0000,730.5000,68.0000,153.0000
166.0000,730.5000,68.0000,153.0000
166.0000,730.5000,68.0000,153.0000
783.3542,158.6042,45.2916,87.7916
166.0000,730.5000,68.0000,153.0000
182.0000,730.5000,68.0000,153.0000
182.0000,729.5000,68.0000,153.0000
182.0000,730.5000,68.0000,153.0000
182.0000,686.5000,68.0000,153.0000
775.4466,160.6966,55.1069,97.6069
