1
352.0000,106.5000,22.0000,63.0000
352.0000,106.5000,22.0000,63.0000
345.0000,106.5000,22.0000,63.0000
254.0000,338.5000,22.0000,63.0000
345.0000,134.5000,22.0000,63.0000
352.0000,135.5000,22.0000,63.0000
255.0000,338.5000,22.0000,63.0000
336.0000,149.5000,22.0000,63.0000
337.0000,135.5000,22.0000,63.0000
336.0000,135.5000,22.0000,63.0000
143.4185,320.6685,37.1630,57.6630
337.0000,135.5000,22.0000,63.0000
336.0000,149.5000,22.0000,63.0000
336.0000,149.5000,22.0000,63.0000
336.0000,149.5000,22.0000,63.0000
255.0000,338.5000,22.0000,63.0000
255.0000,338.5000,22.0000,63.0000
336.0000,149.5000,22.0000,63.0000
170.3965,322.1465,26.2069,46.7069
336.0000,149.5000,22.0000,63.0000
336.0000,149.5000,22.0000,63.0000
336.0000,149.5000,22.0000,63.0000
336.0000,149.5000,22.0000,63.0000
170.6010,324.3510,20.7980,41.2980
270.0000,310.5000,22.0000,63.0000
337.4322,255.6822,22.1355,42.6355
339.4289,252.1789,25.1421,45.6421
329.4114,240.6614,49.1772,69.6772
321.1643,240.9143,60.6714,81.1714
312.2110,231.9610,73.5779,94.0779
314.6859,239.4359,68.6281,89.1281
314.5646,237.3146,72.8708,93.3708
270.0000,310.5000,22.0000,63.0000
271.0000,309.5000,22.0000,63.0000
336.0000,150.5000,22.0000,63.0000
336.0000,150.5000,22.0000,63.0000
177.1571,310.4071,38.6857,59.1857
336.0000,149.5000,22.0000,63.0000
336.0000,150.5000,22.0000,63.0000
336.0000,149.5000,22.0000,63.0000
336.0000,149.5000,22.0000,63.0000
339.8784,237.6284,52.2432,72.7432
326.3753,231.1253,63.2494,83.7494
249.9286,233.1786,102.1427,122.6427
231.9298,247.6798,100.1403,120.6403
235.7712,248.0212,96.4576,116.9576
338.3139,247.5639,35.3721,55.8721
343.7114,247.9614,38.5772,59.0772
311.7429,233.4929,72.5142,93.0142
336.8786,238.6286,50.2428,70.7428
325.9268,234.6768,63.1464,83.6464
300.9077,234.1577,84.1847,104.6847
321.9287,242.1787,60.1427,80.6426
165.1327,298.8827,61.7346,82.2346
211.7867,270.5367,94.4266,114.9266
231.5276,242.7776,114.9447,135.4447
221.6487,260.8987,106.7027,127.2027
227.0834,252.3334,112.8332,133.3332
232.8635,253.6135,113.2729,133.7729
206.7281,263.9781,99.5438,120.0438
251.3860,254.6360,114.2279,134.7279
245.1408,256.3908,114.7184,135.2184
223.3764,260.6264,109.2471,129.7471
206.6652,256.9152,107.6695,128.1695
189.9944,266.2444,100.0112,120.5112
214.2403,258.9903,107.5194,128.0194
193.9127,266.6627,99.1745,119.6745
193.0834,264.8334,91.8332,112.3332
197.4565,272.2065,90.0870,110.5870
274.1836,237.4335,128.6329,149.1329
257.2551,254.5051,120.4897,140.9897
261.1623,255.4123,118.6754,139.1754
281.9919,250.2419,119.0162,139.5162
304.8763,241.6263,122.2475,142.7475
316.4668,242.2168,122.0664,142.5664
312.2035,243.9535,118.5930,139.0930
320.9276,234.6776,118.1448,138.6448
332.5464,229.7964,115.9071,136.4071
328.7723,232.0224,114.4553,134.9553
334.0656,235.3156,111.8687,132.3687
351.0726,232.8226,116.8549,137.3549
359.8250,233.5751,118.3499,138.8499
338.4634,236.7134,110.0732,130.5732
370.4031,226.6531,118.1937,138.6938
371.0071,228.7571,115.9857,136.4857
366.1814,229.4314,117.6372,138.1372
369.6660,224.4160,119.6681,140.1681
366.6396,229.3896,114.7208,135.2208
369.9036,236.6536,112.1929,132.6929
378.6151,236.3651,110.7697,131.2697
407.9647,227.7147,119.0706,139.5706
391.8641,238.6141,107.2718,127.7718
432.5047,225.7547,116.9906,137.4906
422.0025,225.7525,111.9950,132.4951
422.3813,223.6313,112.2373,132.7374
427.1501,226.9001,108.6998,129.1998
423.6670,230.9170,106.6661,127.1661
426.3572,230.6072,101.2857,121.7857
432.5727,243.3227,96.8545,117.3545
437.7880,233.0380,101.4240,121.9240
447.6165,240.8665,97.7669,118.2669
449.1942,232.9442,100.6117,121.1117
451.3955,232.1455,100.2090,120.7090
461.6112,233.3613,100.7775,121.2775
466.7926,241.0426,100.4148,120.9148
483.4805,234.2305,104.0390,124.5390
503.0658,232.3158,105.8683,126.3683
527.1348,228.8848,108.7305,129.2305
523.0484,237.7984,103.9032,124.4032
549.3066,222.5566,111.3867,131.8867
551.3066,220.5566,111.3867,131.8867
542.0211,226.7711,105.9579,126.4579
544.4639,235.7139,101.0722,121.5722
551.9792,231.2292,101.0417,121.5417
553.9908,236.7408,99.0185,119.5185
559.5337,236.2837,101.9327,122.4327
561.2949,235.0449,101.4102,121.9102
573.8898,234.1398,105.2205,125.7205
576.7151,229.4652,102.5696,123.0696
573.5728,244.3227,96.8545,117.3545
592.1967,236.9467,103.6067,124.1067
608.0484,236.7984,103.9032,124.4032
622.8136,237.0636,102.3729,122.8729
626.3647,237.1147,100.2707,120.7707
641.1357,235.3857,105.7286,126.2286
647.2177,224.4677,109.5647,130.0647
645.6381,224.8881,107.7238,128.2238
655.6364,230.3864,105.7272,126.2272
651.4334,239.1834,102.1331,122.6331
656.7189,242.4689,99.5621,120.0621
655.9474,235.1975,99.1050,119.6050
668.7822,239.0322,98.4357,118.9357
662.3841,247.6341,95.2318,115.7318
668.7840,247.0340,97.4321,117.9321
668.1801,246.9301,98.6399,119.1399
684.7926,243.5426,100.4148,120.9148
681.4899,244.7399,98.0201,118.5201
690.8406,242.0906,101.3189,121.8189
697.9537,248.2037,100.0927,120.5927
743.6768,237.4268,112.6464,133.1464
742.8941,236.6441,113.2118,133.7118
728.2452,244.9952,101.5097,122.0097
751.9587,234.2088,111.0825,131.5825
740.1252,241.3752,105.7497,126.2497
743.7416,240.9917,108.5167,129.0167
759.4703,232.2203,114.0594,134.5594
755.9509,235.7009,109.0982,129.5982
753.1840,235.4339,106.6321,127.1321
762.9495,238.1995,105.1010,125.6010
772.3129,242.0629,107.3743,127.8743
772.3063,245.0563,106.3874,126.8874
767.9921,246.7421,106.0158,126.5158
770.4334,249.1834,102.1331,122.6331
772.7684,252.0184,102.4631,122.9631
768.9717,243.2217,108.0567,128.5567
776.3004,241.0504,111.3992,131.8992
783.3440,246.5940,111.3120,131.8120
786.3931,247.1431,112.2139,132.7139
793.0536,255.3036,108.8928,129.3928
809.0024,247.7524,113.9951,134.4951
812.9860,242.7360,118.0280,138.5280
832.8890,239.6391,123.2219,143.7219
832.4248,245.6748,119.1504,139.6504
834.0590,252.3090,116.8820,137.3820
848.5973,244.8473,118.8054,139.3054
843.0820,247.8320,116.8360,137.3360
841.3868,250.6368,118.2264,138.7264
850.5903,248.3403,118.8193,139.3193
854.5903,248.3403,118.8193,139.3193
858.4679,248.7179,120.0642,140.5642
853.2894,246.5394,120.4212,140.9212
851.2877,246.0377,120.4246,140.9246
846.1918,246.4418,121.6165,142.1165
849.2166,247.4666,121.5667,142.0667
847.1760,251.4259,121.6481,142.1481
844.4755,243.2254,123.0491,143.5491
843.6666,241.9165,122.6669,143.1669
846.7615,245.0116,124.4769,144.9769
854.5924,247.8424,121.8152,142.3152
859.4196,250.1695,122.1609,142.6609
862.1794,251.9294,122.6412,143.1412
860.2817,252.0317,123.4366,143.9366
854.5461,249.7961,124.9079,145.4079
865.8044,253.5544,122.3912,142.8912
854.2621,247.0121,124.4758,144.9758
854.0474,261.7975,122.9051,143.4051
859.9169,259.6669,123.1662,143.6662
862.7076,259.9576,124.5848,145.0848
863.5139,258.2638,123.9723,144.4723
855.8394,257.5894,126.3213,146.8213
855.7795,261.0294,123.4411,143.9411
861.4989,261.7489,125.0022,145.5022
855.2661,270.0161,123.4678,143.9678
861.6092,271.3592,120.7816,141.2816
861.7065,271.9565,121.5871,142.0871
855.6669,271.4169,124.6662,145.1662
858.7126,268.9627,126.5747,147.0746
852.1469,262.8969,128.7062,149.2062
869.5910,276.3410,120.8180,141.3180
871.2440,271.9940,125.5120,146.0120
885.8448,287.0948,122.3104,142.8104
875.8112,274.5612,127.3776,147.8776
873.7639,286.0139,123.4722,143.9722
868.1070,280.8570,124.7860,145.2860
872.8046,292.0545,124.3909,144.8909
870.5071,290.2571,125.9859,146.4859
874.1251,284.3751,128.7497,149.2497
872.6720,282.4220,129.6560,150.1560
885.7633,290.5133,128.4734,148.9734
911.3251,290.0751,132.3497,152.8497
921.9766,290.7266,131.0469,151.5469
917.0526,287.8026,129.8949,150.3949
925.1674,296.9174,130.6652,151.1652
940.9935,305.2435,127.0129,147.5129
942.4587,307.7087,126.0826,146.5826
939.6357,322.3857,128.7285,149.2285
939.0657,319.3157,130.8687,151.3687
937.9594,322.7094,128.0812,148.5812
920.5527,337.3026,124.8947,145.3947
945.4053,329.1552,127.1895,147.6895
946.3256,327.0756,128.3488,148.8488
944.6997,333.9497,126.6006,147.1006
942.9218,341.6718,126.1564,146.6564
934.8423,341.0923,125.3154,145.8154
938.8423,346.0923,125.3154,145.8154
940.7779,345.5279,127.4442,147.9442
939.7938,353.5439,126.4123,146.9123
947.3572,353.1072,126.2855,146.7855
961.2195,356.4695,123.5611,144.0611
956.6196,359.8696,124.7607,145.2607
961.2943,361.5442,125.4115,145.9115
958.8456,367.0956,125.3088,145.8088
962.5598,370.8098,123.8805,144.3805
963.6515,379.4015,124.6970,145.1970
970.1118,373.3618,123.7763,144.2763
961.0098,384.2598,125.9804,146.4804
969.8270,395.5770,121.3460,141.8461
981.6229,389.8728,119.7543,140.2543
994.3751,389.6252,121.2497,141.7497
989.7589,405.0089,116.4822,136.9822
975.1921,415.9421,113.6158,134.1158
959.8282,420.5782,120.3435,140.8435
962.2336,412.4836,121.5328,142.0328
978.4250,424.6750,116.1499,136.6499
985.1364,433.8863,111.7274,132.2274
996.7346,425.4846,120.5308,141.0308
1008.4520,425.2019,115.0961,135.5961
1044.3323,432.5823,63.3355,83.8355
1067.9502,415.7002,75.0995,95.5995
1000.7980,462.5480,116.4040,136.9040
1012.9831,451.2331,107.0339,127.5339
1054.7294,438.9794,62.5412,83.0412
1065.0367,441.7867,56.9266,77.4266
1041.7058,466.9558,26.5885,47.0885
221.0000,629.5000,22.0000,63.0000
970.2220,486.9720,64.5560,85.0560
970.9719,487.7218,82.0563,102.5563
205.0000,601.5000,22.0000,63.0000
976.3379,500.0879,76.3242,96.8242
1051.4600,485.7099,64.0801,84.5801
1028.7466,489.9966,66.5068,87.0068
1021.4617,496.2116,68.0767,88.5767
593.3972,182.6471,51.2057,71.7057
214.0000,600.5000,22.0000,63.0000
599.5890,192.8390,41.8221,62.3221
214.0000,600.5000,22.0000,63.0000
588.4031,196.6531,38.1937,58.6937
575.9798,192.7298,45.0404,65.5404
581.6541,187.4041,43.6917,64.1917
586.4603,188.2103,55.0795,75.5795
591.9722,188.7222,56.0555,76.5555
594.1506,195.4007,45.6987,66.1987
591.8934,206.1434,32.2132,52.7132
580.2520,197.0019,43.4962,63.9962
549.9810,179.7310,67.0379,87.5379
558.9858,183.7359,64.0283,84.5283
555.1036,186.3536,68.7927,89.2927
577.9410,188.6910,65.1179,85.6179
562.3577,177.6077,75.2845,95.7845
561.1474,176.3974,78.7052,99.2052
554.4430,176.1930,80.1140,100.6140
556.5564,170.8064,81.8872,102.3872
566.0652,172.8152,82.8697,103.3697
564.5065,173.2565,77.9869,98.4869
585.1458,183.8958,74.7083,95.2083
589.7733,184.5233,75.4535,95.9535
583.9808,183.7308,76.0385,96.5385
586.3334,180.0834,78.3331,98.8331
581.3130,179.0630,80.3740,100.8740
583.0508,182.8008,79.8985,100.3985
586.3849,180.1349,82.2303,102.7303
582.4539,181.2038,80.0923,100.5923
578.5662,180.3162,78.8675,99.3675
580.0508,179.8008,79.8985,100.3985
586.4042,173.1542,82.1916,102.6916
579.6697,168.9197,89.6607,110.1607
582.8349,177.5849,82.3302,102.8302
588.2632,171.0132,86.4735,106.9735
599.9966,173.2467,86.0067,106.5067
592.8350,176.5850,76.3299,96.8299
591.5065,181.2565,77.9869,98.4869
593.3131,185.5631,71.3738,91.8738
597.6492,184.8992,78.7016,99.2016
595.3579,174.6079,83.2842,103.7842
599.0948,170.8449,74.8103,95.3103
627.1235,171.8735,85.7529,106.2529
646.8429,173.0929,92.3142,112.8142
595.3579,177.1079,72.2842,92.7842
604.6440,177.8940,77.7121,98.2121
594.9167,180.1668,83.1665,103.6665
620.5474,175.7974,97.9051,118.4051
578.9020,165.6520,90.1960,110.6960
584.7457,167.9957,84.5085,105.0085
607.1381,160.3882,97.7237,118.2237
584.6966,180.4466,83.6068,104.1068
611.5626,181.8125,92.8749,113.3749
625.6754,178.9254,95.6493,116.1493
602.0300,178.7800,85.9400,106.4400
585.6761,174.4261,84.6478,105.1478
592.8029,168.5528,91.3943,111.8943
587.4806,162.2306,98.0388,118.5388
601.6679,170.4179,98.6641,119.1641
601.9854,166.7354,101.0292,121.5292
592.1750,173.4251,93.6499,114.1499
617.5189,174.7688,83.9623,104.4623
583.3606,181.1106,79.2788,99.7788
598.9333,167.6833,85.1333,105.6333
599.3663,177.6163,81.2673,101.7673
578.2072,173.9571,79.5857,100.0857
559.3337,171.0838,77.3325,97.8325
565.2509,174.0009,79.4982,99.9982
567.0687,165.8186,82.8627,103.3627
557.8715,173.1215,78.2570,98.7570
571.0147,175.2647,78.9706,99.4706
551.4439,174.6939,80.1122,100.6122
545.3559,166.6059,82.2881,102.7881
545.8734,168.6234,80.2532,100.7532
545.4319,173.6819,77.1362,97.6362
552.2681,170.5181,83.4638,103.9638
553.7509,161.0008,86.4983,106.9983
554.7407,154.4906,84.5187,105.0187
557.5032,148.7533,87.9935,108.4935
565.2943,139.0443,91.4114,111.9114
550.4465,133.1965,95.1071,115.6071
550.5344,129.2844,99.9312,120.4312
547.5474,135.7974,97.9051,118.4051
545.9412,139.1912,96.1176,116.6176
545.4172,142.6673,94.1655,114.6655
529.8114,143.0614,93.3772,113.8772
528.4465,145.1965,95.1071,115.6071
537.9026,145.6526,95.1947,115.6947
545.5474,141.7974,97.9051,118.4051
535.1987,140.4487,97.6025,118.1025
542.4875,140.2375,96.0250,116.5250
534.8384,140.0884,99.3233,119.8233
524.1580,143.9080,96.6840,117.1840
527.6879,137.4379,97.6242,118.1242
528.8542,141.6042,91.2917,111.7917
531.8337,142.0837,92.3326,112.8326
515.7911,151.0411,85.4177,105.9177
519.9948,146.7448,95.0104,115.5104
521.1933,148.9433,92.6134,113.1134
524.2310,141.9810,96.5380,117.0380
532.3642,142.1142,96.2716,116.7716
522.4081,142.1581,100.1838,120.6838
541.0357,139.7857,101.9285,122.4285
545.1625,139.4125,104.6750,125.1750
543.8334,137.5834,105.3332,125.8332
544.3959,140.6460,101.2081,121.7081
535.0381,136.2881,102.9239,123.4239
527.6838,140.4337,101.6325,122.1325
528.2743,141.0243,98.4514,118.9514
507.7722,144.5222,95.4556,115.9556
519.1942,143.9442,99.6115,120.1115
481.0250,149.2750,85.9500,106.4500
476.2556,150.5056,89.4889,109.9889
480.7451,152.4951,87.5098,108.0098
490.8337,147.0837,92.3326,112.8326
541.1972,140.4472,104.6056,125.1056
536.3619,138.6119,105.2762,125.7762
516.7631,145.0131,101.4738,121.9738
529.8631,143.6131,104.2738,124.7738
541.2582,140.0083,109.4835,129.9835
507.4667,143.2167,101.0666,121.5666
542.3951,145.6451,105.2099,125.7099
538.8717,146.6217,101.2566,121.7566
532.6826,149.9325,104.6349,125.1349
543.4478,135.6978,114.1043,134.6043
519.4601,142.2101,105.0798,125.5798
515.1886,152.9386,99.6228,120.1228
519.9854,148.7354,101.0292,121.5292
522.8694,153.1194,98.2611,118.7611
544.4178,147.1678,106.1643,126.6643
532.4081,145.1581,100.1838,120.6838
525.0226,140.2726,104.9548,125.4548
515.5504,144.3004,103.8991,124.3991
520.8122,145.0622,106.3756,126.8756
519.8334,144.5834,105.3332,125.8332
527.1059,145.3559,101.7882,122.2882
543.4131,145.1631,108.1738,128.6738
554.2349,139.4850,106.5301,127.0301
551.9283,136.6783,112.1435,132.6435
561.8948,135.6449,106.2103,126.7103
561.9343,139.6842,106.1315,126.6315
558.4116,139.1615,107.1769,127.6769
576.0659,141.8159,102.8681,123.3681
564.8962,143.6462,100.2076,120.7076
572.9811,148.2311,97.0378,117.5378
572.1615,140.9115,98.6770,119.1770
560.2321,147.9821,91.5357,112.0357
615.8180,146.5680,97.3641,117.8641
614.7404,151.4903,101.5193,122.0193
616.8982,143.1482,103.2036,123.7036
629.9074,150.1574,100.1852,120.6852
642.8054,146.5554,102.3893,122.8893
656.6948,146.4448,101.6104,122.1104
661.3795,144.6294,99.2411,119.7411
680.7639,167.0139,69.4722,89.9722
660.6879,153.4379,95.6242,116.1242
619.6542,170.4041,73.6917,94.1917
645.8000,158.5500,83.3999,103.8999
622.0334,171.7834,68.9332,89.4332
616.5433,176.2933,62.9134,83.4134
610.1685,164.9185,71.6630,92.1630
619.1458,171.8958,62.7083,83.2083
602.4563,173.7063,71.0874,91.5874
615.8109,178.0609,67.3782,87.8782
616.3324,178.5824,69.3352,89.8352
619.5715,181.3215,66.8570,87.3570
623.1619,173.4119,75.6761,96.1761
617.8542,174.6042,73.2917,93.7917
600.9268,185.6768,63.1464,83.6464
621.8356,188.0855,61.3289,81.8289
618.6050,184.3551,69.7899,90.2899
637.5192,177.7692,75.9615,96.4615
652.6420,179.3920,81.7160,102.2160
635.6693,179.4193,77.6615,98.1615
642.9420,182.1920,82.1161,102.6161
614.2710,183.0210,70.4580,90.9580
623.0266,197.7766,57.9468,78.4468
618.5000,196.7500,62.0000,82.5000
614.7141,205.9641,47.5718,68.0718
222.0000,600.5000,22.0000,63.0000
222.0000,600.5000,22.0000,63.0000
222.0000,600.5000,22.0000,63.0000
616.2197,208.9697,60.5606,81.0606
620.9258,219.6758,48.1483,68.6484
622.8154,211.0653,67.3693,87.8693
657.7366,198.9866,90.5267,111.0267
619.6308,213.3808,67.7384,88.2384
238.0000,601.5000,22.0000,63.0000
222.0000,775.5000,22.0000,63.0000
271.0000,601.5000,22.0000,63.0000
222.0000,775.5000,22.0000,63.0000
651.1369,247.8869,43.7261,64.2261
683.7836,216.5336,72.4329,92.9329
222.0000,775.5000,22.0000,63.0000
650.8176,252.0675,30.3649,50.8649
254.0000,629.5000,22.0000,63.0000
271.0000,601.5000,22.0000,63.0000
254.0000,571.5000,22.0000,63.0000
287.0000,600.5000,22.0000,63.0000
287.0000,600.5000,22.0000,63.0000
629.0000,328.5000,22.0000,63.0000
629.0000,328.5000,22.0000,63.0000
629.0000,328.5000,22.0000,63.0000
271.0000,775.5000,22.0000,63.0000
320.0000,629.5000,22.0000,63.0000
336.0000,615.5000,22.0000,63.0000
352.0000,629.5000,22.0000,63.0000
336.0000,615.5000,22.0000,63.0000
629.0000,328.5000,22.0000,63.0000
629.0000,328.5000,22.0000,63.0000
629.0000,328.5000,22.0000,63.0000
320.0000,775.5000,22.0000,63.0000
336.0000,775.5000,22.0000,63.0000
320.0000,775.5000,22.0000,63.0000
336.0000,775.5000,22.0000,63.0000
336.0000,775.5000,22.0000,63.0000
352.0000,775.5000,22.0000,63.0000
352.0000,775.5000,22.0000,63.0000
792.2623,329.5123,36.4755,56.9755
776.5741,323.8241,59.8518,80.3518
778.6853,319.4353,51.6294,72.1294
794.2952,345.0452,23.4097,43.9097
792.7554,339.5054,22.4891,42.9891
352.0000,775.5000,22.0000,63.0000
442.0000,571.5000,22.0000,63.0000
435.0000,557.5000,22.0000,63.0000
549.1017,398.3517,74.7966,95.2966
564.5895,407.8395,45.8210,66.3210
434.0000,557.5000,22.0000,63.0000
418.0000,775.5000,22.0000,63.0000
418.0000,775.5000,22.0000,63.0000
418.0000,775.5000,22.0000,63.0000
402.0000,775.5000,22.0000,63.0000
402.0000,775.5000,22.0000,63.0000
402.0000,775.5000,22.0000,63.0000
629.0000,328.5000,22.0000,63.0000
629.0000,328.5000,22.0000,63.0000
629.0000,328.5000,22.0000,63.0000
629.0000,328.5000,22.0000,63.0000
629.0000,328.5000,22.0000,63.0000
629.0000,328.5000,22.0000,63.0000
629.0000,328.5000,22.0000,63.0000
629.0000,328.5000,22.0000,63.0000
629.0000,328.5000,22.0000,63.0000
629.0000,328.5000,22.0000,63.0000
629.0000,328.5000,22.0000,63.0000
629.0000,328.5000,22.0000,63.0000
629.0000,328.5000,22.0000,63.0000
629.0000,328.5000,22.0000,63.0000
629.0000,328.5000,22.0000,63.0000
629.0000,328.5000,22.0000,63.0000
629.0000,328.5000,22.0000,63.0000
402.0000,775.5000,22.0000,63.0000
629.0000,328.5000,22.0000,63.0000
629.0000,328.5000,22.0000,63.0000
629.0000,328.5000,22.0000,63.0000
629.0000,328.5000,22.0000,63.0000
629.0000,328.5000,22.0000,63.0000
629.0000,328.5000,22.0000,63.0000
629.0000,328.5000,22.0000,63.0000
484.0000,571.5000,22.0000,63.0000
629.0000,328.5000,22.0000,63.0000
629.0000,328.5000,22.0000,63.0000
484.0000,571.5000,22.0000,63.0000
629.0000,328.5000,22.0000,63.0000
629.0000,328.5000,22.0000,63.0000
629.0000,328.5000,22.0000,63.0000
629.0000,328.5000,22.0000,63.0000
629.0000,328.5000,22.0000,63.0000
629.0000,328.5000,22.0000,63.0000
629.0000,328.5000,22.0000,63.0000
629.0000,328.5000,22.0000,63.0000
629.0000,328.5000,22.0000,63.0000
629.0000,328.5000,22.0000,63.0000
629.0000,328.5000,22.0000,63.0000
629.0000,328.5000,22.0000,63.0000
629.0000,328.5000,22.0000,63.0000
629.0000,328.5000,22.0000,63.0000
410.0000,775.5000,22.0000,63.0000
629.0000,328.5000,22.0000,63.0000
629.0000,328.5000,22.0000,63.0000
410.0000,775.5000,22.0000,63.0000
629.0000,328.5000,22.0000,63.0000
629.0000,328.5000,22.0000,63.0000
629.0000,328.5000,22.0000,63.0000
629.0000,328.5000,22.0000,63.0000
629.0000,328.5000,22.0000,63.0000
629.0000,328.5000,22.0000,63.0000
629.0000,328.5000,22.0000,63.0000
629.0000,328.5000,22.0000,63.0000
629.0000,328.5000,22.0000,63.0000
629.0000,328.5000,22.0000,63.0000
629.0000,328.5000,22.0000,63.0000
629.0000,328.5000,22.0000,63.0000
629.0000,328.5000,22.0000,63.0000
629.0000,328.5000,22.0000,63.0000
629.0000,328.5000,22.0000,63.0000
629.0000,328.5000,22.0000,63.0000
629.0000,328.5000,22.0000,63.0000
629.0000,328.5000,22.0000,63.0000
629.0000,328.5000,22.0000,63.0000
629.0000,328.5000,22.0000,63.0000
629.0000,328.5000,22.0000,63.0000
629.0000,328.5000,22.0000,63.0000
629.0000,328.5000,22.0000,63.0000
629.0000,328.5000,22.0000,63.0000
629.0000,328.5000,22.0000,63.0000
629.0000,328.5000,22.0000,63.0000
629.0000,328.5000,22.0000,63.0000
629.0000,328.5000,22.0000,63.0000
629.0000,328.5000,22.0000,63.0000
629.0000,328.5000,22.0000,63.0000
629.0000,328.5000,22.0000,63.0000
629.0000,328.5000,22.0000,63.0000
629.0000,328.5000,22.0000,63.0000
629.0000,328.5000,22.0000,63.0000
629.0000,328.5000,22.0000,63.0000
629.0000,328.5000,22.0000,63.0000
629.0000,328.5000,22.0000,63.0000
629.0000,328.5000,22.0000,63.0000
629.0000,328.5000,22.0000,63.0000
629.0000,328.5000,22.0000,63.0000
629.0000,328.5000,22.0000,63.0000
629.0000,328.5000,22.0000,63.0000
629.0000,328.5000,22.0000,63.0000
629.0000,328.5000,22.0000,63.0000
629.0000,328.5000,22.0000,63.0000
629.0000,328.5000,22.0000,63.0000
629.0000,328.5000,22.0000,63.0000
629.0000,328.5000,22.0000,63.0000
629.0000,328.5000,22.0000,63.0000
629.0000,328.5000,22.0000,63.0000
629.0000,328.5000,22.0000,63.0000
402.0000,775.5000,22.0000,63.0000
401.0000,775.5000,22.0000,63.0000
386.0000,775.5000,22.0000,63.0000
629.0000,328.5000,22.0000,63.0000
629.0000,328.5000,22.0000,63.0000
386.0000,775.5000,22.0000,63.0000
386.0000,775.5000,22.0000,63.0000
401.0000,775.5000,22.0000,63.0000
386.0000,775.5000,22.0000,63.0000
386.0000,775.5000,22.0000,63.0000
401.0000,775.5000,22.0000,63.0000
402.0000,775.5000,22.0000,63.0000
410.0000,775.5000,22.0000,63.0000
629.0000,328.5000,22.0000,63.0000
629.0000,328.5000,22.0000,63.0000
418.0000,746.5000,22.0000,63.0000
418.0000,746.5000,22.0000,63.0000
629.0000,328.5000,22.0000,63.0000
418.0000,746.5000,22.0000,63.0000
418.0000,746.5000,22.0000,63.0000
442.0000,746.5000,22.0000,63.0000
418.0000,746.5000,22.0000,63.0000
629.0000,328.5000,22.0000,63.0000
418.0000,746.5000,22.0000,63.0000
443.0000,774.5000,22.0000,63.0000
629.0000,328.5000,22.0000,63.0000
629.0000,328.5000,22.0000,63.0000
451.0000,775.5000,22.0000,63.0000
443.0000,774.5000,22.0000,63.0000
435.0000,775.5000,22.0000,63.0000
451.0000,775.5000,22.0000,63.0000
451.0000,775.5000,22.0000,63.0000
451.0000,775.5000,22.0000,63.0000
467.0000,775.5000,22.0000,63.0000
467.0000,775.5000,22.0000,63.0000
377.0000,513.5000,22.0000,63.0000
629.0000,328.5000,22.0000,63.0000
629.0000,328.5000,22.0000,63.0000
629.0000,328.5000,22.0000,63.0000
629.0000,328.5000,22.0000,63.0000
385.0000,542.5000,22.0000,63.0000
385.0000,513.5000,22.0000,63.0000
385.0000,542.5000,22.0000,63.0000
526.2211,362.9711,58.5579,79.0579
401.0000,542.5000,22.0000,63.0000
555.7946,385.5445,33.4109,53.9109
541.3151,381.0651,72.3698,92.8698
566.3038,398.0538,21.3923,41.8923
535.7239,390.9739,80.5521,101.0521
542.8417,387.5917,91.3166,111.8166
559.0500,393.8000,55.8999,76.3999
550.5585,388.8085,72.8830,93.3830
547.6802,381.4302,74.6396,95.1396
467.0000,658.5000,22.0000,63.0000
402.0000,542.5000,22.0000,63.0000
629.0000,328.5000,22.0000,63.0000
629.0000,328.5000,22.0000,63.0000
418.0000,571.5000,22.0000,63.0000
402.0000,542.5000,22.0000,63.0000
434.0000,542.5000,22.0000,63.0000
483.0000,600.5000,22.0000,63.0000
639.0000,746.5000,22.0000,63.0000
484.0000,629.5000,22.0000,63.0000
483.0000,600.5000,22.0000,63.0000
483.0000,571.5000,22.0000,63.0000
484.0000,629.5000,22.0000,63.0000
484.0000,600.5000,22.0000,63.0000
484.0000,600.5000,22.0000,63.0000
598.0078,465.2578,42.9844,63.4844
484.0000,600.5000,22.0000,63.0000
492.0000,615.5000,22.0000,63.0000
629.0000,328.5000,22.0000,63.0000
629.0000,328.5000,22.0000,63.0000
484.0000,600.5000,22.0000,63.0000
508.0000,658.5000,22.0000,63.0000
629.0000,328.5000,22.0000,63.0000
629.0000,328.5000,22.0000,63.0000
629.0000,328.5000,22.0000,63.0000
629.0000,328.5000,22.0000,63.0000
629.0000,328.5000,22.0000,63.0000
629.0000,328.5000,22.0000,63.0000
467.0000,601.5000,22.0000,63.0000
629.0000,328.5000,22.0000,63.0000
629.0000,328.5000,22.0000,63.0000
629.0000,328.5000,22.0000,63.0000
629.0000,328.5000,22.0000,63.0000
629.0000,328.5000,22.0000,63.0000
629.0000,328.5000,22.0000,63.0000
629.0000,328.5000,22.0000,63.0000
629.0000,328.5000,22.0000,63.0000
629.0000,328.5000,22.0000,63.0000
629.0000,328.5000,22.0000,63.0000
629.0000,328.5000,22.0000,63.0000
629.0000,328.5000,22.0000,63.0000
629.0000,328.5000,22.0000,63.0000
629.0000,328.5000,22.0000,63.0000
629.0000,328.5000,22.0000,63.0000
629.0000,328.5000,22.0000,63.0000
629.0000,328.5000,22.0000,63.0000
629.0000,328.5000,22.0000,63.0000
629.0000,328.5000,22.0000,63.0000
629.0000,328.5000,22.0000,63.0000
629.0000,328.5000,22.0000,63.0000
629.0000,328.5000,22.0000,63.0000
629.0000,328.5000,22.0000,63.0000
629.0000,328.5000,22.0000,63.0000
629.0000,328.5000,22.0000,63.0000
629.0000,328.5000,22.0000,63.0000
629.0000,328.5000,22.0000,63.0000
629.0000,328.5000,22.0000,63.0000
629.0000,328.5000,22.0000,63.0000
629.0000,328.5000,22.0000,63.0000
629.0000,328.5000,22.0000,63.0000
629.0000,328.5000,22.0000,63.0000
629.0000,328.5000,22.0000,63.0000
629.0000,328.5000,22.0000,63.0000
629.0000,328.5000,22.0000,63.0000
629.0000,328.5000,22.0000,63.0000
629.0000,328.5000,22.0000,63.0000
629.0000,328.5000,22.0000,63.0000
614.0000,891.5000,22.0000,63.0000
629.0000,328.5000,22.0000,63.0000
629.0000,328.5000,22.0000,63.0000
629.0000,328.5000,22.0000,63.0000
629.0000,328.5000,22.0000,63.0000
629.0000,328.5000,22.0000,63.0000
629.0000,328.5000,22.0000,63.0000
629.0000,328.5000,22.0000,63.0000
629.0000,328.5000,22.0000,63.0000
629.0000,328.5000,22.0000,63.0000
629.0000,328.5000,22.0000,63.0000
629.0000,328.5000,22.0000,63.0000
629.0000,328.5000,22.0000,63.0000
629.0000,328.5000,22.0000,63.0000
629.0000,328.5000,22.0000,63.0000
629.0000,328.5000,22.0000,63.0000
629.0000,328.5000,22.0000,63.0000
629.0000,328.5000,22.0000,63.0000
629.0000,328.5000,22.0000,63.0000
629.0000,328.5000,22.0000,63.0000
629.0000,328.5000,22.0000,63.0000
629.0000,328.5000,22.0000,63.0000
629.0000,328.5000,22.0000,63.0000
629.0000,328.5000,22.0000,63.0000
629.0000,328.5000,22.0000,63.0000
629.0000,328.5000,22.0000,63.0000
629.0000,328.5000,22.0000,63.0000
629.0000,328.5000,22.0000,63.0000
629.0000,328.5000,22.0000,63.0000
629.0000,328.5000,22.0000,63.0000
629.0000,328.5000,22.0000,63.0000
629.0000,328.5000,22.0000,63.0000
629.0000,328.5000,22.0000,63.0000
631.0000,1008.5000,22.0000,63.0000
629.0000,328.5000,22.0000,63.0000
629.0000,328.5000,22.0000,63.0000
629.0000,328.5000,22.0000,63.0000
629.0000,328.5000,22.0000,63.0000
629.0000,328.5000,22.0000,63.0000
629.0000,328.5000,22.0000,63.0000
629.0000,328.5000,22.0000,63.0000
629.0000,328.5000,22.0000,63.0000
629.0000,328.5000,22.0000,63.0000
629.0000,328.5000,22.0000,63.0000
629.0000,328.5000,22.0000,63.0000
629.0000,328.5000,22.0000,63.0000
418.0000,746.5000,22.0000,63.0000
629.0000,328.5000,22.0000,63.0000
629.0000,328.5000,22.0000,63.0000
629.0000,328.5000,22.0000,63.0000
629.0000,328.5000,22.0000,63.0000
629.0000,328.5000,22.0000,63.0000
629.0000,328.5000,22.0000,63.0000
629.0000,328.5000,22.0000,63.0000
629.0000,328.5000,22.0000,63.0000
629.0000,328.5000,22.0000,63.0000
629.0000,328.5000,22.0000,63.0000
629.0000,328.5000,22.0000,63.0000
629.0000,328.5000,22.0000,63.0000
629.0000,328.5000,22.0000,63.0000
629.0000,328.5000,22.0000,63.0000
629.0000,328.5000,22.0000,63.0000
629.0000,328.5000,22.0000,63.0000
629.0000,328.5000,22.0000,63.0000
629.0000,328.5000,22.0000,63.0000
629.0000,328.5000,22.0000,63.0000
443.0000,658.5000,22.0000,63.0000
443.0000,658.5000,22.0000,63.0000
442.0000,658.5000,22.0000,63.0000
435.0000,717.5000,22.0000,63.0000
435.0000,659.5000,22.0000,63.0000
629.0000,328.5000,22.0000,63.0000
629.0000,328.5000,22.0000,63.0000
629.0000,328.5000,22.0000,63.0000
629.0000,328.5000,22.0000,63.0000
629.0000,328.5000,22.0000,63.0000
629.0000,328.5000,22.0000,63.0000
451.0000,659.5000,22.0000,63.0000
629.0000,328.5000,22.0000,63.0000
451.0000,659.5000,22.0000,63.0000
629.0000,328.5000,22.0000,63.0000
435.0000,658.5000,22.0000,63.0000
629.0000,328.5000,22.0000,63.0000
629.0000,328.5000,22.0000,63.0000
629.0000,328.5000,22.0000,63.0000
629.0000,328.5000,22.0000,63.0000
629.0000,328.5000,22.0000,63.0000
629.0000,328.5000,22.0000,63.0000
629.0000,328.5000,22.0000,63.0000
629.0000,328.5000,22.0000,63.0000
629.0000,328.5000,22.0000,63.0000
629.0000,328.5000,22.0000,63.0000
629.0000,328.5000,22.0000,63.0000
629.0000,328.5000,22.0000,63.0000
629.0000,328.5000,22.0000,63.0000
629.0000,328.5000,22.0000,63.0000
629.0000,328.5000,22.0000,63.0000
629.0000,328.5000,22.0000,63.0000
629.0000,328.5000,22.0000,63.0000
629.0000,328.5000,22.0000,63.0000
629.0000,328.5000,22.0000,63.0000
629.0000,328.5000,22.0000,63.0000
629.0000,328.5000,22.0000,63.0000
629.0000,328.5000,22.0000,63.0000
629.0000,328.5000,22.0000,63.0000
629.0000,328.5000,22.0000,63.0000
629.0000,328.5000,22.0000,63.0000
629.0000,328.5000,22.0000,63.0000
629.0000,328.5000,22.0000,63.0000
629.0000,328.5000,22.0000,63.0000
629.0000,328.5000,22.0000,63.0000
629.0000,328.5000,22.0000,63.0000
75.0000,193.5000,22.0000,63.0000
91.0000,193.5000,22.0000,63.0000
91.0000,193.5000,22.0000,63.0000
203.8326,70.5826,59.3348,79.8348
212.7691,64.5191,40.4618,60.9618
74.0000,207.5000,22.0000,63.0000
629.0000,328.5000,22.0000,63.0000
91.0000,222.5000,22.0000,63.0000
629.0000,328.5000,22.0000,63.0000
629.0000,328.5000,22.0000,63.0000
66.0000,207.5000,22.0000,63.0000
74.0000,207.5000,22.0000,63.0000
91.0000,208.5000,22.0000,63.0000
74.0000,208.5000,22.0000,63.0000
67.0000,207.5000,22.0000,63.0000
74.0000,207.5000,22.0000,63.0000
629.0000,328.5000,22.0000,63.0000
91.0000,222.5000,22.0000,63.0000
467.0000,673.5000,22.0000,63.0000
467.0000,673.5000,22.0000,63.0000
451.0000,687.5000,22.0000,63.0000
434.0000,673.5000,22.0000,63.0000
467.0000,673.5000,22.0000,63.0000
451.0000,687.5000,22.0000,63.0000
629.0000,328.5000,22.0000,63.0000
467.0000,673.5000,22.0000,63.0000
467.0000,673.5000,22.0000,63.0000
467.0000,673.5000,22.0000,63.0000
467.0000,673.5000,22.0000,63.0000
451.0000,687.5000,22.0000,63.0000
467.0000,673.5000,22.0000,63.0000
156.0000,280.5000,22.0000,63.0000
451.0000,673.5000,22.0000,63.0000
694.8964,415.1464,29.2071,49.7071
703.1700,400.4200,69.6600,90.1600
694.0250,394.2750,40.9500,61.4500
418.0000,673.5000,22.0000,63.0000
451.0000,673.5000,22.0000,63.0000
695.2828,387.0328,60.4343,80.9343
426.0000,673.5000,22.0000,63.0000
697.7679,396.5179,56.4643,76.9643
728.0840,376.3340,83.8320,104.3320
712.3891,396.1391,65.2218,85.7218
705.0560,393.3060,48.8880,69.3880
727.1464,374.3964,81.7071,102.2071
749.1924,365.4424,107.6152,128.1152
744.6332,367.8833,103.7335,124.2335
732.6057,376.3557,97.7885,118.2885
736.1589,381.9089,90.6822,111.1822
698.5098,405.7598,61.9804,82.4804
434.0000,673.5000,22.0000,63.0000
700.1489,372.3989,58.7022,79.2022
703.5626,390.8126,40.8747,61.3747
708.9875,407.2375,51.0250,71.5250
714.8328,402.0828,37.3344,57.8344
703.4762,383.2262,53.0476,73.5476
719.1151,394.3651,59.7699,80.2699
695.5544,371.8044,56.8912,77.3912
691.2264,363.4763,66.5473,87.0473
394.0000,673.5000,22.0000,63.0000
696.5125,394.2625,30.9750,51.4750
704.1817,365.9317,80.6366,101.1366
712.3973,392.1474,45.2053,65.7053
715.6169,372.3669,70.7662,91.2662
710.2379,366.9878,67.5243,88.0243
709.7126,353.9626,79.5748,100.0748
717.6051,361.8551,66.7898,87.2898
711.7111,349.9611,86.5778,107.0778
699.6444,348.8944,82.7112,103.2112
704.0147,356.2647,78.9706,99.4706
708.9020,352.6520,90.1960,110.6960
702.0156,358.7656,70.9687,91.4687
681.4116,322.6616,83.1769,103.6769
602.2386,260.9886,137.5227,158.0227
673.6014,327.8515,68.7971,89.2971
658.1829,305.4329,71.6341,92.1341
608.3425,279.5925,91.3150,111.8150
611.2327,248.4827,101.5345,122.0345
597.2717,245.5217,94.4566,114.9566
570.3844,223.1344,112.2312,132.7312
590.6705,232.4205,104.6590,125.1590
667.0000,288.7500,94.0000,114.5000
676.6028,302.8528,94.7944,115.2944
715.5219,306.7719,113.9563,134.4563
724.9617,313.2116,112.0767,132.5767
700.9083,298.1583,109.1835,129.6835
698.9636,288.7136,114.0728,134.5728
678.0847,274.3346,112.8307,133.3307
722.5108,326.7608,91.9784,112.4784
631.6288,242.3788,146.7424,167.2424
589.9809,230.2309,142.0382,162.5382
610.1557,237.9057,137.6886,158.1886
614.8564,249.1064,131.2872,151.7872
605.5807,247.3307,134.8386,155.3386
618.6246,253.3746,123.7508,144.2508
644.5006,255.2506,111.9988,132.4988
618.4668,243.7168,139.0664,159.5664
608.0543,235.3043,132.8913,153.3913
619.2062,233.9562,136.5876,157.0876
624.5910,242.8410,109.8180,130.3180
626.8945,236.1444,108.2111,128.7111
638.1531,242.9031,102.6938,123.1938
603.2697,214.0197,115.4605,135.9605
598.2091,212.9591,119.5818,140.0818
608.3043,223.0543,128.3914,148.8914
614.4042,224.6542,114.1916,134.6916
601.4189,214.6689,128.1623,148.6623
585.4590,195.7090,133.0819,153.5819
596.3215,203.5716,118.3569,138.8569
570.5917,185.8417,126.8167,147.3167
590.5938,197.3438,122.8123,143.3123
643.7320,214.4820,118.5360,139.0360
613.5887,197.8387,127.8225,148.3225
593.4083,184.1583,122.1834,142.6834
611.6017,198.8517,106.7967,127.2967
637.5227,198.7727,120.9545,141.4545
654.1921,197.9421,113.6158,134.1158
693.9188,232.6687,94.1625,114.6625
630.7969,177.5470,125.4061,145.9061
642.8304,193.0805,117.3391,137.8391
626.1766,188.4265,127.6469,148.1469
665.7192,199.4692,122.5616,143.0616
632.3630,184.6130,124.2740,144.7740
647.8544,181.1044,125.2913,145.7913
627.7800,180.5300,127.4399,147.9399
621.5440,165.2940,118.9120,139.4120
636.2713,178.0213,128.4574,148.9574
638.2168,178.9668,129.5664,150.0664
691.2168,193.9668,129.5664,150.0664
667.5441,180.7941,132.9118,153.4118
720.3762,209.6262,124.2475,144.7475
715.4402,204.6902,126.1195,146.6195
718.0439,212.2939,121.9121,142.4121
698.1251,193.3751,133.7497,154.2497
717.3253,206.5753,126.3495,146.8495
714.4773,208.7273,121.0454,141.5454
740.4075,227.1575,119.1850,139.6850
697.5309,212.2810,113.9381,134.4381
704.8361,205.5860,121.3279,141.8279
692.7346,202.4846,120.5308,141.0308
697.1174,206.3674,123.7652,144.2652
680.3820,201.1319,121.2361,141.7361
677.7382,195.9882,122.5235,143.0235
697.2560,196.5060,126.4881,146.9881
693.0849,201.8349,119.8301,140.3301
694.0596,204.8096,115.8809,136.3809
667.3117,185.0617,124.3766,144.8766
674.3015,190.5515,121.3970,141.8970
670.7963,194.5462,120.4075,140.9075
684.0642,195.8142,123.8716,144.3716
689.1878,203.4378,120.6244,141.1244
674.5339,201.7839,117.9322,138.4322
673.7808,200.5308,118.4384,138.9384
657.1268,183.8768,122.7464,143.2464
656.9194,186.1694,118.1611,138.6611
647.1905,180.9405,127.6190,148.1190
657.6504,180.9004,129.6992,150.1992
663.0686,182.3186,123.8627,144.3627
675.6431,184.3930,122.7139,143.2139
693.2857,190.0357,126.4286,146.9285
672.9030,187.1530,123.1940,143.6940
681.6548,194.4048,120.6905,141.1905
669.2189,189.4689,121.5622,142.0622
672.4045,181.6545,130.1910,150.6910
673.6565,191.9065,122.6871,143.1871
677.7775,194.5275,122.4451,142.9451
671.0435,187.7935,125.9130,146.4130
682.8281,199.0781,117.3438,137.8438
674.1219,183.8719,127.7562,148.2561
681.2271,189.9771,117.5458,138.0458
673.2343,190.9843,114.5314,135.0314
678.8487,189.5987,117.3026,137.8026
656.1953,180.9452,120.6095,141.1095
675.8718,189.1218,123.2564,143.7564
678.2990,195.5489,114.4021,134.9021
682.3459,188.0960,120.3081,140.8080
674.7087,180.4587,124.5826,145.0826
671.8304,197.0804,114.3392,134.8392
688.7273,192.4773,115.5454,136.0454
678.0477,181.2977,120.9045,141.4045
682.9405,196.6905,116.1190,136.6190
659.4083,174.1583,122.1834,142.6834
663.6002,171.3502,123.7996,144.2996
672.1873,171.9373,122.6255,143.1255
689.1274,182.3775,118.7451,139.2451
693.2868,191.0368,121.4264,141.9265
686.2505,185.5006,121.4989,141.9989
688.5879,188.8379,121.8242,142.3242
700.6066,197.3567,115.7867,136.2867
700.4312,192.6812,120.1375,140.6375
685.8502,189.6002,116.2996,136.7996
695.7909,198.0409,113.4183,133.9183
684.1426,179.3925,118.7149,139.2149
672.3175,175.5675,117.3649,137.8649
698.8085,190.5585,110.3831,130.8831
690.7925,185.5425,112.4150,132.9150
706.8135,199.5635,109.3730,129.8730
710.4395,204.6895,108.1211,128.6211
713.4001,208.1501,101.1998,121.6998
707.2981,202.5481,95.4038,115.9038
711.0452,205.7952,100.9097,121.4097
730.5570,209.8070,100.8860,121.3860
704.5450,190.7950,110.9100,131.4100
710.5974,195.3474,107.8052,128.3052
762.9018,216.6518,100.1964,120.6964
740.1458,219.8958,101.7083,122.2083
724.3063,215.0563,106.3874,126.8874
726.0421,203.7921,105.9157,126.4157
749.2820,202.0321,108.4359,128.9359
737.2046,202.9546,104.5909,125.0909
717.9095,193.6595,111.1811,131.6811
696.6891,191.4391,109.6217,130.1217
711.7909,189.0409,113.4183,133.9183
706.0109,185.2609,113.9781,134.4781
699.9628,182.2128,115.0745,135.5745
699.1570,174.4071,116.6859,137.1859
703.5701,187.3201,109.8597,130.3598
695.2254,181.9754,112.5492,133.0493
681.6125,183.8625,109.7750,130.2750
712.4901,193.2401,106.0197,126.5197
703.5080,195.2580,104.9840,125.4840
699.2972,176.5473,115.4055,135.9055
695.5098,181.2598,112.9804,133.4804
743.2183,196.4683,103.5635,124.0635
758.5051,194.7551,109.9899,130.4899
764.4832,201.2332,115.0336,135.5336
773.6942,206.9441,110.6117,131.1117
762.8174,202.5674,108.3653,128.8653
759.0114,206.2614,98.9773,119.4773
761.2343,205.9843,106.5314,127.0314
763.1339,203.8838,111.7323,132.2323
729.9592,202.2092,106.0815,126.5815
747.4930,197.2431,110.0139,130.5139
756.2189,186.4689,113.5622,134.0622
738.5107,185.7607,115.9786,136.4786
764.6942,185.9441,110.6117,131.1117
770.4720,198.2220,98.0560,118.5560
775.9332,203.6832,82.1337,102.6337
785.4277,189.6777,106.1446,126.6446
789.0104,207.2604,94.9792,115.4792
767.3783,206.6283,91.2434,111.7434
773.0739,207.3239,98.8521,119.3521
809.5982,208.8482,103.8036,124.3036
805.4192,204.1692,113.1616,133.6616
807.1232,199.8732,108.7535,129.2535
809.1287,181.8787,115.7425,136.2425
804.2648,193.5148,116.4704,136.9704
814.0214,187.7714,115.9571,136.4571
804.9948,183.7448,119.0104,139.5104
804.7654,195.0154,112.4692,132.9692
780.3270,194.0770,108.3460,128.8460
785.0684,201.3183,107.8633,128.3633
780.1292,192.8791,105.7418,126.2418
772.0150,199.7650,106.9700,127.4700
773.7917,191.0417,111.4166,131.9166
786.5485,196.7985,108.9030,129.4030
798.0024,202.2524,114.9952,135.4952
804.7183,209.9682,99.5635,120.0635
802.0646,204.8146,100.8707,121.3707
801.4376,202.1875,106.1249,126.6249
803.0951,198.3451,110.8098,131.3098
799.1390,215.8890,96.7219,117.2219
789.6014,214.3514,97.7972,118.2972
784.2927,227.5426,97.4147,117.9147
802.9412,227.1912,96.1176,116.6176
793.9759,216.7259,94.0482,114.5482
811.5141,227.7641,81.9718,102.4718
798.9396,216.6896,101.1208,121.6208
829.8451,213.0951,98.3098,118.8098
817.1865,222.4365,100.6270,121.1270
821.1558,224.4058,96.6884,117.1884
823.0764,234.3264,87.8473,108.3473
824.5751,218.8251,100.8499,121.3499
826.9014,219.1514,106.1972,126.6972
827.0577,222.8077,101.8845,122.3845
829.7112,217.4612,112.5776,133.0776
836.2709,220.5210,109.4581,129.9581
830.7327,223.4827,108.5346,129.0346
830.5148,225.7648,103.9704,124.4704
837.2562,232.5061,102.4877,122.9877
827.4516,239.7016,91.0968,111.5968
834.3101,237.5601,99.3799,119.8799
849.2006,251.9506,75.5988,96.0988
833.0511,241.8011,92.8978,113.3978
817.3973,237.1473,104.2054,124.7054
825.3596,244.6096,99.2808,119.7808
832.7024,238.4524,105.5952,126.0952
829.1238,240.8738,101.7524,122.2524
831.3477,256.5977,88.3046,108.8046
823.2939,249.5439,106.4123,126.9123
813.8012,261.0512,107.3976,127.8976
813.9279,257.1779,115.1441,135.6441
818.7654,262.5154,112.4692,132.9692
814.2830,267.5330,111.4341,131.9341
829.9655,274.7155,98.0689,118.5689
821.4975,265.7475,111.0050,131.5050
818.0738,267.3238,110.8524,131.3524
829.4248,266.6748,119.1504,139.6504
822.9509,265.7010,118.0981,138.5981
819.6323,271.8823,115.7354,136.2354
814.8992,270.6492,120.2016,140.7016
824.2325,273.9826,118.5349,139.0349
820.7102,269.4602,122.5796,143.0796
817.8542,275.6042,121.2917,141.7917
818.8764,283.6264,112.2472,132.7472
823.0421,282.7921,117.9159,138.4158
827.0643,285.3143,115.8714,136.3714
817.9862,288.7362,115.0276,135.5276
810.3519,292.6018,118.2963,138.7963
818.1251,293.3752,114.7497,135.2497
807.3224,299.0724,102.3551,122.8551
804.5257,293.7757,117.9486,138.4486
801.8787,298.6287,116.2426,136.7426
800.8342,299.5842,119.3317,139.8317
813.7659,300.5158,121.4683,141.9683
808.7607,304.0107,121.4785,141.9785
807.7802,315.0302,112.4396,132.9396
799.5924,317.8424,121.8152,142.3152
812.7038,319.9538,120.5924,141.0924
797.4731,323.2231,120.0539,140.5539
803.7630,325.0130,121.4740,141.9740
796.5994,333.8494,112.8013,133.3013
777.4097,336.6597,112.1805,132.6805
777.8874,337.1374,113.2252,133.7252
774.9052,332.6552,117.1897,137.6897
785.5823,335.8323,121.8355,142.3355
793.7017,345.4516,119.5967,140.0967
786.6934,344.9434,122.6132,143.1132
769.3323,349.0822,120.3355,140.8355
775.8643,351.6143,114.2715,134.7715
783.5953,357.3453,117.8094,138.3094
770.7634,358.0134,127.4732,147.9732
775.9167,360.1667,122.1665,142.6665
781.9640,365.2140,122.0721,142.5721
769.4481,366.6980,124.1039,144.6039
786.7633,367.5133,123.4733,143.9733
783.0696,370.3196,125.8608,146.3608
769.0533,372.3033,132.8934,153.3934
773.3314,377.0813,132.3373,152.8373
773.8271,386.5772,128.3456,148.8456
782.8852,390.6352,129.2296,149.7296
779.9387,398.1887,123.1227,143.6227
792.8774,404.1274,123.2453,143.7453
772.5338,400.2838,123.9325,144.4325
773.5086,406.7586,126.9828,147.4828
765.7282,404.9782,128.5436,149.0436
766.7750,417.0250,123.4500,143.9500
768.5105,420.2605,123.9790,144.4790
752.8102,413.5602,129.3797,149.8797
759.4587,421.7087,126.0826,146.5826
753.2820,436.5320,118.4360,138.9360
752.7661,450.5160,108.4679,128.9679
762.3973,451.1473,104.2054,124.7054
749.7043,439.9543,124.5914,145.0914
725.7004,450.4504,110.5992,131.0992
716.0939,460.3438,106.8123,127.3123
716.6635,453.9135,108.6729,129.1729
724.4274,462.1774,122.1452,142.6452
732.9083,473.1583,109.1835,129.6835
704.6431,472.3931,108.7139,129.2139
549.8585,188.1085,108.2831,128.7831
713.0126,469.7626,109.9747,130.4747
553.1859,195.4359,103.6283,124.1283
558.5701,201.8201,101.8598,122.3598
703.2507,476.0007,95.4985,115.9985
559.2696,198.0196,103.4608,123.9608
563.2404,200.4904,95.5192,116.0192
565.1359,210.3859,92.7282,113.2282
711.4479,508.6980,71.1041,91.6041
723.4639,491.7139,101.0722,121.5722
690.7281,488.9781,99.5438,120.0438
697.7024,484.9524,101.5953,122.0953
706.4805,487.2306,101.0389,121.5389
711.5350,488.7850,85.9300,106.4300
729.9511,503.2011,57.0977,77.5977
726.2250,511.4750,58.5500,79.0500
718.7509,487.5008,86.4983,106.9983
713.1673,499.9173,55.6654,76.1654
731.9615,491.7115,76.0769,96.5769
704.3366,483.0866,64.3268,84.8268
675.3865,275.6366,77.2269,97.7269
683.9292,266.6792,93.1416,113.6416
681.0482,286.7982,93.9036,114.4036
684.6503,293.9003,85.6994,106.1994
690.9207,283.6707,96.1587,116.6587
705.3318,275.5818,103.3363,123.8363
723.5939,284.8438,106.8123,127.3123
738.1995,285.9495,112.6009,133.1009
725.2921,300.0421,107.4158,127.9158
761.1753,313.4253,115.6494,136.1494
749.2772,281.5272,114.4456,134.9456
756.0702,278.8202,116.8596,137.3596
776.9286,306.6786,102.1427,122.6427
773.6057,297.8557,100.7886,121.2886
789.0602,305.8102,89.8797,110.3797
768.8763,284.6264,114.2473,134.7473
771.7679,309.0179,112.4643,132.9643
806.3770,311.1270,112.2460,132.7460
778.1265,313.8765,107.7471,128.2471
768.2820,291.0320,112.4359,132.9359
779.2099,294.4599,118.5802,139.0802
774.5220,283.7720,118.9560,139.4560
753.5522,297.3022,119.8956,140.3956
751.9587,292.2087,120.0825,140.5825
755.8505,285.1004,117.2991,137.7991
760.1981,310.4481,108.6038,129.1038
756.4584,310.7083,119.0833,139.5833
755.8959,305.1460,101.2081,121.7081
752.7637,307.0138,115.4725,135.9725
745.4894,316.2393,105.0213,125.5213
721.8575,334.6075,74.2851,94.7851
717.9083,328.6583,120.1833,140.6833
717.3618,332.6118,123.2764,143.7764
712.0257,334.7757,117.9486,138.4486
710.5834,336.8334,118.8332,139.3332
717.3456,336.5957,121.3087,141.8087
712.4200,335.1701,111.1599,131.6599
718.3136,333.5636,102.3729,122.8729
710.0853,328.8352,101.8295,122.3295
718.9587,329.7087,114.0825,134.5825
716.8023,336.0523,105.3954,125.8954
721.1796,325.9296,109.6408,130.1408
733.6650,334.4150,92.6701,113.1701
737.6572,319.9072,104.6856,125.1856
743.5932,319.3432,112.8136,133.3136
727.8893,329.1393,108.2214,128.7214
733.7854,328.0354,97.4292,117.9292
744.2403,325.9903,107.5194,128.0194
742.7425,334.9925,102.5150,123.0150
751.6722,333.9222,98.6556,119.1556
737.7097,324.4596,108.5807,129.0807
741.7108,334.4607,98.5785,119.0785
752.7926,331.5426,100.4148,120.9148
776.0891,352.8391,55.8219,76.3219
762.5626,345.3126,86.8749,107.3749
401.0000,775.5000,22.0000,63.0000
786.6724,374.9224,37.6552,58.1552
773.6583,346.9083,97.6833,118.1833
763.3545,370.1045,74.2910,94.7910
779.1678,342.9178,107.6644,128.1644
779.2709,345.0209,109.4581,129.9581
779.7701,356.0202,88.4597,108.9597
786.4876,353.7376,102.0247,122.5247
783.5096,349.7596,114.9808,135.4808
772.0103,356.2603,95.9794,116.4794
780.9326,345.1826,111.1349,131.6349
796.9647,348.2147,110.0707,130.5707
793.4584,342.7083,110.0833,130.5833
784.8074,367.0574,90.3851,110.8851
787.0052,346.7552,94.9896,115.4896
792.9846,360.7346,92.0309,112.5309
799.2196,356.4696,103.5608,124.0608
793.8004,356.0504,101.3991,121.8991
789.6226,354.8726,107.7548,128.2549
769.3190,346.5689,113.3621,133.8621
770.6768,350.4268,112.6464,133.1464
778.0648,377.3148,95.8705,116.3705
770.5172,373.7672,90.9656,111.4656
768.3843,362.6343,93.2314,113.7314
769.1766,386.9266,70.6469,91.1469
766.3283,371.5783,80.3433,100.8433
763.3671,379.1171,64.2658,84.7658
747.4319,372.6819,88.1362,108.6362
753.2161,348.4660,108.5679,129.0679
746.1151,349.3651,110.7697,131.2697
741.3783,358.6283,91.2434,111.7434
750.8815,366.1315,71.2370,91.7370
744.7094,363.9594,92.5812,113.0812
733.6131,370.8631,93.7738,114.2738
758.4518,374.2018,90.0965,110.5965
750.4714,369.7214,94.0572,114.5572
745.9348,371.1848,101.1305,121.6305
746.7088,377.4588,100.5824,121.0824
743.2356,390.4856,93.5288,114.0288
736.1886,395.9386,99.6228,120.1228
728.1383,391.3883,96.7234,117.2234
732.9254,400.6754,88.1492,108.6492
739.1997,390.9497,90.6006,111.1006
731.4292,398.6792,78.1416,98.6416
738.1891,408.4391,71.6218,92.1218
723.8095,402.0595,83.3809,103.8809
728.6722,392.9222,90.6555,111.1555
709.6305,392.3805,93.7390,114.2390
699.5331,390.2831,95.9338,116.4338
695.0526,392.8026,92.8948,113.3948
697.5029,390.7529,96.9942,117.4942
702.3101,386.0601,99.3799,119.8799
702.6173,413.3673,65.7654,86.2654
690.5009,424.2508,85.9983,106.4983
677.0178,402.7678,98.9645,119.4645
682.3837,414.6337,99.2327,119.7327
427.0000,687.5000,22.0000,63.0000
686.9633,449.2133,62.0735,82.5735
680.5775,446.8275,52.8450,73.3450
686.1438,423.3938,51.7124,72.2124
678.1390,440.3890,47.7219,68.2219
665.5066,430.2566,95.9868,116.4868
662.8622,436.6122,78.2756,98.7756
677.2884,460.5384,61.4232,81.9232
679.5473,441.2973,51.9054,72.4054
673.3167,451.0667,49.3667,69.8667
672.1713,447.4214,43.6573,64.1573
648.7573,423.5073,88.4855,108.9855
664.8752,420.1252,73.2495,93.7495
654.4490,416.6990,87.1019,107.6019
647.9218,416.1718,86.1565,106.6565
655.1378,413.3878,70.7244,91.2244
644.6830,408.4331,87.6339,108.1339
665.7868,427.0368,53.4264,73.9264
661.1253,416.3753,64.7494,85.2494
435.0000,659.5000,22.0000,63.0000
467.0000,658.5000,22.0000,63.0000
483.0000,658.5000,22.0000,63.0000
435.0000,659.5000,22.0000,63.0000
668.7622,453.5122,31.4756,51.9756
500.0000,601.5000,22.0000,63.0000
629.0000,328.5000,22.0000,63.0000
467.0000,658.5000,22.0000,63.0000
451.0000,658.5000,22.0000,63.0000
467.0000,658.5000,22.0000,63.0000
483.0000,629.5000,22.0000,63.0000
451.0000,658.5000,22.0000,63.0000
467.0000,658.5000,22.0000,63.0000
467.0000,658.5000,22.0000,63.0000
467.0000,658.5000,22.0000,63.0000
483.0000,658.5000,22.0000,63.0000
629.0000,328.5000,22.0000,63.0000
508.0000,630.5000,22.0000,63.0000
629.0000,328.5000,22.0000,63.0000
516.0000,629.5000,22.0000,63.0000
629.0000,328.5000,22.0000,63.0000
629.0000,328.5000,22.0000,63.0000
500.0000,600.5000,22.0000,63.0000
484.0000,629.5000,22.0000,63.0000
484.0000,629.5000,22.0000,63.0000
484.0000,629.5000,22.0000,63.0000
467.0000,600.5000,22.0000,63.0000
483.0000,629.5000,22.0000,63.0000
483.0000,629.5000,22.0000,63.0000
467.0000,600.5000,22.0000,63.0000
451.0000,629.5000,22.0000,63.0000
656.2864,439.0364,38.4272,58.9272
664.5033,432.2533,29.9934,50.4934
483.0000,629.5000,22.0000,63.0000
647.9167,422.1668,74.1665,94.6665
451.0000,629.5000,22.0000,63.0000
419.0000,629.5000,22.0000,63.0000
467.0000,658.5000,22.0000,63.0000
598.3965,403.6465,93.2071,113.7071
645.4861,415.7361,47.0278,67.5278
640.1360,396.8860,74.7279,95.2279
629.0000,328.5000,22.0000,63.0000
451.0000,629.5000,22.0000,63.0000
418.0000,629.5000,22.0000,63.0000
610.2977,404.0477,59.4045,79.9045
434.0000,600.5000,22.0000,63.0000
591.9376,406.1876,51.1248,71.6248
583.4376,397.1876,64.1249,84.6249
434.0000,600.5000,22.0000,63.0000
579.2294,402.4794,62.5412,83.0412
582.5857,406.8357,48.8286,69.3286
580.3592,394.6092,65.2817,85.7817
593.2976,399.5476,46.4048,66.9048
583.9188,369.6688,94.1625,114.6625
558.9794,377.2295,84.0411,104.5411
561.9868,361.2368,106.0263,126.5263
580.5969,375.8469,63.8063,84.3063
582.7484,356.4984,89.5032,110.0032
587.5486,350.2986,82.9027,103.4027
572.9683,361.7183,74.0635,94.5635
566.3841,354.1341,88.2318,108.7318
369.0000,600.5000,22.0000,63.0000
579.9431,334.6931,112.1138,132.6138
583.3589,362.1089,68.2822,88.7822
401.0000,542.5000,22.0000,63.0000
385.0000,571.5000,22.0000,63.0000
402.0000,542.5000,22.0000,63.0000
402.0000,542.5000,22.0000,63.0000
629.0000,328.5000,22.0000,63.0000
629.0000,328.5000,22.0000,63.0000
629.0000,328.5000,22.0000,63.0000
629.0000,328.5000,22.0000,63.0000
386.0000,571.5000,22.0000,63.0000
629.0000,328.5000,22.0000,63.0000
629.0000,328.5000,22.0000,63.0000
629.0000,328.5000,22.0000,63.0000
629.0000,328.5000,22.0000,63.0000
629.0000,328.5000,22.0000,63.0000
629.0000,328.5000,22.0000,63.0000
629.0000,328.5000,22.0000,63.0000
629.0000,328.5000,22.0000,63.0000
629.0000,328.5000,22.0000,63.0000
629.0000,328.5000,22.0000,63.0000
629.0000,328.5000,22.0000,63.0000
629.0000,328.5000,22.0000,63.0000
629.0000,328.5000,22.0000,63.0000
629.0000,328.5000,22.0000,63.0000
629.0000,328.5000,22.0000,63.0000
629.0000,328.5000,22.0000,63.0000
629.0000,328.5000,22.0000,63.0000
402.0000,484.5000,22.0000,63.0000
629.0000,328.5000,22.0000,63.0000
629.0000,328.5000,22.0000,63.0000
629.0000,328.5000,22.0000,63.0000
629.0000,328.5000,22.0000,63.0000
394.0000,542.5000,22.0000,63.0000
418.0000,513.5000,22.0000,63.0000
629.0000,328.5000,22.0000,63.0000
629.0000,328.5000,22.0000,63.0000
629.0000,328.5000,22.0000,63.0000
629.0000,328.5000,22.0000,63.0000
385.0000,455.5000,22.0000,63.0000
385.0000,513.5000,22.0000,63.0000
629.0000,328.5000,22.0000,63.0000
385.0000,426.5000,22.0000,63.0000
360.0000,455.5000,22.0000,63.0000
629.0000,328.5000,22.0000,63.0000
377.0000,425.5000,22.0000,63.0000
369.0000,426.5000,22.0000,63.0000
377.0000,425.5000,22.0000,63.0000
369.0000,426.5000,22.0000,63.0000
452.0214,323.2714,51.9573,72.4573
451.6599,329.9099,43.6803,64.1803
431.7490,319.9990,72.5020,93.0020
377.0000,426.5000,22.0000,63.0000
629.0000,328.5000,22.0000,63.0000
629.0000,328.5000,22.0000,63.0000
629.0000,328.5000,22.0000,63.0000
629.0000,328.5000,22.0000,63.0000
353.0000,426.5000,22.0000,63.0000
482.9111,278.6611,84.1779,104.6779
486.4862,284.2362,70.0275,90.5275
507.8286,297.0786,40.3428,60.8428
303.0000,556.5000,22.0000,63.0000
529.6970,269.9471,73.6059,94.1059
512.8766,260.1266,97.2467,117.7467
528.2084,237.9584,105.5833,126.0833
510.6879,253.4379,97.6242,118.1242
528.1099,236.8598,104.7803,125.2803
524.9385,254.6884,81.1231,101.6231
532.8324,253.5824,72.3351,92.8351
525.9418,246.1918,84.1163,104.6163
543.4376,245.1875,86.1249,106.6249
559.7332,238.4832,96.5336,117.0336
520.6063,234.8563,103.7874,124.2874
518.4143,232.6643,113.1714,133.6714
460.6732,212.9232,130.6537,151.1537
524.8798,237.6298,92.2404,112.7404
504.2750,230.5250,68.4500,88.9500
519.2314,214.4814,81.5372,102.0372
867.8139,399.5639,81.3722,101.8722
844.3848,405.6348,76.2304,96.7304
846.9030,395.1530,105.1939,125.6939
823.4315,369.1815,73.1369,93.6369
449.6792,231.9292,59.6415,80.1415
922.4561,383.7061,48.0877,68.5877
848.5919,374.3419,91.8161,112.3161
563.7293,238.4793,83.5414,104.0414
496.9794,213.2294,102.0412,122.5412
813.5233,387.2733,61.9534,82.4534
756.8696,387.1197,78.2607,98.7607
720.5889,376.8388,72.8223,93.3223
532.3321,230.0821,38.3359,58.8359
680.4886,365.7386,99.0227,119.5227
466.3908,211.1408,91.2185,111.7185
707.7719,381.0219,82.4563,102.9563
744.5738,398.3238,77.8524,98.3524
492.8271,219.0771,73.3458,93.8458
753.3281,409.0781,69.3438,89.8438
470.1050,203.3550,97.7900,118.2900
481.1455,213.3955,78.7089,99.2089
760.1327,405.8827,61.7346,82.2346
738.0439,397.7939,67.9122,88.4122
479.9595,209.7095,48.0810,68.5810
445.1360,194.8860,108.7279,129.2279
679.6771,311.9271,97.6458,118.1458
696.1958,327.4458,90.6084,111.1084
509.5471,190.7971,95.9058,116.4058
514.6714,199.4214,86.6571,107.1571
568.0765,175.3266,126.8469,147.3469
568.6541,181.4041,114.6918,135.1918
562.4858,186.2358,86.0283,106.5283
571.6035,182.3535,117.7930,138.2930
569.5781,172.8280,119.8439,140.3439
565.4594,187.2094,91.0812,111.5812
577.2826,161.0326,114.4348,134.9348
222.0000,571.5000,22.0000,63.0000
189.0000,571.5000,22.0000,63.0000
629.0000,328.5000,22.0000,63.0000
578.3044,159.5544,60.3913,80.8913
197.0000,557.5000,22.0000,63.0000
629.0000,328.5000,22.0000,63.0000
500.0000,833.5000,22.0000,63.0000
629.0000,328.5000,22.0000,63.0000
385.0000,513.5000,22.0000,63.0000
629.0000,328.5000,22.0000,63.0000
157.0000,571.5000,22.0000,63.0000
803.1506,463.9006,45.6987,66.1987
796.5245,467.2745,33.9510,54.4510
500.0000,775.5000,22.0000,63.0000
353.0000,571.5000,22.0000,63.0000
189.0000,629.5000,22.0000,63.0000
205.0000,614.5000,22.0000,63.0000
542.1831,230.4331,88.6338,109.1338
320.0000,775.5000,22.0000,63.0000
435.0000,775.5000,22.0000,63.0000
773.0871,426.3371,56.8258,77.3258
435.0000,775.5000,22.0000,63.0000
434.0000,775.5000,22.0000,63.0000
745.4853,356.7353,62.0294,82.5294
418.0000,775.5000,22.0000,63.0000
402.0000,732.5000,22.0000,63.0000
418.0000,717.5000,22.0000,63.0000
238.0000,557.5000,22.0000,63.0000
418.0000,774.5000,22.0000,63.0000
402.0000,775.5000,22.0000,63.0000
287.0000,513.5000,22.0000,63.0000
352.0000,774.5000,22.0000,63.0000
320.0000,746.5000,22.0000,63.0000
617.0084,219.2584,99.9831,120.4831
270.0000,731.5000,22.0000,63.0000
271.0000,717.5000,22.0000,63.0000
721.1697,223.9197,68.6606,89.1606
723.8010,221.0510,78.3981,98.8981
255.0000,774.5000,22.0000,63.0000
717.6312,247.3812,63.7376,84.2376
748.0568,267.8067,42.8865,63.3865
725.9376,247.1876,83.1249,103.6249
718.5361,240.2860,95.9279,116.4279
735.9438,207.1938,111.1124,131.6124
735.0834,220.8334,85.8331,106.3331
746.3047,197.0548,103.3905,123.8905
685.3751,168.1252,115.2497,135.7497
749.3640,194.6140,100.2721,120.7721
762.7667,193.5167,104.4666,124.9666
769.5626,193.3125,98.8749,119.3749
773.8632,171.1132,105.2735,125.7735
800.7431,175.9931,92.5138,113.0138
723.8403,146.5903,113.3194,133.8194
803.9851,165.7351,99.0298,119.5298
801.8826,206.6326,62.2348,82.7348
805.9266,167.1766,108.1468,128.6468
819.2377,178.9877,107.5246,128.0246
831.2777,164.5277,112.4446,132.9446
840.4408,178.6908,106.1183,126.6183
821.5812,172.3313,117.8375,138.3375
830.4075,164.1575,119.1850,139.6850
849.1442,172.8941,109.7117,130.2117
833.3464,170.0964,115.3072,135.8072
836.7542,170.0042,115.4916,135.9916
838.1918,164.9418,121.6165,142.1165
839.5321,156.2821,121.9358,142.4358
830.3511,159.1011,125.2979,145.7979
827.6010,155.8510,124.7981,145.2981
837.3319,152.0819,122.3362,142.8362
832.4197,151.6697,123.1606,143.6606
835.2868,150.0368,121.4264,141.9265
817.4178,149.6678,128.1644,148.6644
814.7355,157.9855,118.5291,139.0291
793.0642,156.8142,123.8716,144.3716
801.0834,140.8334,127.8332,148.3332
783.7133,146.4633,123.5733,144.0733
779.8201,144.5700,123.3599,143.8599
769.3279,146.5780,114.3441,134.8441
665.3679,156.1179,158.2642,178.7642
743.1502,147.9002,125.6996,146.1996
706.3613,154.6113,128.2775,148.7775
717.3085,154.0585,126.3831,146.8831
726.2233,147.4733,125.5535,146.0535
720.3188,143.0689,134.3623,154.8623
719.4252,141.6752,133.1495,153.6495
727.1972,133.4472,130.6056,151.1056
710.0126,137.7626,129.9748,150.4748
696.5448,147.7948,130.9104,151.4104
704.3063,142.5562,125.3875,145.8875
707.9424,140.6925,125.1151,145.6151
706.8412,135.5913,127.3175,147.8175
704.1917,140.9416,125.6168,146.1168
708.1041,133.8541,126.7918,147.2918
704.6338,140.8838,126.7325,147.2325
705.9265,140.6765,130.1470,150.6470
725.2604,135.0105,130.4791,150.9791
732.5848,134.3348,128.8304,149.3304
729.3229,136.5729,128.3542,148.8542
719.0735,140.8235,130.8530,151.3530
763.9391,127.6891,130.1218,150.6218
753.8979,135.6479,126.2042,146.7042
769.0428,122.7929,134.9143,155.4143
776.8039,123.0539,137.3922,157.8922
780.9636,127.7136,133.0727,153.5727
780.0130,131.7630,130.9740,151.4740
798.4576,134.2076,129.0847,149.5847
792.4330,133.6830,134.1341,154.6341
805.4194,131.6693,138.1613,158.6613
806.7505,135.0005,137.4990,157.9990
803.5551,135.8050,135.8900,156.3900
812.8781,130.6280,140.2440,160.7440
815.8215,133.0715,139.3569,159.8569
823.8542,134.1042,136.2917,156.7917
816.6927,137.4427,137.6146,158.1146
820.0464,136.2964,142.9072,163.4072
830.0310,134.2810,139.9380,160.4380
836.9587,128.7087,144.0827,164.5827
849.5861,129.8361,135.8279,156.3279
834.9390,130.6889,143.1221,163.6221
834.9167,128.6667,146.1666,166.6666
794.9793,135.2293,156.0414,176.5414
832.6719,123.4219,144.6563,165.1563
806.5625,129.8125,152.8749,173.3749
783.4337,135.6837,158.1326,178.6326
793.0419,134.7920,159.9161,180.4161
778.7292,142.9792,152.5415,173.0415
802.3172,128.5672,151.3656,171.8656
799.3433,133.5932,148.3135,168.8135
813.8253,130.0752,146.3495,166.8495
800.3663,129.1163,153.2673,173.7673
788.6895,131.4394,158.6211,179.1211
785.4337,132.6837,158.1326,178.6326
799.6339,134.3839,152.7321,173.2321
806.2318,134.4818,151.5365,172.0365
778.0260,141.7760,152.9481,173.4481
782.3063,134.5563,156.3874,176.8874
779.6877,131.4377,157.6245,178.1245
761.6869,136.9369,160.6262,181.1262
765.4940,135.7440,158.0119,178.5119
756.1756,135.9256,160.6488,181.1488
760.7922,130.5422,160.4155,180.9155
751.0460,134.7961,158.9079,179.4079
747.3467,135.5967,156.3066,176.8066
754.9003,130.1502,155.1995,175.6995
743.1742,133.4242,163.6516,184.1516
749.6210,131.8711,165.7579,186.2579
745.3006,138.5506,160.3988,180.8988
738.2668,141.5168,163.4664,183.9664
735.2405,149.9904,161.5191,182.0191
734.1379,144.3879,166.7241,187.2241
749.3094,141.0594,162.3811,182.8811
736.7533,147.5033,163.4934,183.9934
739.0242,141.7742,165.9516,186.4516
746.7504,141.0004,166.4992,186.9992
739.0364,140.2864,168.9272,189.4272
731.7875,140.5376,172.4249,192.9249
732.2155,146.9655,170.5690,191.0690
715.5953,150.8453,174.8093,195.3093
743.5482,152.2982,167.9036,188.4036
735.9744,153.7244,165.0511,185.5511
645.0029,236.2528,98.9943,119.4943
725.0448,163.2948,169.9104,190.4104
730.8961,177.1460,160.2079,180.7079
738.6743,174.4243,159.6514,180.1514
754.7699,174.5199,155.4602,175.9602
763.9841,170.7340,152.0319,172.5319
754.3084,174.5584,155.3832,175.8832
912.9664,177.2164,89.0673,109.5673
903.5656,180.3156,91.8687,112.3687
915.2084,177.4584,96.5833,117.0833
933.5626,182.3125,90.8749,111.3749
657.0934,268.3434,77.8132,98.3132
654.9304,270.1804,72.1392,92.6392
930.0668,190.8168,84.8664,105.3664
965.0929,196.8429,74.8142,95.3142
977.0964,202.3465,71.8071,92.3071
648.4054,278.6554,73.1892,93.6892
642.1307,269.3807,79.7386,100.2386
636.7200,278.9701,71.5599,92.0599
653.4315,272.6815,73.1369,93.6369
650.9688,279.7188,69.0625,89.5625
655.3752,278.1252,75.2495,95.7495
654.4512,277.7012,75.0976,95.5976
653.5889,280.3388,72.8223,93.3223
652.6807,293.9307,60.6387,81.1387
653.6995,294.4495,55.6010,76.1010
648.9734,287.7234,58.0532,78.5532
641.3638,295.6138,54.2724,74.7724
643.1846,310.4347,42.6307,63.1307
641.7650,305.5150,48.4700,68.9700
634.1826,304.4326,54.6348,75.1348
632.4127,316.1627,46.1746,66.6746
620.8981,317.1480,44.2039,64.7039
617.5435,293.2935,56.9130,77.4130
614.8798,307.6298,53.2404,73.7404
599.0591,292.8091,64.8818,85.3818
590.9182,291.1682,72.1637,92.6637
589.3586,309.6086,63.2829,83.7829
597.0424,328.7923,44.9153,65.4153
583.1768,322.4268,54.6463,75.1463
578.1762,318.9262,57.6476,78.1476
567.2822,315.0322,59.4355,79.9355
569.5114,307.7614,65.9773,86.4773
574.7740,321.0240,60.4520,80.9520
580.5244,330.7744,51.9512,72.4512
581.1459,326.8958,44.7083,65.2083
580.5000,328.2500,47.0000,67.5000
588.4003,335.1503,41.1993,61.6993
585.3641,339.1141,38.2718,58.7718
586.3312,335.0812,46.3377,66.8377
594.3624,328.6124,59.2753,79.7753
598.4031,325.1531,58.1937,78.6937
596.3340,320.0840,53.3320,73.8320
615.7173,329.9673,43.5653,64.0653
609.2358,331.4858,50.5285,71.0285
608.1688,332.9188,52.6623,73.1623
612.5751,331.8251,55.8498,76.3497
613.6502,335.4002,53.6995,74.1995
615.2357,333.9856,54.5287,75.0287
606.1636,336.4136,56.6727,77.1728
631.6203,342.3703,47.7594,68.2594
628.6525,349.4024,45.6951,66.1951
638.3342,350.0843,41.3315,61.8315
651.7181,352.4681,32.5639,53.0639
377.0000,658.5000,22.0000,63.0000
352.0000,658.5000,22.0000,63.0000
369.0000,615.5000,22.0000,63.0000
369.0000,615.5000,22.0000,63.0000
369.0000,615.5000,22.0000,63.0000
369.0000,658.5000,22.0000,63.0000
385.0000,630.5000,22.0000,63.0000
385.0000,629.5000,22.0000,63.0000
385.0000,601.5000,22.0000,63.0000
402.0000,615.5000,22.0000,63.0000
401.0000,614.5000,22.0000,63.0000
385.0000,600.5000,22.0000,63.0000
402.0000,600.5000,22.0000,63.0000
385.0000,629.5000,22.0000,63.0000
385.0000,615.5000,22.0000,63.0000
629.5965,369.8465,36.8070,57.3070
629.6109,380.8609,18.7782,39.2782
615.6550,375.9050,40.6901,61.1901
618.3274,352.5774,55.3452,75.8452
617.2711,359.0211,61.4579,81.9579
609.6053,363.8554,54.7893,75.2893
603.9557,359.2058,59.0885,79.5885
611.1178,352.3678,60.7644,81.2644
606.3050,358.0550,56.3900,76.8900
593.9376,356.1876,63.1249,83.6248
612.3608,366.1109,45.2783,65.7783
606.8362,371.0862,49.3275,69.8275
594.1166,368.3666,53.7668,74.2668
577.8661,359.1161,65.2679,85.7679
594.9693,350.7193,68.0614,88.5614
595.9268,347.1768,69.1464,89.6464
580.5828,355.8327,69.8345,90.3345
589.7905,342.0404,77.4191,97.9191
580.8024,343.5524,75.3953,95.8953
597.9760,331.7260,84.0479,104.5479
590.5300,336.7799,81.9401,102.4401
585.6225,339.3725,79.7550,100.2550
586.4524,317.2024,95.0952,115.5952
600.4064,312.6563,95.1873,115.6873
587.0390,320.7890,87.9220,108.4220
618.6670,306.4170,100.6660,121.1660
606.0626,323.3126,84.8749,105.3749
607.0602,321.8102,89.8797,110.3797
602.2416,304.9916,100.5168,121.0168
614.4900,314.2400,92.0201,112.5201
619.0259,318.7759,97.9483,118.4483
620.5427,313.7928,89.9145,110.4145
619.9747,298.7247,100.0505,120.5505
644.1714,287.9214,105.6573,126.1573
667.6953,298.4453,95.6094,116.1094
632.5735,312.8235,90.8530,111.3530
627.7684,282.0184,109.4632,129.9632
637.3185,291.0685,99.3629,119.8629
635.7108,282.9608,95.5784,116.0784
667.4641,281.7141,98.0718,118.5718
635.6002,283.3503,103.7995,124.2995
640.4016,267.1516,115.1969,135.6969
659.3129,260.0629,99.3742,119.8742
667.1020,263.8520,91.7960,112.2960
676.2377,268.9877,87.5245,108.0245
667.1942,249.4442,99.6115,120.1115
677.3112,266.5612,81.3776,101.8776
668.7511,301.5011,66.4977,86.9977
662.9268,280.6768,75.1463,95.6463
676.5709,284.8209,63.8583,84.3583
660.5109,287.2609,73.9782,94.4782
682.0522,298.8022,40.8957,61.3957
691.9480,274.1980,47.1040,67.6040
689.6010,315.3510,20.7980,41.2980
692.6432,269.8932,66.7136,87.2136
336.0000,658.5000,22.0000,63.0000
336.0000,658.5000,22.0000,63.0000
287.0000,659.5000,22.0000,63.0000
287.0000,687.5000,22.0000,63.0000
629.0000,328.5000,22.0000,63.0000
287.0000,687.5000,22.0000,63.0000
629.0000,328.5000,22.0000,63.0000
685.7439,239.4939,31.5122,52.0122
629.0000,328.5000,22.0000,63.0000
629.0000,328.5000,22.0000,63.0000
629.0000,328.5000,22.0000,63.0000
629.0000,328.5000,22.0000,63.0000
629.0000,328.5000,22.0000,63.0000
255.0000,775.5000,22.0000,63.0000
629.0000,328.5000,22.0000,63.0000
629.0000,328.5000,22.0000,63.0000
629.0000,328.5000,22.0000,63.0000
629.0000,328.5000,22.0000,63.0000
629.0000,328.5000,22.0000,63.0000
629.0000,328.5000,22.0000,63.0000
629.0000,328.5000,22.0000,63.0000
629.0000,328.5000,22.0000,63.0000
629.0000,328.5000,22.0000,63.0000
629.0000,328.5000,22.0000,63.0000
629.0000,328.5000,22.0000,63.0000
629.0000,328.5000,22.0000,63.0000
629.0000,328.5000,22.0000,63.0000
629.0000,328.5000,22.0000,63.0000
629.0000,328.5000,22.0000,63.0000
629.0000,328.5000,22.0000,63.0000
629.0000,328.5000,22.0000,63.0000
629.0000,328.5000,22.0000,63.0000
353.0000,659.5000,22.0000,63.0000
353.0000,659.5000,22.0000,63.0000
629.0000,328.5000,22.0000,63.0000
629.0000,328.5000,22.0000,63.0000
629.0000,328.5000,22.0000,63.0000
629.0000,328.5000,22.0000,63.0000
629.0000,328.5000,22.0000,63.0000
629.0000,328.5000,22.0000,63.0000
629.0000,328.5000,22.0000,63.0000
629.0000,328.5000,22.0000,63.0000
629.0000,328.5000,22.0000,63.0000
629.0000,328.5000,22.0000,63.0000
629.0000,328.5000,22.0000,63.0000
629.0000,328.5000,22.0000,63.0000
629.0000,328.5000,22.0000,63.0000
320.0000,673.5000,22.0000,63.0000
336.0000,659.5000,22.0000,63.0000
629.0000,328.5000,22.0000,63.0000
320.0000,658.5000,22.0000,63.0000
320.0000,658.5000,22.0000,63.0000
320.0000,658.5000,22.0000,63.0000
320.0000,658.5000,22.0000,63.0000
629.0000,328.5000,22.0000,63.0000
629.0000,328.5000,22.0000,63.0000
312.0000,658.5000,22.0000,63.0000
312.0000,659.5000,22.0000,63.0000
304.0000,673.5000,22.0000,63.0000
304.0000,659.5000,22.0000,63.0000
304.0000,658.5000,22.0000,63.0000
287.0000,659.5000,22.0000,63.0000
287.0000,687.5000,22.0000,63.0000
692.3063,286.5562,25.3875,45.8875
287.0000,687.5000,22.0000,63.0000
287.0000,688.5000,22.0000,63.0000
710.5697,280.3197,28.8606,49.3606
287.0000,716.5000,22.0000,63.0000
287.0000,716.5000,22.0000,63.0000
271.0000,673.5000,22.0000,63.0000
710.0084,255.2583,55.9833,76.4833
287.0000,746.5000,22.0000,63.0000
287.0000,731.5000,22.0000,63.0000
773.3336,278.0836,42.3329,62.8329
781.8542,280.6042,40.2916,60.7916
780.2212,275.4712,43.5576,64.0576
786.9149,270.1649,30.1703,50.6703
754.3826,244.6326,62.2348,82.7348
776.1327,246.8827,61.7346,82.2346
751.9969,254.2469,52.0061,72.5061
787.4346,254.1846,52.1309,72.6309
287.0000,775.5000,22.0000,63.0000
807.5774,262.8274,23.8452,44.3452
287.0000,804.5000,22.0000,63.0000
808.5313,270.7813,42.9374,63.4374
817.3229,266.0729,50.3542,70.8542
832.0732,279.8232,28.8536,49.3536
296.0000,789.5000,22.0000,63.0000
287.0000,804.5000,22.0000,63.0000
287.0000,804.5000,22.0000,63.0000
839.5629,278.3129,21.8743,42.3743
287.0000,833.5000,22.0000,63.0000
826.7517,270.0017,47.4966,67.9966
818.2180,266.4679,67.5641,88.0641
823.2717,252.5217,71.4566,91.9566
811.5065,248.2565,77.9869,98.4869
808.5054,238.7554,80.9893,101.4893
781.7123,235.9623,85.5755,106.0755
790.7361,225.9861,87.5278,108.0278
783.9020,230.6520,90.1960,110.6960
770.7361,222.9861,87.5278,108.0278
790.8186,241.0686,88.3628,108.8628
807.4487,244.1987,78.1025,98.6025
773.6670,242.9170,91.6660,112.1660
775.4594,242.2094,91.0812,111.5812
776.2313,249.9813,84.5374,105.0374
767.7917,246.0417,93.4166,113.9166
770.8875,241.6375,102.2250,122.7250
792.7753,251.0253,92.4494,112.9494
807.9523,241.7023,100.0955,120.5955
777.5861,233.3361,95.8278,116.3278
838.6743,227.9242,102.6515,123.1515
809.9435,237.1935,95.1130,115.6130
823.5804,234.8304,94.8391,115.3391
784.5861,241.3361,95.8278,116.3278
775.7316,233.4816,102.5369,123.0369
813.1771,235.4271,97.6458,118.1458
780.3157,231.0657,99.3685,119.8685
797.7144,232.9644,100.5712,121.0712
841.8899,230.6399,104.2202,124.7202
846.2160,231.9660,106.5680,127.0680
858.5669,237.8169,96.8662,117.3662
842.5128,238.7628,88.9744,109.4744
836.3657,256.6157,76.2687,96.7687
849.9424,253.6924,75.1151,95.6151
835.0617,243.8117,83.8766,104.3766
816.3606,238.1106,79.2788,99.7788
858.5507,243.8007,89.8987,110.3987
840.7084,247.9584,84.5833,105.0833
876.2337,266.4837,45.5326,66.0326
895.9594,266.7094,54.0813,74.5813
883.3792,259.1291,60.2417,80.7418
875.5626,260.8127,38.8747,59.3747
869.8976,264.6476,53.2049,73.7049
869.7427,273.9926,36.5147,57.0147
849.0714,264.8214,60.8573,81.3573
861.0428,278.2928,48.9144,69.4144
860.4030,265.1530,65.1941,85.6941
841.5862,271.3362,63.8275,84.3276
853.3881,252.6380,79.2239,99.7239
824.1221,257.8721,70.7558,91.2558
814.5414,234.2915,99.9171,120.4171
835.6053,248.3554,89.7893,110.2893
837.0618,230.8118,94.8764,115.3764
824.7421,239.9921,98.5157,119.0157
783.9537,245.2037,100.0927,120.5927
789.8430,243.0930,104.3140,124.8140
818.0309,246.2809,99.9382,120.4382
807.0591,245.8091,100.8819,121.3819
810.6088,232.8588,102.7823,123.2823
777.6670,254.9170,97.6660,118.1660
773.8430,246.0930,104.3140,124.8140
783.4551,235.7051,114.0898,134.5898
741.8379,235.5879,108.3242,128.8242
804.2242,240.9742,105.5516,126.0516
787.4496,243.1996,104.1008,124.6008
825.6394,228.3894,98.7211,119.2211
768.3745,221.1245,100.2511,120.7511
735.9092,249.1592,99.1816,119.6816
760.2620,240.5119,89.4761,109.9761
747.7429,258.4929,72.5142,93.0142
738.7638,250.5138,65.4725,85.9725
714.2316,232.9816,75.5368,96.0368
720.5825,263.8326,54.8349,75.3349
734.7764,267.5263,39.4473,59.9473
703.0679,243.8179,69.8643,90.3643
729.7554,274.5054,22.4891,42.9891
695.5349,252.7849,71.9303,92.4303
704.6367,262.3867,76.7267,97.2267
706.8687,260.6186,77.2627,97.7627
693.2710,271.0210,76.4580,96.9580
718.6860,259.4360,71.6280,92.1280
714.2514,262.0014,55.4972,75.9972
733.4703,272.7202,53.0595,73.5595
721.5438,275.2938,50.9124,71.4124
752.0312,276.2813,54.9375,75.4375
732.3270,266.5769,78.3461,98.8461
718.0422,255.2922,90.9156,111.4156
778.0250,272.2750,80.9500,101.4500
783.9111,268.1611,84.1779,104.6779
792.1270,270.3770,80.7460,101.2460
793.2963,272.5463,74.4074,94.9074
336.0000,847.5000,22.0000,63.0000
809.8085,273.5584,79.3831,99.8831
829.7580,275.0080,81.4840,101.9840
789.5261,268.2761,89.9478,110.4478
800.0703,265.8203,99.8594,120.3594
802.8138,275.5638,87.3724,107.8724
821.0250,301.2750,50.9500,71.4500
832.7391,285.4891,91.5217,112.0217
823.7084,284.9583,84.5833,105.0833
320.0000,862.5000,22.0000,63.0000
336.0000,891.5000,22.0000,63.0000
336.0000,891.5000,22.0000,63.0000
629.0000,328.5000,22.0000,63.0000
629.0000,328.5000,22.0000,63.0000
629.0000,328.5000,22.0000,63.0000
369.0000,891.5000,22.0000,63.0000
377.0000,891.5000,22.0000,63.0000
629.0000,328.5000,22.0000,63.0000
418.0000,949.5000,22.0000,63.0000
629.0000,328.5000,22.0000,63.0000
629.0000,328.5000,22.0000,63.0000
418.0000,920.5000,22.0000,63.0000
418.0000,949.5000,22.0000,63.0000
917.2200,369.9700,48.5600,69.0600
386.0000,891.5000,22.0000,63.0000
922.0000,385.7500,22.0000,42.5000
369.0000,891.5000,22.0000,63.0000
629.0000,328.5000,22.0000,63.0000
442.0000,978.5000,22.0000,63.0000
629.0000,328.5000,22.0000,63.0000
629.0000,328.5000,22.0000,63.0000
629.0000,328.5000,22.0000,63.0000
629.0000,328.5000,22.0000,63.0000
629.0000,328.5000,22.0000,63.0000
629.0000,328.5000,22.0000,63.0000
629.0000,328.5000,22.0000,63.0000
629.0000,328.5000,22.0000,63.0000
629.0000,328.5000,22.0000,63.0000
629.0000,328.5000,22.0000,63.0000
629.0000,328.5000,22.0000,63.0000
386.0000,775.5000,22.0000,63.0000
629.0000,328.5000,22.0000,63.0000
443.0000,891.5000,22.0000,63.0000
629.0000,328.5000,22.0000,63.0000
629.0000,328.5000,22.0000,63.0000
629.0000,328.5000,22.0000,63.0000
629.0000,328.5000,22.0000,63.0000
629.0000,328.5000,22.0000,63.0000
418.0000,862.5000,22.0000,63.0000
629.0000,328.5000,22.0000,63.0000
410.0000,775.5000,22.0000,63.0000
402.0000,775.5000,22.0000,63.0000
629.0000,328.5000,22.0000,63.0000
442.0000,891.5000,22.0000,63.0000
418.0000,775.5000,22.0000,63.0000
418.0000,775.5000,22.0000,63.0000
418.0000,862.5000,22.0000,63.0000
629.0000,328.5000,22.0000,63.0000
629.0000,328.5000,22.0000,63.0000
629.0000,328.5000,22.0000,63.0000
629.0000,328.5000,22.0000,63.0000
629.0000,328.5000,22.0000,63.0000
629.0000,328.5000,22.0000,63.0000
629.0000,328.5000,22.0000,63.0000
629.0000,328.5000,22.0000,63.0000
450.0000,891.5000,22.0000,63.0000
629.0000,328.5000,22.0000,63.0000
629.0000,328.5000,22.0000,63.0000
467.0000,891.5000,22.0000,63.0000
629.0000,328.5000,22.0000,63.0000
629.0000,328.5000,22.0000,63.0000
629.0000,328.5000,22.0000,63.0000
629.0000,328.5000,22.0000,63.0000
629.0000,328.5000,22.0000,63.0000
91.0000,106.5000,22.0000,63.0000
320.0000,629.5000,22.0000,63.0000
91.0000,106.5000,22.0000,63.0000
91.0000,106.5000,22.0000,63.0000
91.0000,106.5000,22.0000,63.0000
134.4886,74.7386,55.0227,75.5227
136.7523,82.5023,38.4955,58.9955
136.5626,81.8126,38.8747,59.3747
136.4221,81.1721,43.1559,63.6559
141.3345,85.0845,35.3311,55.8311
99.0000,135.5000,22.0000,63.0000
137.8358,72.0858,55.3283,75.8283
138.2084,74.4584,48.5832,69.0832
138.0835,69.8335,55.8330,76.3330
144.3970,69.1470,54.2059,74.7059
148.1697,72.9197,47.6606,68.1606
143.2515,72.5015,52.4970,72.9970
142.4059,64.1559,70.1883,90.6883
150.0439,62.2939,67.9122,88.4122
152.0047,66.7547,63.9906,84.4906
167.2917,64.5417,69.4166,89.9166
161.8133,75.0633,53.3733,73.8733
166.6625,79.4125,44.6749,65.1749
629.0000,328.5000,22.0000,63.0000
188.5227,70.2727,54.9545,75.4545
186.0688,68.8188,60.8623,81.3623
197.2710,71.5210,67.4579,87.9579
205.7917,72.0417,63.4166,83.9166
208.0334,65.7834,68.9332,89.4332
229.4197,64.1697,74.1605,94.6605
238.6779,61.4279,72.6441,93.1441
235.6424,50.8924,83.7152,104.2152
253.9883,36.7383,91.0234,111.5234
249.2824,45.0324,80.4352,100.9352
271.4215,53.1715,81.1570,101.6570
277.7710,52.0210,85.4580,105.9580
274.5335,57.2835,79.9329,100.4329
293.7376,47.4876,86.5248,107.0248
304.6201,53.8701,84.7597,105.2597
304.6802,65.9302,74.6396,95.1396
316.6479,61.8979,82.7043,103.2043
332.9217,59.6717,78.1565,98.6565
338.2239,61.4739,80.5521,101.0521
372.0263,66.2763,67.9473,88.4473
359.4315,57.1815,73.1369,93.6369
369.3608,46.6108,89.2784,109.7784
391.5461,64.2961,71.9077,92.4077
412.3657,60.6157,76.2687,96.7687
398.1754,57.4254,80.6491,101.1491
403.3334,48.0834,90.3332,110.8332
411.1417,66.3917,71.7166,92.2166
422.2995,60.5495,75.4011,95.9011
423.9615,61.2116,76.0769,96.5769
422.2072,55.9571,79.5857,100.0857
426.3320,55.5820,83.3360,103.8360
426.1504,69.9004,65.6992,86.1992
433.4254,72.1754,62.1493,82.6493
444.9079,75.6579,55.1843,75.6843
439.3589,70.6089,64.2823,84.7823
451.8818,67.6318,68.2364,88.7364
461.1348,71.3848,63.7304,84.2304
462.2989,75.0489,54.4022,74.9022
478.8475,81.5975,42.3050,62.8050
463.7129,71.9629,66.5743,87.0743
458.1291,67.3791,75.7418,96.2418
452.9603,68.2103,77.0795,97.5795
457.1949,68.9449,74.6101,95.1101
455.8139,68.0639,78.3721,98.8721
460.5626,68.8126,74.8749,95.3749
467.1684,67.4184,74.6632,95.1632
462.0317,69.2817,77.9365,98.4365
470.7769,73.5269,71.4463,91.9463
480.4630,76.2130,65.0740,85.5740
484.2917,75.5417,69.4166,89.9166
482.2670,79.0170,62.4660,82.9660
479.8425,74.0925,68.3149,88.8149
476.5179,75.2679,66.9643,87.4643
469.4598,75.7098,70.0805,90.5805
463.3130,71.0631,74.3739,94.8739
462.5505,74.8005,67.8990,88.3990
458.9693,75.7193,68.0614,88.5614
463.9168,78.1668,59.1664,79.6664
459.6163,76.3663,59.7673,80.2673
464.6495,75.3995,62.7011,83.2011
459.7135,75.9635,67.5730,88.0730
459.7130,75.9630,73.5740,94.0740
457.5000,76.7500,68.0000,88.5000
456.0213,77.7713,54.9574,75.4574
452.8358,78.0858,55.3283,75.8283
455.5229,74.7729,70.9541,91.4541
451.7118,76.9618,71.5764,92.0764
460.7775,76.5275,65.4449,85.9449
458.3586,78.6086,63.2829,83.7829
459.4195,77.1695,73.1611,93.6611
464.8197,77.0697,76.3605,96.8605
461.0399,80.2899,79.9202,100.4202
471.7596,82.0096,69.4808,89.9808
477.1895,87.9395,60.6211,81.1211
477.7515,89.0015,53.4971,73.9971
479.1901,92.9401,48.6198,69.1198
482.9328,91.1828,63.1344,83.6344
477.8054,90.5554,67.3893,87.8893
487.1501,81.9001,78.6997,99.1997
485.7472,80.4972,78.5056,99.0056
486.0326,79.2826,79.9348,100.4348
493.1194,80.3694,74.7613,95.2613
488.7917,83.5417,72.4166,92.9166
511.2894,87.0394,74.4212,94.9212
518.2758,88.5258,71.4483,91.9483
547.3862,86.6362,79.2276,99.7276
538.8030,85.5530,79.3941,99.8941
535.3458,90.0958,68.3084,88.8084
547.7993,84.5493,79.4014,99.9014
546.7938,89.5438,79.4124,99.9124
558.7280,85.9780,87.5441,108.0441
556.3744,87.1244,88.2512,108.7512
558.9047,89.1547,87.1906,107.6906
569.8687,90.6186,77.2627,97.7627
581.5652,93.8152,81.8696,102.3696
582.5054,91.7554,80.9893,101.4893
606.6880,99.4380,74.6239,95.1239
595.5000,100.2500,83.0000,103.5000
601.4215,103.6715,81.1570,101.6570
605.9485,107.6985,85.1030,105.6030
608.3063,113.5563,85.3875,105.8875
637.2667,115.5167,89.4666,109.9666
628.5676,120.3176,84.8647,105.3647
621.7414,99.9914,76.5172,97.0172
631.9332,99.6832,82.1337,102.6337
630.6829,95.9329,71.6341,92.1341
621.9963,96.2463,79.0074,99.5074
644.9292,98.6792,78.1416,98.6416
627.6215,103.3714,76.7571,97.2571
635.8542,95.6042,85.2917,105.7917
657.2257,91.4757,85.5486,106.0486
639.0651,95.3151,85.8699,106.3699
641.6650,97.4150,92.6701,113.1701
631.5108,107.7608,91.9784,112.4784
637.2540,112.0040,89.4920,109.9920
651.3190,107.5689,84.3621,104.8621
636.2087,116.9587,80.5827,101.0827
626.1946,111.9446,77.6108,98.1108
603.9789,114.2289,82.0422,102.5422
634.6880,116.9380,76.6239,97.1239
640.6061,134.8562,89.7877,110.2877
625.0032,135.7532,89.9937,110.4937
645.4326,124.1826,86.1349,106.6349
652.0566,138.3065,83.8869,104.3869
653.9310,140.1810,87.1380,107.6380
651.2440,133.4940,84.5119,105.0119
647.4470,137.6970,77.1060,97.6060
650.0508,134.3008,79.8985,100.3985
676.9883,132.7383,91.0234,111.5234
687.4808,135.7308,89.0385,109.5385
693.6445,128.8945,88.7110,109.2110
698.7304,137.4804,87.5392,108.0392
691.3752,133.1252,91.2496,111.7496
715.4144,132.1644,92.1711,112.6711
691.2620,138.5119,89.4761,109.9761
681.7445,133.4945,90.5110,111.0110
755.9615,125.2116,102.0769,122.5769
699.9789,133.2289,82.0422,102.5422
701.0287,137.7787,82.9427,103.4427
703.7917,139.5417,84.4166,104.9166
701.1566,142.4066,86.6869,107.1869
701.5143,142.2643,80.9714,101.4714
694.3856,146.6356,83.2288,103.7288
699.3325,144.0826,81.3349,101.8349
708.9124,144.1624,78.1751,98.6751
712.8614,143.6114,74.2772,94.7772
709.7993,145.5493,79.4014,99.9014
704.9143,146.6643,78.1714,98.6714
703.9590,149.7090,78.0820,98.5820
702.2084,151.4584,75.5833,96.0833
702.6918,150.4418,77.6164,98.1164
712.0964,154.3465,71.8071,92.3071
707.1474,149.3974,78.7052,99.2052
746.6295,144.3795,83.7410,104.2410
705.1529,149.4029,78.6942,99.1942
696.6777,151.9277,77.6446,98.1446
689.0674,153.3174,75.8652,96.3652
686.1834,156.9334,78.6332,99.1332
695.0041,158.2541,71.9918,92.4918
696.0894,149.3394,80.8212,101.3212
697.6754,148.4254,80.6491,101.1491
698.2126,148.4626,79.5748,100.0748
694.5054,150.7554,80.9893,101.4893
690.9111,143.1611,84.1779,104.6779
693.8069,148.5569,82.3863,102.8863
684.8348,147.0848,88.3305,108.8305
679.5737,154.3236,89.8527,110.3527
681.6754,153.4254,90.6492,111.1492
676.4815,159.7315,92.0370,112.5370
681.3251,157.5751,88.3499,108.8499
689.1270,148.8769,83.7461,104.2461
684.1681,146.4181,89.6638,110.1638
692.2868,147.0368,87.4264,107.9264
684.4417,154.6917,86.1166,106.6166
669.1603,179.4103,85.6793,106.1793
685.9623,155.7123,84.0753,104.5753
693.9757,150.2257,83.0486,103.5486
693.8251,153.5751,78.3498,98.8498
682.3761,179.1261,82.2478,102.7478
684.6411,175.3911,85.7178,106.2178
699.9501,169.7000,66.0999,86.5999
693.3922,176.6422,77.2156,97.7156
683.7431,165.4931,83.5138,104.0138
703.5024,178.7524,63.9953,84.4953
685.8503,201.1003,86.2994,106.7994
687.6372,202.8872,73.7256,94.2256
690.5607,194.3107,76.8787,97.3787
701.0963,195.8463,75.8074,96.3074
708.5048,173.2548,75.9904,96.4904
697.6917,193.9417,78.6166,99.1166
699.2075,189.9574,78.5851,99.0851
695.9543,204.2043,82.0915,102.5915
689.5676,210.3176,85.8649,106.3649
685.1769,217.4269,78.6461,99.1461
713.1771,215.9271,61.6458,82.1458
695.6893,216.9393,65.6214,86.1214
728.1175,191.3675,58.7650,79.2651
716.4688,209.7188,71.0625,91.5625
727.2306,192.9806,62.5388,83.0388
704.9990,209.7490,75.0020,95.5020
720.1871,205.9371,73.6259,94.1259
737.1252,191.3752,73.7495,94.2495
719.0953,203.3453,77.8094,98.3094
719.4877,198.7377,82.0246,102.5246
718.4323,197.1823,82.1354,102.6354
720.0881,199.8381,81.8237,102.3237
728.6747,200.4247,86.6505,107.1505
746.7500,195.5000,93.5000,114.0000
734.2194,202.9694,84.5612,105.0612
755.0834,193.3334,91.8332,112.3332
696.5839,210.8339,98.8322,119.3322
711.2065,216.9565,88.5871,109.0871
747.9485,196.6985,85.1030,105.6030
746.5347,202.2847,91.9305,112.4305
756.7757,199.0257,86.4487,106.9487
778.0792,194.3292,89.8416,110.3416
779.8489,194.5988,89.3023,109.8023
789.0030,197.7530,93.9940,114.4940
777.1719,200.4219,96.6563,117.1563
788.7200,198.9700,96.5599,117.0599
832.9147,194.6647,101.1707,121.6707
834.5187,187.7687,97.9626,118.4626
797.4190,201.1690,85.1620,105.6620
813.4045,201.1545,79.1909,99.6909
803.6357,202.8857,82.7287,103.2287
805.0857,202.8357,83.8286,104.3286
807.7321,199.9821,84.5357,105.0357
824.7729,191.5229,87.4542,107.9542
864.0185,187.2685,91.9630,112.4630
802.2097,202.9597,88.5806,109.0806
841.8769,195.1269,85.2462,105.7462
886.2139,191.4639,85.5721,106.0721
901.3365,192.5865,85.3270,105.8270
918.6919,183.9419,89.6162,110.1162
913.9385,199.6884,81.1231,101.6231
932.0308,192.2808,83.9383,104.4383
918.5467,200.2967,81.9066,102.4066
925.4529,201.7029,80.0941,100.5941
924.0840,207.3340,83.8320,104.3320
921.4531,204.7032,83.0937,103.5937
926.6495,200.3995,85.7011,106.2011
939.4192,200.1692,79.1616,99.6616
939.5150,201.7649,77.9701,98.4701
937.7981,202.0481,82.4038,102.9038
929.3310,199.5810,87.3381,107.8381
950.6252,198.3752,84.7496,105.2496
944.0668,197.8168,84.8664,105.3664
953.2084,197.4584,84.5833,105.0833
957.0651,201.3151,85.8699,106.3699
966.4808,196.2308,86.0383,106.5383
968.8542,197.1042,88.2917,108.7917
941.6445,197.8945,88.7110,109.2110
950.6495,202.3995,85.7011,106.2011
950.0500,204.8000,85.8999,106.3999
951.7917,203.0417,87.4166,107.9166
950.6754,206.4254,80.6491,101.1491
941.1447,203.8947,81.7107,102.2107
931.6357,204.3857,82.7287,103.2287
939.1447,205.8947,81.7107,102.2107
927.4531,202.7032,83.0937,103.5937
921.8188,203.5689,85.3623,105.8623
916.3524,201.6024,82.2952,102.7952
911.0035,201.7535,81.9930,102.4930
916.4850,205.2350,82.0299,102.5299
898.9291,200.1791,85.1418,105.6418
906.4167,202.6668,83.1665,103.6665
901.6431,202.3931,80.7137,101.2137
903.6491,201.3991,81.7018,102.2018
897.6761,199.4261,84.6478,105.1478
880.8969,203.1469,80.2062,100.7062
881.3581,203.1081,80.2838,100.7838
850.0674,203.3174,75.8652,96.3652
829.4266,201.1765,79.1469,99.6469
797.5386,200.2885,83.9229,104.4229
810.3347,202.0846,80.3307,100.8307
809.7404,201.9904,82.5192,103.0192
804.3579,204.6079,83.2842,103.7842
811.8770,205.6270,82.2461,102.7461
797.8718,205.1217,83.2565,103.7565
801.9974,206.7474,83.0052,103.5052
790.7440,203.9940,83.5121,104.0121
798.9019,205.1519,81.1962,101.6962
799.5467,206.2967,81.9066,102.4066
801.8454,206.5954,82.3092,102.8092
798.8875,207.1375,82.2250,102.7250
800.0651,206.8151,83.8697,104.3697
795.2560,209.5060,83.4879,103.9879
802.4811,209.7312,84.0377,104.5377
796.7130,209.9630,83.5741,104.0741
797.3866,210.1366,82.2268,102.7268
796.8542,212.6042,79.2917,99.7917
786.1458,212.3958,83.7083,104.2083
778.7928,218.5429,82.4143,102.9143
774.1447,219.8947,84.7106,105.2106
781.2115,219.9616,82.5769,103.0769
763.7729,219.0230,84.4541,104.9541
763.8503,222.1003,86.2994,106.7994
754.0897,220.8397,86.8205,107.3205
760.9894,226.7394,82.0211,102.5211
754.5429,218.2929,80.9142,101.4142
753.9662,221.2162,85.0675,105.5675
764.3805,221.6305,82.2390,102.7390
762.5811,226.8311,81.8378,102.3378
763.5009,233.2509,83.9983,104.4983
757.3920,234.1420,85.2159,105.7159
753.9064,237.1564,83.1873,103.6873
757.3714,239.6214,76.2572,96.7572
749.1815,243.4315,77.6371,98.1371
748.9904,240.2404,76.0192,96.5192
751.6432,243.8932,73.7136,94.2136
731.1678,244.4178,72.6644,93.1644
718.4455,251.1955,74.1090,94.6090
715.5754,250.8255,78.8491,99.3491
720.6215,249.3714,76.7571,97.2571
716.0964,257.3465,71.8071,92.3071
709.9161,249.1661,75.1677,95.6677
696.2072,255.9571,79.5857,100.0857
700.4432,259.1932,77.1135,97.6135
700.8036,266.0536,70.3928,90.8928
702.9143,264.6643,78.1714,98.6714
702.1982,263.9482,78.6036,99.1036
704.4721,267.2221,76.0557,96.5557
703.9503,264.7002,75.0995,95.5995
699.5686,268.8186,72.8628,93.3628
696.9152,267.6652,75.1697,95.6697
697.7592,267.5092,72.4817,92.9817
691.8597,272.6097,71.2806,91.7806
680.0290,269.7790,79.9420,100.4420
666.3579,264.6079,83.2842,103.7842
673.6147,272.3648,82.7705,103.2705
653.6811,271.4311,83.6378,104.1378
650.9153,270.6653,81.1694,101.6694
652.2746,271.5246,74.4508,94.9508
657.9126,274.1626,81.1748,101.6748
661.9758,277.2258,73.0484,93.5484
659.0818,277.8318,72.8365,93.3365
662.3231,280.0731,73.3538,93.8538
659.6860,272.4360,71.6280,92.1280
657.8597,272.6097,71.2806,91.7806
658.9688,277.2188,75.0625,95.5625
663.4844,281.2344,75.0312,95.5312
661.2455,282.9955,66.5090,87.0090
658.9209,285.6709,67.1583,87.6583
663.4376,286.1876,67.1249,87.6249
672.1785,288.4285,62.6430,83.1430
672.9350,296.1850,59.1300,79.6300
668.2419,301.4919,49.5162,70.0162
664.1351,306.3851,49.7298,70.2298
666.8056,305.5556,51.3887,71.8887
666.9376,304.1876,53.1248,73.6248
668.5098,302.7598,61.9804,82.4804
675.6625,305.9125,44.6749,65.1749
681.8758,319.1258,31.2485,51.7485
674.7952,291.0451,59.4097,79.9097
681.1404,287.8904,64.7192,85.2192
687.3769,328.6269,19.2462,39.7462
678.5052,305.2552,58.9896,79.4896
678.5000,323.2500,57.0000,77.5000
673.3775,302.6275,67.2450,87.7450
674.7543,302.5043,69.4915,89.9915
671.6376,301.8876,71.7248,92.2248
676.3552,299.1052,70.2895,90.7895
677.8817,292.1317,69.2366,89.7366
676.6339,292.8839,68.7321,89.2321
676.5715,289.3215,66.8570,87.3570
673.4127,292.1626,66.1747,86.6747
657.5587,282.3087,74.8827,95.3827
632.4563,279.7063,71.0874,91.5874
583.6158,262.8658,90.7684,111.2684
634.5368,282.7868,61.9264,82.4264
601.2710,278.5210,67.4579,87.9579
646.9092,288.1592,66.1815,86.6815
642.3604,285.6104,61.2792,81.7792
637.4240,286.6740,57.1519,77.6519
605.2350,279.9850,73.5300,94.0300
617.4092,284.6592,66.1815,86.6815
602.8887,283.6387,71.2225,91.7225
606.4815,284.2315,65.0370,85.5370
578.6252,272.8752,73.7495,94.2495
587.0424,277.7923,75.9153,96.4153
580.6431,279.3932,80.7137,101.2137
558.4188,270.6688,91.1623,111.6623
578.3691,280.1191,82.2618,102.7618
571.4085,276.1585,84.1830,104.6830
563.1697,278.4197,89.6607,110.1607
562.2823,283.0323,88.4355,108.9355
567.1887,286.9387,91.6226,112.1226
582.5260,291.7760,87.9480,108.4480
575.1129,279.8628,86.7743,107.2743
580.0774,281.3274,86.8452,107.3452
578.9688,290.7188,89.0625,109.5625
577.5488,282.7988,92.9024,113.4024
579.0320,281.2820,96.9360,117.4360
564.5762,273.3261,102.8477,123.3477
582.5917,279.8417,96.8167,117.3167
584.5569,273.3069,99.8862,120.3862
593.6879,275.4379,97.6242,118.1242
612.4092,282.1592,99.1816,119.6816
597.1797,269.4297,102.6406,123.1406
633.3412,285.0912,99.3176,119.8176
632.7591,277.0091,100.4818,120.9818
635.4078,273.6578,99.1845,119.6845
641.4555,275.7055,98.0890,118.5890
636.2548,270.5048,101.4903,121.9903
652.5455,279.7955,98.9090,119.4090
660.1806,273.4306,96.6388,117.1388
669.5971,274.3471,97.8058,118.3058
658.9648,275.7148,105.0704,125.5704
668.3667,276.6167,99.2666,119.7666
671.7663,273.5163,95.4675,115.9675
673.3574,260.1074,95.2852,115.7852
667.3203,262.0702,96.3595,116.8595
668.9828,263.7328,98.0345,118.5345
682.2917,268.5417,93.4166,113.9166
686.3375,274.0875,92.3250,112.8250
672.9615,252.7115,102.0769,122.5769
685.8270,261.5770,95.3460,115.8460
691.3954,270.1455,94.2091,114.7091
690.7542,262.5042,99.4915,119.9915
693.6634,270.4134,97.6732,118.1732
694.4078,267.6578,99.1845,119.6845
699.3073,269.0573,100.3854,120.8854
693.5112,269.7612,99.9775,120.4775
693.7486,270.4986,101.5028,122.0028
695.7159,267.4659,104.5682,125.0682
691.9603,269.7103,107.0794,127.5794
696.1239,268.8739,109.7522,130.2522
695.5346,268.7846,104.9308,125.4308
696.7910,262.5410,105.4180,125.9180
705.8039,258.5539,101.3922,121.8922
701.2092,250.9592,107.5816,128.0816
703.1362,250.3862,101.7276,122.2276
703.5893,253.3393,99.8214,120.3214
698.6168,247.3668,100.7664,121.2664
693.6050,249.8549,103.7901,124.2901
696.3689,253.1189,100.2623,120.7623
702.3967,267.6467,98.2066,118.7066
707.4421,271.1920,94.1159,114.6159
706.6658,267.4158,95.6685,116.1685
708.8812,264.1312,94.2376,114.7376
704.2581,269.5081,96.4839,116.9839
713.0147,264.7647,95.9706,116.4706
715.8239,264.0739,96.3522,116.8522
718.3669,265.1169,101.2663,121.7663
716.4067,274.6567,94.1865,114.6865
719.9911,264.2411,95.0179,115.5179
724.4756,269.7256,93.0488,113.5488
723.0374,270.7874,92.9253,113.4253
722.7885,272.5385,90.4229,110.9229
724.7531,279.5030,93.4939,113.9939
720.1443,273.8943,95.7113,116.2113
736.6299,293.8799,90.7402,111.2402
738.6299,290.8799,90.7402,111.2402
742.7532,292.5032,89.4936,109.9936
737.1494,281.3993,88.7014,109.2014
738.3918,289.6418,86.2164,106.7164
739.2900,287.0400,87.4199,107.9199
739.7571,282.5071,90.4858,110.9858
745.1351,292.3851,86.7298,107.2298
742.7906,290.5406,86.4188,106.9188
732.6353,282.8853,85.7295,106.2295
741.6269,287.8769,84.7462,105.2462
739.6347,279.8847,89.7306,110.2306
732.5304,284.2804,84.9392,105.4392
730.7802,277.5302,85.4396,105.9396
730.6303,285.8803,84.7394,105.2394
719.0792,288.8292,89.8416,110.3416
696.1495,284.8996,100.7009,121.2009
721.4171,287.1671,84.1659,104.6659
688.7597,274.5097,94.4805,114.9805
691.7263,278.9762,92.5475,113.0475
673.1829,278.9329,98.6342,119.1342
675.6550,275.4051,94.6899,115.1899
664.5626,275.8125,98.8749,119.3749
661.1959,275.9460,96.6081,117.1081
653.2767,278.5267,97.4465,117.9465
655.9132,283.1632,93.1736,113.6736
674.4890,284.7389,90.0221,110.5221
663.5312,282.2812,90.9375,111.4375
663.7997,289.5497,91.4006,111.9006
655.2432,289.4932,93.5136,114.0136
664.9230,283.1730,84.1539,104.6539
661.8907,285.1408,91.2185,111.7185
665.4865,302.7365,85.0270,105.5270
663.9258,309.1758,80.1484,100.6484
666.5008,308.2508,87.9984,108.4984
664.7802,300.5302,85.4396,105.9396
669.8622,316.6122,78.2756,98.7756
670.2742,312.0242,75.4515,95.9515
669.9792,313.2292,77.0417,97.5417
674.7880,322.5380,73.4240,93.9240
680.6174,313.8674,74.7652,95.2652
679.0469,321.7969,70.9062,91.4062
678.8082,317.5583,76.3835,96.8835
686.0479,323.7979,74.9042,95.4042
685.2750,326.0250,73.4500,93.9500
684.7930,329.0430,73.4139,93.9139
687.3519,336.1019,75.2962,95.7962
695.6024,336.8524,76.7951,97.2951
698.1951,342.9450,73.6099,94.1099
694.1766,339.4266,76.6468,97.1468
685.3854,345.1355,78.2291,98.7291
697.2510,346.5010,73.4980,93.9980
697.3992,337.1492,76.2016,96.7016
687.7341,336.4840,81.5319,102.0319
676.2715,340.0215,83.4569,103.9569
697.3229,333.5729,80.3542,100.8542
695.5147,342.7647,78.9706,99.4706
701.0834,339.3334,79.8331,100.3331
699.8850,340.6350,81.2300,101.7300
696.6367,340.3867,81.7266,102.2266
684.2957,340.5457,83.4086,103.9086
688.8734,336.1234,80.2532,100.7532
692.2195,334.4695,78.5611,99.0611
690.3082,336.5583,76.3835,96.8835
686.5000,343.7500,77.0000,97.5000
681.9418,344.6918,84.1163,104.6163
682.8349,340.5849,82.3302,102.8302
680.5626,345.3126,85.8749,106.3749
670.7564,344.0064,79.4872,99.9872
662.1940,332.4440,83.6120,104.1120
653.5527,341.3027,86.8947,107.3947
659.2482,339.9982,80.5036,101.0036
659.5107,341.2607,80.9786,101.4786
646.5344,334.2844,81.9313,102.4313
638.1384,335.8883,77.7233,98.2233
629.7176,340.4676,78.5648,99.0648
618.1871,338.9371,81.6258,102.1258
621.7097,339.9597,74.5807,95.0807
611.5392,337.7892,77.9216,98.4216
610.6367,340.3867,76.7267,97.2267
583.2384,342.9884,86.5232,107.0232
581.5148,341.7648,86.9704,107.4704
580.2509,339.5008,85.4983,105.9983
566.1359,344.8859,86.7281,107.2281
554.3830,343.6330,91.2340,111.7340
568.4188,342.1688,91.1623,111.6623
559.0586,351.3086,89.8828,110.3828
554.9711,348.2210,93.0579,113.5579
565.8968,334.6468,86.2064,106.7064
562.0500,333.8000,85.8999,106.3999
561.1100,339.3600,84.7801,105.2801
564.9111,335.1611,84.1779,104.6779
553.3865,331.6365,88.2269,108.7269
553.0982,332.3482,89.8036,110.3036
557.8560,330.1060,89.2879,109.7879
550.2577,327.0077,92.4847,112.9847
555.7031,329.9531,89.5939,110.0939
555.8389,333.0889,90.3221,110.8221
559.9167,332.6667,92.1665,112.6665
557.9908,333.2408,93.0183,113.5183
561.9794,333.2294,90.0411,110.5411
557.9027,333.6527,88.1946,108.6946
560.5522,330.8022,89.8955,110.3955
562.9953,330.2453,91.0094,111.5094
556.8137,327.5637,90.3725,110.8725
553.5737,325.3236,89.8527,110.3527
555.2311,326.4811,93.5379,114.0379
554.7857,326.5357,91.4285,111.9285
557.9064,325.6564,89.1873,109.6873
561.4188,321.6688,91.1623,111.6623
560.4326,329.1826,86.1349,106.6349
553.3943,331.1443,86.2114,106.7114
551.3875,326.6375,92.2250,112.7250
552.1237,326.8737,93.7526,114.2526
547.2316,327.9816,92.5368,113.0368
539.4815,325.7315,92.0370,112.5370
541.3189,323.0689,94.3622,114.8622
546.4756,330.2256,93.0488,113.5488
544.6335,329.3835,93.7330,114.2330
539.4960,327.2460,90.0079,110.5079
542.3425,328.5925,91.3150,111.8150
536.5881,327.8381,91.8239,112.3239
536.3728,326.1228,90.2543,110.7543
535.8798,327.6298,92.2404,112.7404
533.5349,326.2849,96.9302,117.4302
544.4208,329.6708,93.1584,113.6584
541.4815,326.7315,92.0370,112.5370
538.7463,321.9963,95.5074,116.0074
549.8942,322.1443,96.2115,116.7115
546.2508,329.5008,91.4984,111.9984
547.9188,331.1688,91.1623,111.6623
540.9747,329.2247,95.0506,115.5506
541.0526,322.8026,92.8948,113.3948
549.9147,322.1647,93.1706,113.6706
545.8322,318.0821,92.3357,112.8357
548.8798,318.6298,92.2404,112.7404
550.4949,311.2448,96.0103,116.5103
545.1655,313.4155,91.6691,112.1691
540.8979,317.1479,88.2043,108.7043
543.2835,321.5335,87.4330,107.9330
540.9950,320.2450,86.0100,106.5100
537.8712,316.6212,89.2576,109.7576
532.1655,304.4155,91.6691,112.1691
