0.529928
0.025632
0.042918
0.027308
0.031741
0.029532
0.036726
0.032002
0.032858
0.034067
0.034723
0.040090
0.034820
0.031878
0.031678
0.033405
0.036915
0.035918
0.046496
0.040768
0.027674
0.028649
0.028646
0.027104
0.027555
0.027210
0.029093
0.027511
0.027349
0.036853
0.027697
0.027611
0.028929
0.027923
0.029119
0.032315
0.030041
0.050494
0.050452
0.037576
0.042163
0.035265
0.030315
0.035447
0.034208
0.035444
0.034624
0.036706
0.036394
0.035262
0.034791
0.034496
0.036024
0.034643
0.038237
0.035131
0.036372
0.035915
0.036175
0.034679
0.036106
0.038173
0.039154
0.037963
0.039211
0.044815
0.043375
0.032811
0.036329
0.039256
0.047976
0.036309
0.034072
0.037502
0.035899
0.035751
0.034360
0.034208
0.034685
0.034669
0.031124
0.029166
0.030575
0.033239
0.044797
0.039168
0.040499
0.042143
0.040516
0.027023
0.029113
0.041258
0.041631
0.043148
0.040554
0.030964
0.030840
0.031239
0.032259
0.042683
0.035306
0.031257
0.030507
0.028533
0.032577
0.030428
0.027717
0.041331
0.034870
0.034982
0.033138
0.032497
0.036988
0.041023
0.032401
0.034260
0.036204
0.032137
0.036944
0.034835
0.034290
0.039976
0.032341
0.034244
0.033357
0.037849
0.045164
0.038633
0.038054
0.037748
0.038494
0.052356
0.054678
0.057951
0.058297
0.071592
0.051859
0.032147
0.030802
0.030879
0.029434
0.026927
0.031308
0.031758
0.029764
0.038516
0.035359
0.036752
0.039019
0.039703
0.035235
0.031332
0.037006
0.039711
0.040970
0.046659
0.041721
0.043877
0.041727
0.044921
0.039749
0.041816
0.040513
0.039972
0.042006
0.044326
0.041721
0.043055
0.042515
0.042582
0.039994
0.041006
0.041246
0.039840
0.048496
0.036724
0.034950
0.034181
0.047973
0.053906
0.046470
0.046397
0.054909
0.046487
0.033064
0.035508
0.034275
0.050989
0.047651
0.047859
0.064363
0.046459
0.054554
0.046204
0.042015
0.044813
0.041737
0.044806
0.042209
0.043576
0.046663
0.042354
0.031510
0.032031
0.031422
0.029978
0.035363
0.035788
0.035234
0.036693
0.035032
0.035781
0.040315
0.040828
0.041043
0.040229
0.041309
0.042036
0.042060
0.040714
0.033566
0.049784
0.040987
0.040992
0.062770
0.042655
0.042151
0.043954
0.041708
0.042677
0.047930
0.042741
0.044233
0.042633
0.042328
0.045871
0.042393
0.044100
0.044502
0.044379
0.042525
0.053361
0.040279
0.039439
0.039714
0.039703
0.039582
0.042109
0.040255
0.045807
0.038605
0.042292
0.038563
0.044536
0.046095
0.047190
0.046872
0.047505
0.046359
0.051003
0.057407
0.040552
0.039274
0.037782
0.037117
0.043390
0.037604
0.044918
0.064508
0.042413
0.041842
0.083958
0.079334
0.034710
0.034197
0.032437
0.032638
0.043338
0.036103
0.029351
0.026973
0.033845
0.030868
0.026381
0.029180
0.027051
0.026372
0.030839
0.052343
0.036263
0.034675
0.037548
0.035260
0.039191
0.045571
0.037488
0.034549
0.037812
0.039760
0.036968
0.029834
0.021775
0.022841
0.027162
0.024296
0.026823
0.026519
0.025780
0.024983
0.030150
0.025366
0.026502
0.028097
0.039819
0.039869
0.037830
0.040374
0.040819
0.037817
0.050597
0.049241
0.053193
0.051008
0.041748
0.041460
0.038302
0.036698
0.043482
0.042291
0.020310
0.020252
0.021076
0.025233
0.022963
0.026019
0.047128
0.038834
0.037237
0.036628
0.040559
0.026943
0.031129
0.051630
0.031603
0.026396
0.025575
0.030290
0.040593
0.037431
0.034842
0.036567
0.039794
0.052610
0.040248
0.039370
0.034682
0.040691
0.051028
0.040989
0.038499
0.054347
0.053445
0.048487
0.038159
0.054343
0.031766
0.030268
0.031388
0.034975
0.040847
0.043566
0.039272
0.034127
0.033352
0.040243
0.031262
0.035656
0.048944
0.027056
0.024890
0.026639
0.024123
0.025596
0.025723
0.042406
0.025682
0.019246
0.027580
0.027280
0.027537
0.027280
0.027221
0.034388
0.026994
0.027168
0.033271
0.028038
0.028535
0.027752
0.025496
0.053991
0.018514
0.017855
0.031527
0.043638
0.040289
0.033334
0.024356
0.023321
0.022400
0.032335
0.041448
0.035866
0.049836
0.027715
0.020754
0.016056
0.037864
0.045116
0.061889
0.035839
0.038556
0.031477
0.023315
0.025167
0.022884
0.025774
0.026087
0.047029
0.031859
0.035406
0.032579
0.030870
0.033414
0.035254
0.043872
0.034256
0.053650
0.039256
0.034041
0.045059
0.058884
0.028423
0.027075
0.030862
0.047330
0.050691
0.029958
0.018016
0.030849
0.034721
0.038673
0.047068
0.039137
0.043894
0.027439
0.035141
0.031058
0.035673
0.038689
0.046941
0.024854
0.035675
0.030770
0.020476
0.028239
0.025402
0.031600
0.045509
0.034882
0.024360
0.047591
0.018507
0.019146
0.025560
0.053069
0.041601
0.027753
0.027606
0.033081
0.053684
0.045560
0.038554
0.039539
0.052085
0.025802
0.031962
0.030988
0.029429
0.030921
0.031622
0.031079
0.030897
0.029492
0.030317
0.028458
0.025022
0.029296
0.026988
0.020435
0.018894
0.022152
0.021873
0.022513
0.024203
0.026638
0.021967
0.021889
0.023204
0.023222
0.022374
0.024857
0.024661
0.022659
0.022557
0.025992
0.035986
0.022053
0.026692
0.020722
0.021545
0.021126
0.020828
0.018249
0.022840
0.015935
0.016877
0.039083
0.018110
0.015526
0.015432
0.015358
0.015516
0.021813
0.019083
0.016935
0.017072
0.016968
0.027883
0.016943
0.028775
0.025717
0.038108
0.025540
0.029482
0.029617
0.019308
0.023484
0.020453
0.019332
0.033117
0.019674
0.021830
0.025741
0.023371
0.033658
0.022029
0.020125
0.020292
0.027554
0.021723
0.020842
0.042982
0.023318
0.034638
0.023578
0.023607
0.023242
0.030288
0.025102
0.023496
0.026800
0.025546
0.027956
0.023429
0.023492
0.033371
0.031361
0.024322
0.023335
0.024622
0.028719
0.024706
0.023282
0.025090
0.025074
0.028749
0.024121
0.025316
0.028102
0.027720
0.025408
0.030921
0.026447
0.025919
0.024729
0.026277
0.040536
0.038888
0.046103
0.032074
0.027004
0.041378
0.040519
0.037257
0.038937
0.039438
0.039764
0.027060
0.034908
0.032590
0.024340
0.034076
0.034681
0.023988
0.039861
0.038594
0.043852
0.042230
0.031348
0.048529
0.043891
0.030114
0.032392
0.047247
0.043614
0.050412
0.046517
0.040354
0.046362
0.046016
0.044244
0.049737
0.030408
0.030754
0.032531
0.031912
0.046443
0.048097
0.045260
0.044874
0.039036
0.037803
0.052748
0.058624
0.039963
0.048292
0.049348
0.047553
0.046280
0.034979
0.033715
0.026825
0.027185
0.040174
0.068224
0.044556
0.041807
0.041940
0.042351
0.041130
0.045618
0.041670
0.041839
0.042286
0.044965
0.043659
0.045764
0.031551
0.029335
0.039735
0.042430
0.033374
0.030934
0.029769
0.032679
0.029624
0.029043
0.047263
0.038852
0.034809
0.033096
0.032024
0.023173
0.037518
0.042195
0.024734
0.035203
0.032942
0.030141
0.056957
0.031570
0.034751
0.032578
0.033915
0.031732
0.033005
0.032603
0.033530
0.042219
0.034714
0.031762
0.032122
0.033302
0.031677
0.034022
0.032861
0.031511
0.033410
0.031645
0.032657
0.035547
0.049000
0.041839
0.034528
0.031565
0.033042
0.047858
0.043422
0.032481
0.032643
0.033892
0.033887
0.031630
0.038142
0.048649
0.047228
0.027485
0.026305
0.030919
0.032379
0.031064
0.030789
0.031481
0.029495
0.032364
0.026709
0.031373
0.035382
0.059223
0.040476
0.031117
0.029696
0.046790
0.044189
0.038908
0.029816
0.032114
0.045927
0.049147
0.043454
0.029550
0.030506
0.029587
0.030395
0.031011
0.030383
0.032145
0.036103
0.032103
0.033615
0.031808
0.033485
0.051750
0.031988
0.032732
0.041441
0.032247
0.032011
0.029761
0.015815
0.031230
0.034305
0.025246
0.030463
0.030645
0.040977
0.032988
0.029372
0.032704
0.031305
0.032152
0.037290
0.056485
0.059520
0.045758
0.057964
0.056073
0.035428
0.040856
0.042017
0.034292
0.033496
0.036633
0.062276
0.041296
0.064938
0.041695
0.040283
0.032009
0.030733
0.037243
0.029453
0.030122
0.027819
0.028306
0.027074
0.028761
0.029380
0.029018
0.034097
0.031846
0.031651
0.032636
0.033206
0.033739
0.031667
0.034313
0.031646
0.032304
0.032844
0.030308
0.031981
0.033157
0.032023
0.034613
0.033751
0.025165
0.033120
0.051417
0.045189
0.051087
0.046724
0.049053
0.074444
0.035160
0.050438
0.031905
0.038900
0.050732
0.037438
0.045672
0.049308
0.045320
0.051473
0.033819
0.048219
0.054152
0.050143
0.050162
0.054060
0.048452
0.048628
0.033682
0.048349
0.054965
0.042488
0.042564
0.047967
0.048752
0.048223
0.052191
0.051811
0.049679
0.055002
0.050708
0.050582
0.043056
0.022850
0.034943
0.056216
0.059382
0.062673
0.045191
0.048278
0.046247
0.061301
0.057140
0.048491
0.045223
0.070991
0.050276
0.064847
0.065620
0.059282
0.072821
0.062893
0.050555
0.062948
0.032619
0.042580
0.047838
0.056085
0.059694
0.085900
0.069790
0.026239
0.034636
0.030662
0.030981
0.040860
0.043500
0.033352
0.029489
0.037620
0.017931
0.019524
0.033854
0.039566
0.041246
0.032387
0.026906
0.023251
0.031191
0.020816
0.037555
0.026373
0.032663
0.036031
0.027496
0.033934
0.044197
0.027869
0.033187
0.037904
0.035601
0.036990
0.037832
0.020218
0.038216
0.051036
0.025134
0.029115
0.039326
0.058592
0.020402
0.022272
0.033877
0.027359
0.026364
0.031021
0.024779
0.025295
0.025173
0.029388
0.026623
0.028339
0.055288
0.026790
0.026707
0.027734
0.026932
0.030457
0.030326
0.030216
0.030215
0.029550
0.029500
0.048242
0.030733
0.030061
0.022529
0.024861
0.031465
0.022429
0.023185
0.022614
0.029473
0.029958
0.047672
0.025991
0.024226
0.034739
0.025649
0.024561
0.026922
0.025727
0.025050
0.027749
0.032207
0.024142
0.026872
0.025046
0.026934
0.028433
0.035868
0.033853
0.024574
0.025396
0.024762
0.030651
0.016665
0.020087
0.019350
0.024914
0.026098
0.027714
0.029439
0.027246
0.031423
0.032960
0.027672
0.029605
0.028572
0.026866
0.026988
0.026370
0.027115
0.028284
0.030829
0.030157
0.027051
0.030064
0.033936
0.027559
0.027577
0.031098
0.028438
0.030650
0.032981
0.024088
0.023769
0.029754
0.033024
0.024255
0.025109
0.025230
0.028366
0.028332
0.023555
0.023750
0.026096
0.022641
0.023242
0.023016
0.025826
0.024604
0.025176
0.026733
0.024570
0.026017
0.027740
0.023875
0.023707
0.025834
0.025211
0.027275
0.027081
0.024915
0.026750
0.029583
0.038257
0.036335
0.029541
0.030466
0.029760
0.028715
0.030365
0.029814
0.030510
0.032399
0.029000
0.032016
0.068092
0.043272
0.031322
0.032344
0.025651
0.025083
0.027934
0.025696
0.025170
0.024579
0.023749
0.025080
0.025531
0.025582
0.025453
0.024674
0.032193
0.026370
0.026014
0.024859
0.026868
0.032583
0.034787
0.033650
0.024796
0.035758
0.026921
0.028344
0.028354
0.027977
0.031159
0.028187
0.034863
0.027205
0.026469
0.030342
0.029892
0.027302
0.029983
0.029430
0.030009
0.027411
0.029266
0.028300
0.036226
0.031778
0.026051
0.027196
0.026335
0.027184
0.033028
0.025589
0.027785
0.027334
0.033430
0.027304
0.027709
0.028539
0.027175
0.027112
0.028837
0.027092
0.026782
0.026818
0.026814
0.027063
0.030281
0.034360
0.030345
0.030728
0.028407
0.034595
0.031245
0.029264
0.032452
0.036308
0.029376
0.028972
0.032269
0.029533
0.030097
0.029626
0.036995
0.031429
0.031865
0.029544
0.031685
0.029142
0.029185
0.031720
0.029005
0.031998
0.033880
0.032124
0.035600
0.045673
0.035329
0.039930
0.033232
0.033976
0.034357
0.035207
0.035818
0.033867
0.036278
0.033504
0.032588
0.032677
0.033163
0.033679
0.035521
0.033232
0.032546
0.034238
0.039105
0.035988
0.033908
0.035132
0.034065
0.034852
0.033562
0.035756
0.035774
0.032699
0.033039
0.035143
0.034271
0.034205
0.034541
0.034593
0.035578
0.040174
0.042443
0.038236
0.040000
0.039028
0.048918
0.041178
0.039833
0.047082
0.049413
0.045629
0.045621
0.050251
0.051773
0.050571
0.052384
0.044837
0.045189
0.042623
0.050658
0.045971
0.048104
0.047746
0.045184
0.045588
0.044355
0.033378
0.038435
0.054678
0.043754
0.045944
0.039961
0.039878
0.031584
0.038173
0.033346
0.026862
0.027676
0.035492
0.030049
0.027889
0.028849
0.027969
0.029848
0.033387
0.028581
0.028875
0.030652
0.036632
0.029754
0.029665
0.030097
0.031806
0.035786
0.029992
0.029624
0.033921
0.029560
0.031069
0.032544
0.030556
0.024702
0.028777
0.025228
0.029561
0.034798
0.031355
0.024625
0.027050
0.023936
0.024067
0.024205
0.028702
0.023237
0.028780
0.037479
0.034775
0.031960
0.036972
0.035078
0.036701
0.041531
0.038182
0.036498
0.038273
0.036249
0.037812
0.040617
0.028316
0.027669
0.031211
0.028275
0.028858
0.028148
0.030279
0.046238
0.035605
0.028488
0.031971
0.029970
0.035426
0.032016
0.033072
0.031827
0.041246
0.030315
0.029949
0.032804
0.030632
0.030033
0.030793
0.031040
0.033555
0.030669
0.030646
0.030151
0.033950
0.032400
0.034310
0.043841
0.037884
0.034772
0.034804
0.036278
0.037992
0.044369
0.037735
0.040284
0.052889
0.037980
0.038743
0.038772
0.041521
0.040235
0.038831
0.041633
0.043930
0.052094
0.039201
0.037900
0.042132
0.039534
0.038387
0.039020
0.039252
0.060565
0.039815
0.045553
0.042909
0.056803
0.039364
0.030955
0.039703
0.040283
0.044972
0.042424
0.041255
0.030284
0.040139
0.034816
0.034766
0.028069
0.043226
0.023741
0.034959
0.028701
0.028934
0.051739
0.034468
0.034087
0.039481
0.039148
0.034886
0.034772
0.034694
0.036697
0.034154
0.036606
0.038627
0.037338
0.033869
0.034941
0.035664
0.034226
0.034445
0.035157
0.024633
0.035094
0.038960
0.036642
0.034227
0.035465
0.036567
0.035809
0.036112
0.037557
0.033256
0.039227
0.040477
0.039997
0.038898
0.039313
0.032678
0.036362
0.037858
0.037670
0.038143
0.035095
0.039323
0.036594
0.034447
0.033514
0.043710
0.031719
0.026541
0.028188
0.024793
0.039461
0.027230
0.024651
0.027427
0.026536
0.024745
0.030376
0.024758
0.029372
0.034387
0.031494
0.032825
0.032942
0.035239
0.027179
0.032279
0.026420
0.031258
0.038660
0.024744
0.026730
0.027482
0.024702
0.039718
0.040053
0.025071
0.041673
0.035189
0.030509
0.041858
0.047794
0.030572
0.043600
0.042229
0.029574
0.040425
0.041958
0.033537
0.045222
0.043008
0.039182
0.042889
0.041117
0.029292
0.030650
0.030407
0.030245
0.045727
0.045040
0.045377
0.043919
0.050853
0.045548
0.046503
0.044830
0.046830
0.046903
0.044767
0.047071
0.044178
0.046976
0.047575
0.048913
0.045133
0.044134
0.048221
0.051416
0.045495
0.040443
0.037249
0.041909
0.038080
0.038160
0.047045
0.037153
0.042158
0.037614
0.037101
0.040077
0.042405
0.048202
0.041459
0.046894
0.043727
0.045706
0.044417
0.052026
0.044864
0.044250
0.043193
0.043648
0.044628
0.044741
0.046189
0.050480
0.053560
0.048140
0.051140
0.048211
0.046721
0.050319
0.052335
0.047705
0.044782
0.042845
0.042251
0.035568
0.046955
0.045683
0.034460
0.048693
0.044545
0.045334
0.033145
0.045832
0.046528
0.046381
0.048740
0.045996
0.046868
0.050949
0.051119
0.046378
0.045689
0.051387
0.046433
0.046288
0.045826
0.042001
0.049313
0.044461
0.054113
0.051795
0.051554
0.044705
0.044148
0.046464
0.044718
0.050954
0.043881
0.051940
0.046741
0.049859
0.070655
0.044278
0.043374
0.036725
0.042086
0.049011
0.039053
0.041134
0.054911
0.055758
0.045679
0.055259
0.062284
0.042505
0.047277
0.043803
0.042262
0.041101
0.052891
0.040758
0.041924
0.044157
0.061311
0.047466
0.043587
0.043938
0.043156
0.041949
0.041252
0.041522
0.044118
0.049376
0.041601
0.038272
0.036019
0.035043
0.039089
0.042463
0.044353
0.040930
0.048723
0.041619
0.040990
0.042355
0.043667
0.041147
0.048559
0.041060
0.044246
0.043275
0.042287
0.043754
0.044526
0.040651
0.029740
0.048720
0.050177
0.045008
0.060179
0.045862
0.051888
0.049962
0.055058
0.050601
0.037827
0.036463
0.039663
0.037716
0.039670
0.038050
0.037095
0.039510
0.039000
0.038671
0.038136
0.040405
0.046481
0.041440
0.044258
0.048789
0.044019
0.042889
0.043359
0.046479
0.044715
0.037658
0.042232
0.041862
0.041740
0.041208
0.044292
0.044472
0.041011
0.040443
0.050889
0.043324
0.043495
0.049512
0.046269
0.047334
0.045877
0.048738
0.047348
0.062051
0.046027
0.046813
0.049484
0.047891
0.046419
0.042842
0.046581
0.060148
0.047901
0.046322
0.045329
0.052676
0.052324
0.060571
0.066330
0.043323
0.045348
0.053429
0.046077
0.044058
0.042686
0.048497
0.042658
0.047018
0.043468
0.036651
0.044594
0.042515
0.050016
0.044468
0.044101
0.046857
0.044886
0.047596
0.049203
0.050014
0.046027
0.049503
0.047118
0.046642
0.048222
0.047420
0.049741
0.046897
0.047807
0.046987
0.052893
0.047471
0.048507
0.046717
0.055553
0.046909
0.047710
0.055027
0.052174
0.051196
0.050555
0.047225
0.047378
0.047302
0.046930
0.046914
0.047237
0.047143
0.047337
0.049222
0.046192
0.046160
0.050193
0.048218
0.047411
0.047536
0.052420
0.047761
0.046499
0.046763
0.049191
0.046199
0.061413
0.049577
0.048208
0.046791
0.046956
0.048357
0.047726
0.045782
0.047048
0.042045
0.054860
0.046618
0.050245
0.045878
0.045567
0.048112
0.045803
0.045708
0.048211
0.049685
0.045926
0.048132
0.047433
0.046045
0.047174
0.046862
0.050294
0.046290
0.045953
0.047715
0.043754
0.048935
0.047061
0.045917
0.046781
0.046629
0.049630
0.061498
0.047462
0.047827
0.046378
0.046290
0.046395
0.047271
0.049726
0.062933
0.047363
0.045811
0.047840
0.046033
0.049171
0.046478
0.050297
0.046232
0.048544
0.051781
0.046109
0.046271
0.046977
0.046943
0.046641
0.049275
0.045938
0.046508
0.047670
0.059526
0.047549
0.048850
0.047137
0.060702
0.046285
0.048426
0.050763
0.064315
0.047372
0.053661
0.049640
0.041937
0.053032
0.039343
0.051819
0.031769
0.034645
0.032467
0.031499
0.034934
0.046924
0.031757
0.032439
0.031774
0.032427
0.032514
0.032645
0.033025
0.042901
0.035069
0.031900
0.034688
0.031945
0.035419
0.040026
0.031434
0.031780
0.023467
0.033041
0.044178
0.043266
0.030358
0.029110
0.031449
0.032473
0.028180
0.030529
0.023848
0.029219
0.030085
0.026427
0.029445
0.029583
0.033737
0.042953
0.048402
0.029395
0.042868
0.044791
0.045252
0.042987
0.029354
0.034629
0.043528
0.042898
0.043545
0.043739
0.043768
0.043579
0.041613
0.045871
0.053904
0.046157
0.032044
0.050505
0.037555
0.036818
0.044840
0.041535
0.042872
0.043771
0.043079
0.048435
0.043184
0.046376
0.037510
0.044022
0.042257
0.051448
0.045727
0.045813
0.047848
0.045939
0.047313
0.049759
0.032891
0.038053
0.038556
0.041296
0.041322
0.044538
0.042066
0.039771
0.044662
0.041294
0.038265
0.042106
0.040342
0.039644
0.040389
0.038945
0.023218
0.034512
0.038866
0.040838
0.040686
0.038844
0.038567
0.039561
0.035315
0.043651
0.041787
0.039863
0.043703
0.041781
0.043766
0.044160
0.043172
0.041965
0.042165
0.043971
0.041914
0.042724
0.044049
0.056193
0.046909
0.059121
0.041924
0.058205
0.046472
0.044005
0.045908
0.048020
0.047028
0.044062
0.045215
0.044390
0.046325
0.044445
0.044289
0.044766
0.045912
0.044193
0.044294
0.048099
0.045257
0.048064
0.044022
0.046613
0.044019
0.044160
0.046770
0.044181
0.044333
0.047438
0.045832
0.050335
0.047962
0.046032
0.046923
0.046658
0.046940
0.046618
0.022402
0.039790
0.038409
0.039675
0.037825
0.040748
0.049770
0.039370
0.037724
0.053633
0.057023
0.052426
0.045409
0.040133
0.046363
0.045153
0.041303
0.042260
0.042157
0.049118
0.041273
0.043483
0.043702
0.045546
0.041616
0.047312
0.043643
0.045691
0.033418
0.032959
0.031928
0.044760
0.044482
0.031341
0.047503
0.033257
0.030921
0.049378
0.045150
0.056799
0.043883
0.045063
0.047231
0.030538
0.043049
0.029556
0.029205
0.029968
0.029082
0.029028
0.033617
0.030917
0.029611
0.028971
0.031107
0.034376
0.046796
0.030105
0.041868
0.029743
0.030900
0.030061
0.028908
0.031055
0.045200
0.023371
0.041403
0.042455
0.029047
0.040254
0.041022
0.043753
0.043720
0.031672
0.030980
0.029676
0.029126
0.032697
0.032512
0.030063
0.029907
0.035647
0.026968
0.026503
0.050290
0.027738
0.037868
0.037520
0.030002
0.034458
0.042794
0.044459
0.043577
0.045937
0.054138
0.049449
0.044448
0.044816
0.044048
0.049470
0.043773
0.043958
0.052107
0.044624
0.046018
0.044150
0.050238
0.047923
0.045555
0.046432
0.044282
0.044995
0.057076
0.030408
0.044784
0.044112
0.049524
0.043797
0.045648
0.044609
0.055998
0.044659
0.038552
0.044028
0.031408
0.046042
0.032906
0.032623
0.035089
0.037382
0.035498
0.036610
0.038203
0.038019
0.035547
0.037907
0.039016
0.038059
0.033732
0.038510
0.040335
0.034645
0.041816
0.046412
0.044126
0.044231
0.045722
0.044542
0.044128
0.042515
0.038369
0.046680
0.039713
0.038309
0.039181
0.039549
0.043387
0.043260
0.040669
0.046148
0.045151
0.048424
0.047316
0.047727
0.046674
0.049021
0.048349
0.049789
0.050873
0.046584
0.054011
0.047321
0.046668
0.044307
0.035412
0.040444
0.031398
0.027275
0.040737
0.040933
0.031390
0.038728
0.049031
0.052943
0.056563
0.042975
0.045399
0.065470
0.047501
0.062720
0.053481
0.061559
0.054344
0.044645
0.044072
0.046300
0.042835
0.048645
0.043104
0.043823
0.054669
0.043676
0.047986
0.038650
0.040888
0.047882
0.044733
0.042868
0.043020
0.043842
0.040996
0.049454
0.038569
0.036158
0.038437
0.040159
0.044821
0.045896
0.047566
0.038631
0.048172
0.036580
0.043030
0.039058
0.041623
0.045699
0.042629
0.044420
0.045910
0.047434
0.047212
0.049967
0.042431
0.067245
0.044195
0.041324
0.045100
0.043623
0.048003
0.044878
0.043194
0.043721
0.042212
0.044443
0.043672
0.043873
0.040678
0.039366
0.044208
0.043903
0.043819
0.047655
0.044652
0.047392
0.045213
0.047220
0.045121
0.045602
0.049088
0.044102
0.051539
0.044562
0.044875
0.046065
0.043781
0.045884
0.043110
0.045253
0.044601
0.044415
0.044546
0.044883
0.047580
0.044541
0.046537
0.044672
0.044591
0.044041
0.048196
0.044473
0.045161
0.044225
0.044607
0.045914
0.049639
0.045605
0.046917
0.039553
0.046209
0.040978
0.040677
0.041121
0.038989
0.034184
0.035526
0.046530
0.044129
0.043022
0.040740
0.041797
0.042050
0.044800
0.042670
0.042140
0.041430
0.040630
0.043207
0.045931
0.044565
0.047482
0.046220
0.045413
0.045295
0.046841
0.044803
0.045212
0.043913
0.045709
0.044206
0.047317
0.046501
0.047196
0.047040
0.049740
0.046073
0.045245
0.044453
0.045871
0.046039
0.044320
0.045321
0.043825
0.046462
0.045207
0.048418
0.044658
0.044253
0.045447
0.043935
0.044360
0.042164
0.043648
0.041851
0.047318
0.038770
0.042189
0.041885
0.040887
0.044846
0.045391
0.043650
0.049253
0.045803
0.044073
0.047993
0.044116
0.043728
0.045781
0.046488
0.044363
0.047936
0.044065
0.044287
0.038551
0.051877
0.047845
0.047036
0.046626
0.048156
0.045880
0.047515
0.048378
0.052037
0.046350
0.051588
0.045923
0.045615
0.050759
0.049454
0.053448
0.046917
0.046006
0.051265
0.046448
0.048282
0.048137
0.045802
0.049826
0.046169
0.045781
0.054867
0.045856
0.065589
0.048522
0.054518
0.057833
0.041279
0.041078
0.047121
0.062386
0.053897
0.045353
0.041843
0.043275
0.042010
0.042580
0.046708
0.043773
0.044825
0.044565
0.045825
0.049373
0.045907
0.050017
0.045851
0.047107
0.048204
0.047260
0.047189
0.050386
0.046373
0.047040
0.050847
0.046208
0.052397
0.046028
0.049082
0.049095
0.046318
0.046892
0.046568
0.048950
0.046096
0.046008
0.047283
0.045976
0.052329
0.050269
0.058602
0.051180
0.045809
0.050294
0.045894
0.046348
0.046003
0.046839
0.046492
0.055343
0.046839
0.046137
0.035506
0.041462
0.041375
0.043925
0.040678
0.041749
0.041503
0.050074
0.046058
0.044961
0.043148
0.042696
0.043932
0.042879
0.046652
0.042536
0.042660
0.046959
0.042653
0.045043
0.043562
0.043494
0.043211
0.045328
0.042930
0.047488
0.042463
0.048956
0.042604
0.042524
0.043720
0.045219
0.044754
0.044201
0.042553
0.044065
0.059713
0.045913
0.042839
0.046048
0.042727
0.046289
0.042691
0.044041
0.043227
0.042787
0.042703
0.047355
0.042808
0.044329
0.048690
0.048616
0.045834
0.051800
0.045948
0.045940
0.049855
0.049573
0.046307
0.046772
0.044677
0.021027
0.028996
0.032169
0.034640
0.038056
0.049849
0.052317
0.056855
0.055709
0.054041
0.065456
0.066952
0.055764
0.064245
0.061195
0.064266
0.055158
0.063615
0.065473
0.062793
0.059301
0.065842
0.044044
0.043614
0.048873
0.044354
0.046518
0.047097
0.044065
0.049179
0.044433
0.049854
0.045747
0.044462
0.048283
0.045990
0.045950
0.044374
0.044144
0.045990
0.039538
0.054404
0.056323
0.054115
0.047853
0.045677
0.045941
0.048980
0.046776
0.049075
0.049842
0.056610
0.052619
0.048202
0.046233
0.047614
0.049717
0.058129
0.051190
0.054484
0.050042
0.051435
0.056843
0.047110
0.055992
0.052720
0.055978
0.046777
0.050835
0.048979
0.052982
0.047936
0.044422
0.032634
0.047719
0.043824
0.045512
0.044537
0.043071
0.047175
0.043827
0.046359
0.046736
0.048528
0.047773
0.048801
0.046930
0.046484
0.046318
0.046675
0.046793
0.048908
0.048982
0.046896
0.047497
0.047722
0.054760
0.054494
0.047267
0.050489
0.044188
0.043342
0.054359
0.063679
0.046236
0.045738
0.056903
0.060255
0.048459
0.043441
0.061410
0.051157
0.050926
0.036010
0.037013
0.040545
0.039249
0.042407
0.044695
0.045595
0.045712
0.046446
0.044796
0.047527
0.045510
0.046475
0.044036
0.044310
0.059819
0.061506
0.046547
0.048796
0.052505
0.051015
0.046319
0.045522
0.046144
0.048573
0.050364
0.048362
0.048513
0.046036
0.054892
0.047179
0.053586
0.046515
0.064383
0.046659
0.054389
0.046828
0.048383
0.046629
0.052700
0.047193
0.047321
0.048248
0.049847
0.046446
0.046444
0.046434
0.046588
0.046938
0.058663
0.047441
0.047483
0.046489
0.053233
0.055586
0.060490
0.045421
0.063782
0.047287
0.048433
0.047434
0.046997
0.048059
0.050116
0.050418
0.046319
0.046803
0.052091
0.046427
0.046356
0.041850
0.042775
0.039333
0.037630
0.037839
0.040825
0.040655
0.041194
0.039612
0.042474
0.040584
0.040492
0.040090
0.042238
