0.401131
0.070781
0.044947
0.044346
0.043903
0.044296
0.045242
0.047661
0.046282
0.050576
0.046711
0.047733
0.047222
0.045907
0.049473
0.047785
0.062594
0.047571
0.046805
0.057116
0.046863
0.045737
0.048483
0.047667
0.046658
0.045935
0.044323
0.053531
0.051370
0.052497
0.045501
0.063981
0.069495
0.064864
0.046546
0.046770
0.049345
0.046165
0.047997
0.045346
0.047898
0.047864
0.047528
0.066430
0.070566
0.059657
0.068878
0.065299
0.040769
0.050792
0.046800
0.045144
0.033750
0.051416
0.037120
0.038512
0.055560
0.049251
0.042695
0.044752
0.046096
0.048646
0.046621
0.045830
0.052165
0.049449
0.047963
0.058878
0.059150
0.052789
0.047127
0.043265
0.043046
0.045109
0.047740
0.046076
0.053985
0.046005
0.049107
0.047753
0.054527
0.046216
0.052228
0.048445
0.046729
0.051082
0.046914
0.049377
0.048081
0.048816
0.051982
0.045398
0.046366
0.047079
0.060784
0.045969
0.041052
0.043207
0.039075
0.059839
0.048584
0.053613
0.048508
0.045830
0.047521
0.048280
0.045969
0.033863
0.042226
0.023830
0.057849
0.046977
0.033094
0.025841
0.027502
0.027258
0.043610
0.026726
0.040735
0.038678
0.046974
0.040017
0.038855
0.027472
0.043720
0.039669
0.040114
0.047452
0.044025
0.028455
0.039946
0.038435
0.043024
0.038383
0.026205
0.028094
0.029383
0.028549
0.054926
0.048068
0.036188
0.036882
0.041918
0.056370
0.038267
0.033042
0.040379
0.026512
0.022094
0.021000
0.034778
0.032613
0.031891
0.041961
0.023048
0.038041
0.035772
0.038938
0.040762
0.044984
0.040710
0.040536
0.048232
0.040600
0.054516
0.043691
0.043043
0.041959
0.042733
0.040880
0.041052
0.041616
0.040915
0.040476
0.042151
0.043313
0.041414
0.060035
0.040941
0.044331
0.040585
0.040520
0.044188
0.042788
0.041627
0.044107
0.040909
0.052811
0.045296
0.044289
0.044540
0.042542
0.043536
0.034065
0.040472
0.045691
0.045369
0.045835
0.046943
0.043853
0.044641
0.058585
0.047059
0.042358
0.045502
0.044710
0.043392
0.056156
0.048310
0.046588
0.045871
0.046114
0.049612
0.046107
0.049217
0.047803
0.055504
0.048170
0.039335
0.045578
0.033251
0.048025
0.039214
0.054703
0.031692
0.034205
0.032786
0.041129
0.034499
0.029107
0.043410
0.029938
0.037780
0.044413
0.029050
0.048709
0.043019
0.057264
0.046235
0.044099
0.044033
0.044793
0.047977
0.042719
0.048426
0.046889
0.029191
0.029212
0.035393
0.029749
0.042388
0.046287
0.043887
0.042571
0.043166
0.037772
0.045353
0.040644
0.041024
0.053380
0.028934
0.031100
0.029879
0.031571
0.031419
0.040606
0.028895
0.033122
0.039707
0.043327
0.043439
0.043495
0.042086
0.030723
0.042129
0.035471
0.042736
0.040643
0.041775
0.036964
0.044994
0.041218
0.047207
0.049662
0.043895
0.043334
0.047189
0.045784
0.043724
0.043083
0.044048
0.046957
0.045482
0.043340
0.042919
0.046115
0.044144
0.045802
0.043940
0.044909
0.044312
0.043764
0.042998
0.042862
0.049742
0.043533
0.045242
0.043652
0.044899
0.045778
0.042750
0.062332
0.046707
0.047794
0.047505
0.051462
0.048891
0.052629
0.046462
0.053268
0.047621
0.050973
0.048384
0.045882
0.046253
0.046003
0.048265
0.047484
0.046675
0.052091
0.049150
0.050431
0.046870
0.053504
0.046237
0.047409
0.048250
0.052054
0.048151
0.049561
0.042681
0.047308
0.046339
0.049593
0.046365
0.046704
0.047482
0.048270
0.049573
0.046420
0.049391
0.048007
0.047521
0.047923
0.046557
0.047371
0.047729
0.047145
0.046655
0.047575
0.049654
0.047091
0.046429
0.048407
0.047697
0.047268
0.046718
0.051659
0.045876
0.049125
0.050251
0.046055
0.047439
0.038389
0.049971
0.044092
0.044130
0.038907
0.047436
0.044204
0.044651
0.047855
0.044914
0.047183
0.046793
0.048424
0.046107
0.045688
0.050117
0.047104
0.046729
0.045692
0.047224
0.045950
0.047595
0.046185
0.037065
0.051177
0.046423
0.045091
0.041568
0.041942
0.042435
0.044002
0.046048
0.042283
0.037451
0.039079
0.055542
0.046247
0.056775
0.042121
0.048564
0.059578
0.050938
0.052696
0.050630
0.056405
0.047351
0.049566
0.046355
0.047019
0.048462
0.048452
0.047524
0.046106
0.050606
0.050406
0.049449
0.048337
0.046949
0.047066
0.054775
0.046599
0.052376
0.047461
0.047475
0.050608
0.049742
0.047598
0.048028
0.050650
0.048039
0.047909
0.048762
0.048357
0.047918
0.048187
0.052228
0.048671
0.049051
0.050127
0.048807
0.049858
0.050484
0.049008
0.048075
0.048037
0.051251
0.047657
0.048036
0.048210
0.048288
0.049953
0.048561
0.050056
0.048620
0.047793
0.048306
0.048752
0.047937
0.049254
0.048008
0.048926
0.047909
0.048833
0.046847
0.034563
0.047999
0.041081
0.040912
0.047458
0.031840
0.043641
0.043712
0.033803
0.039425
0.035301
0.026505
0.027034
0.023174
0.025325
0.030273
0.036274
0.030118
0.029249
0.030697
0.031823
0.031575
0.031252
0.036664
0.044481
0.045640
0.049566
0.036181
0.041764
0.039628
0.036326
0.048350
0.035601
0.036376
0.038245
0.040843
0.036962
0.036366
0.029796
0.029096
0.037078
0.027830
0.030430
0.024928
0.026321
0.027620
0.021771
0.022947
0.019629
0.029712
0.042205
0.041503
0.047049
0.048564
0.036568
0.057722
0.026313
0.029190
0.026073
0.047463
0.035201
0.048660
0.043042
0.022483
0.027540
0.024657
0.028463
0.027595
0.023349
0.019681
0.029204
0.032266
0.032545
0.024189
0.023511
0.038623
0.035632
0.024935
0.025979
0.025112
0.045885
0.032823
0.027267
0.035751
0.033828
0.021183
0.025580
0.018076
0.020929
0.018986
0.017975
0.025515
0.018528
0.048279
0.018693
0.019260
0.017953
0.019192
0.023363
0.021757
0.019655
0.019104
0.032923
0.021770
0.039088
0.037428
0.031612
0.030940
0.031252
0.034666
0.034589
0.035859
0.042213
0.031030
0.033958
0.030967
0.037237
0.034222
0.033449
0.048961
0.031603
0.023177
0.023911
0.021665
0.041147
0.035667
0.032010
0.031069
0.032787
0.036240
0.030553
0.043739
0.025561
0.036327
0.039521
0.039389
0.041630
0.035494
0.038786
0.040543
0.047267
0.042174
0.039817
0.052202
0.040560
0.045697
0.040869
0.022891
0.023275
0.041464
0.021526
0.026028
0.031088
0.040103
0.029915
0.046795
0.029148
0.034740
0.034168
0.038302
0.030556
0.030364
0.030965
0.048703
0.038037
0.033306
0.030350
0.032048
0.035643
0.032428
0.030789
0.032264
0.031458
0.031526
0.033989
0.031893
0.051715
0.042231
0.037572
0.040333
0.038136
0.042218
0.038295
0.035975
0.035853
0.035591
0.040041
0.038089
0.047761
0.037846
0.052525
0.038170
0.046921
0.042176
0.042785
0.038961
0.045024
0.034155
0.024337
0.034665
0.040852
0.039354
0.055239
0.043801
0.043825
0.036213
0.039352
0.037846
0.037865
0.061748
0.038035
0.037841
0.039900
0.040812
0.039618
0.043020
0.038069
0.054252
0.044766
0.045157
0.047665
0.044458
0.043020
0.043083
0.044262
0.029604
0.031867
0.028311
0.032899
0.026861
0.024554
0.026138
0.023741
0.027746
0.029881
0.026504
0.025630
0.023355
0.023712
0.026369
0.027304
0.040918
0.041738
0.032698
0.024395
0.026452
0.028642
0.034744
0.028625
0.028514
0.039439
0.029987
0.028381
0.029309
0.037605
0.028986
0.028594
0.036305
0.043022
0.040843
0.030518
0.031444
0.029469
0.054712
0.032935
0.028612
0.029622
0.034387
0.032008
0.042247
0.051514
0.034208
0.034664
0.036298
0.036755
0.034767
0.036812
0.036238
0.049617
0.039614
0.057554
0.041356
0.043985
0.042346
0.044072
0.054547
0.046942
0.042241
0.041914
0.042601
0.043010
0.045326
0.041981
0.042820
0.042540
0.041703
0.044565
0.042735
0.031896
0.034944
0.035494
0.035218
0.034498
0.038464
0.036081
0.041456
0.037987
0.038417
0.034766
0.025722
0.050008
0.035933
0.039304
0.037833
0.060775
0.039028
0.038824
0.037710
0.037681
0.037714
0.040386
0.037597
0.040729
0.049206
0.040835
0.041281
0.039723
0.043959
0.040832
0.039834
0.041251
0.040334
0.040043
0.042066
0.042473
0.062704
0.041963
0.044151
0.046134
0.042131
0.052218
0.042506
0.043609
0.041882
0.042869
0.044357
0.040926
0.046608
0.049517
0.043542
0.042226
0.042687
0.048896
0.046514
0.050725
0.048211
0.047054
0.046600
0.050673
0.052543
0.044599
0.055389
0.059456
0.069268
0.048766
0.049197
0.041435
0.047597
0.042995
0.043996
0.042118
0.045959
0.046254
0.042152
0.042854
0.043584
0.052334
0.042426
0.042111
0.061788
0.062189
0.051504
0.046063
0.046272
0.053792
0.042626
0.041915
0.044155
0.043364
0.043240
0.044726
0.048692
0.044146
0.047607
0.044268
0.044182
0.049726
0.044507
0.044627
0.045286
0.055128
0.044216
0.046657
0.047767
0.044533
0.049233
0.045478
0.044800
0.046128
0.048228
0.048012
0.047906
0.044950
0.046247
0.044718
0.047283
0.044130
0.044214
0.046464
0.047017
0.044236
0.045244
0.045122
0.043846
0.051095
0.053765
0.050220
0.046591
0.042629
0.044148
0.047879
0.043227
0.046571
0.045682
0.063434
0.057461
0.046424
0.040581
0.041870
0.047825
0.042909
0.067079
0.055492
0.050143
0.044018
0.043775
0.045822
0.045642
0.047407
0.047114
0.046314
0.045851
0.046299
0.048560
0.048024
0.050875
0.046297
0.050911
0.051131
0.046335
0.061793
0.048232
0.047146
0.047383
0.050958
0.051424
0.052708
0.044611
0.046988
0.050267
0.041377
0.042882
0.045231
0.048012
0.045006
0.045396
0.046118
0.048476
0.044077
0.049452
0.044282
0.044618
0.045669
0.046536
0.046278
0.057111
0.044809
0.044352
0.046448
0.046588
0.049197
0.043987
0.049796
0.038278
0.044176
0.074124
0.040396
0.041566
0.042689
0.044457
0.044199
0.046252
0.041732
0.042284
0.057506
0.048970
0.047750
0.051939
0.050624
0.047240
0.056134
0.047123
0.049321
0.047245
0.045921
0.044466
0.046107
0.062117
0.052739
0.043554
0.038722
0.039631
0.043255
0.040022
0.039303
0.054436
0.039672
0.039544
0.043088
0.041833
0.049925
0.040047
0.045629
0.042334
0.043610
0.048270
0.044542
0.045608
0.044687
0.040503
0.046232
0.044069
0.059696
0.058135
0.044064
0.048249
0.048142
0.045812
0.048878
0.045391
0.050880
0.044078
0.059530
0.035344
0.020224
0.028521
0.032265
0.059864
0.035671
0.051514
0.032077
0.033090
0.051384
0.033791
0.038978
0.034070
0.041209
0.034338
0.060923
0.047102
0.038651
0.045919
0.042666
0.038061
0.041657
0.039635
0.036842
0.036114
0.035692
0.030083
0.029258
0.028409
0.033128
0.035040
0.032473
0.026953
0.041332
0.027121
0.031430
0.043318
0.028185
0.031288
0.031146
0.029256
0.033946
0.042440
0.033103
0.028957
0.035513
0.030608
0.033086
0.031980
0.039149
0.035623
0.032762
0.032524
0.035114
0.038363
0.046217
0.037372
0.037104
0.038934
0.042467
0.038745
0.038757
0.044847
0.049599
0.043475
0.041631
0.036998
0.026560
0.030385
0.026877
0.026480
0.029389
0.034135
0.028982
0.039857
0.035906
0.035657
0.034493
0.048023
0.035279
0.035671
0.036263
0.043349
0.039850
0.037542
0.029993
0.034902
0.035164
0.035267
0.054324
0.030557
0.028303
0.029092
0.028258
0.051646
0.047264
0.030727
0.043638
0.037722
0.038209
0.045356
0.039360
0.030336
0.034042
0.035356
0.034135
0.053360
0.036325
0.048310
0.032563
0.035329
0.041582
0.039123
0.031976
0.038410
0.032838
0.034241
0.049510
0.037317
0.033475
0.039209
0.032318
0.034354
0.043854
0.037136
0.038368
0.040666
0.039096
0.040114
0.038114
0.036446
0.044092
0.039914
0.039256
0.045202
0.036386
0.040622
0.038516
0.038786
0.047069
0.041564
0.043688
0.051991
0.049596
0.054417
0.047859
0.047968
0.046770
0.040619
0.045871
0.054617
0.045433
0.055477
0.043382
0.045164
0.045815
0.043000
0.045242
0.043980
0.045613
0.043975
0.044070
0.046562
0.037950
0.039319
0.035429
0.037523
0.042316
0.055646
0.045181
0.043898
0.046915
0.043845
0.045942
0.043587
0.044734
0.044359
0.058597
0.063052
0.042917
0.046681
0.052152
0.067441
0.043875
0.039991
0.044962
0.048195
0.042684
0.041827
0.044195
0.042877
0.040076
0.041255
0.047326
0.065686
0.046486
0.050765
0.051557
0.043383
0.044763
0.062071
0.043842
0.043272
0.046926
0.049113
0.044775
0.046169
0.052588
0.047957
0.044067
0.044917
0.042290
0.032816
0.046077
0.050222
0.043621
0.051657
0.036676
0.043225
0.042153
0.050550
0.045255
0.044902
0.044913
0.047754
0.044584
0.055273
0.046575
0.050696
0.047101
0.045047
0.053710
0.045390
0.032835
0.031574
0.030400
0.037970
0.031855
0.030501
0.031479
0.035769
0.032482
0.043899
0.050116
0.050443
0.048717
0.045671
0.047282
0.048602
0.044163
0.032768
0.041513
0.024560
0.034908
0.036603
0.038192
0.038126
0.041496
0.037719
0.028842
0.035477
0.034409
0.035188
0.070402
0.036554
0.034828
0.038333
0.036639
0.040173
0.039567
0.037697
0.037642
0.041047
0.041804
0.036029
0.056295
0.052942
0.056815
0.025243
0.053861
0.038275
0.039330
0.066319
0.045983
0.046296
0.039234
0.034445
0.031623
0.024858
0.034684
0.035804
0.047790
0.040637
0.039364
0.040976
0.039845
0.042454
0.040752
0.038960
0.051135
0.038822
0.038306
0.043380
0.039896
0.039266
0.039282
0.040306
0.041086
0.053713
0.043052
0.030205
0.030915
0.032253
0.035182
0.038906
0.052010
0.038137
0.039547
0.040915
0.031438
0.040578
0.043622
0.050666
0.044729
0.043659
0.042910
0.045071
0.043343
0.040129
0.039721
0.037885
0.040867
0.039963
0.039434
0.031920
0.037303
0.043758
0.042004
0.040321
0.039650
0.038949
0.053956
0.041823
0.039011
0.039582
0.044278
0.039747
0.049804
0.039219
0.039278
0.040159
0.042734
0.041464
0.039830
0.045222
0.036506
0.055663
0.045503
0.041716
0.044010
0.042988
0.043164
0.047975
0.041915
0.031691
0.029691
0.029204
0.029011
0.038904
0.031235
0.029015
0.030286
0.045140
0.035385
0.051663
0.029217
0.047833
0.044077
0.043089
0.052155
0.042220
0.042968
0.041968
0.048167
0.045331
0.041715
0.058769
0.042199
0.046822
0.043850
0.042434
0.058528
0.043654
0.044044
0.044796
0.046771
0.046596
0.045806
0.049065
0.072069
0.045426
0.046379
0.046506
0.047004
0.045960
0.045828
0.045507
0.044715
0.046835
0.049416
0.044459
0.045976
0.044821
0.044342
0.047159
0.044885
0.050047
0.044235
0.043939
0.047873
0.044850
0.048002
0.044270
0.057509
0.051790
0.051603
0.044429
0.044044
0.050980
0.045083
0.058246
0.044396
0.044432
0.047740
0.045355
0.044104
0.053850
0.044405
0.046984
0.044988
0.044486
0.045014
0.044970
0.043146
0.041092
0.040807
0.047487
0.041155
0.046055
0.042041
0.042435
0.053662
0.041990
0.048434
0.041013
0.042364
0.041706
0.041836
0.042079
0.041598
0.046108
0.041090
0.045013
0.041809
0.041414
0.044682
0.061520
0.044827
0.045278
0.047111
0.050993
0.048130
0.044424
0.051476
0.048537
0.045056
0.045026
0.053452
0.046052
0.047038
0.043962
0.050041
0.045397
0.052805
0.044642
0.044013
0.047261
0.045195
0.046753
0.044270
0.047318
0.044837
0.053196
0.044144
0.045085
0.039657
0.040819
0.041408
0.046592
0.043762
0.043581
0.043683
0.043940
0.043816
0.044146
0.032889
0.040764
0.041485
0.036091
0.040152
0.038312
0.037105
0.035982
0.042528
0.038193
0.036671
0.037421
0.038465
0.038340
0.036310
0.037598
0.035956
0.038193
0.036932
0.036569
0.035746
0.040587
0.029402
0.036651
0.035857
0.038350
0.038245
0.037315
0.033824
0.039647
0.039051
0.038087
0.036801
0.038386
0.042451
0.036831
0.036484
0.037066
0.033790
0.022948
0.028976
0.021625
0.025655
0.024675
0.026265
0.022950
0.023059
0.024889
0.024622
0.028856
0.027507
0.027023
0.024721
0.025985
0.025867
0.026676
0.027061
0.026135
0.040447
0.029329
0.032313
0.016876
0.016713
0.023696
0.028103
0.017117
0.024662
0.025671
0.018065
0.025930
0.026781
0.026962
0.026271
0.024585
0.023685
0.023921
0.029485
0.023898
0.024208
0.024711
0.027024
0.020335
0.024376
0.026967
0.031864
0.031980
0.032269
0.037176
0.049508
0.039147
0.037515
0.039151
0.049169
0.040224
0.038416
0.032108
0.031987
0.034324
0.040974
0.034237
0.035175
0.033446
0.038171
0.040815
0.041555
0.035491
0.038350
0.042020
0.042439
0.018852
0.022776
0.037344
0.046482
0.034020
0.034063
0.038357
0.034047
0.044429
0.038228
0.034323
0.040660
0.034983
0.036951
0.026150
0.035560
0.024720
0.045920
0.025347
0.028649
0.022947
0.032922
0.040749
0.044394
0.026877
0.034045
0.030996
0.033381
0.036967
0.035141
0.040316
0.032795
0.031423
0.033889
0.028591
0.026929
0.029165
0.028737
0.026544
0.028405
0.029324
0.026676
0.027457
0.019469
0.013041
0.013407
0.024007
0.020935
0.028874
0.015808
0.024749
0.022828
0.021300
0.022011
0.026063
0.022862
0.024853
0.024478
0.026091
0.019808
0.017651
0.024914
0.016992
0.022864
0.019843
0.026621
0.025562
0.021134
0.035882
0.025559
0.028260
0.026820
0.034560
0.026642
0.037292
0.047574
0.041516
0.035555
0.037432
0.035545
0.035227
0.024799
0.018042
0.017890
0.032109
0.020300
0.041027
0.026877
0.029605
0.018268
0.018448
0.017793
0.029387
0.019716
0.018013
0.025199
0.019012
0.025644
0.018114
0.020536
0.018485
0.012875
0.020579
0.017407
0.017429
0.017262
0.017430
0.025299
0.021832
0.021044
0.024657
0.020278
0.032797
0.022938
0.027143
0.025905
0.026082
0.029996
0.028284
0.028023
0.028049
0.035272
0.028523
0.031347
0.034909
0.032760
0.032048
0.032959
0.032057
0.032029
0.032393
0.031614
0.032621
0.033521
0.032978
0.031700
0.035458
0.031623
0.034346
0.032653
0.032753
0.050541
0.036290
0.033676
0.032979
0.028713
0.034280
0.039868
0.035556
0.032785
0.033850
0.030940
0.030947
0.032795
0.032664
0.030880
0.030738
0.034669
0.032102
0.031470
0.038736
0.031145
0.031960
0.033670
0.031018
0.021687
0.023297
0.021910
0.028657
0.023507
0.039635
0.029411
0.026447
0.023472
0.028033
0.025844
0.023433
0.027489
0.023666
0.024488
0.029257
0.027217
0.030602
0.027349
0.024206
0.023720
0.024164
0.024814
0.025255
0.030587
0.030303
0.043687
0.029542
0.027125
0.026975
0.032068
0.027223
0.027062
0.034118
0.027833
0.028707
0.031453
0.031748
0.028670
0.028892
0.029676
0.030291
0.029235
0.028932
0.029445
0.028763
0.028379
0.033390
0.029864
0.031166
0.035412
0.029831
0.029685
0.031926
0.037016
0.033591
0.034544
0.035260
0.031440
0.032020
0.034270
0.034757
0.043225
0.039876
0.038894
0.038915
0.040318
0.042319
0.049962
0.043406
0.043277
0.058089
0.069966
0.061321
0.059403
0.049229
0.052682
0.055082
0.056103
0.053324
0.054259
0.054183
0.053157
0.045416
0.052278
0.070729
0.065834
0.061786
0.054854
0.050230
0.055135
0.052063
0.051599
0.051062
0.052027
0.050565
0.055764
0.050205
0.050594
0.047755
0.047689
0.050112
0.050012
0.051386
0.049990
0.052982
0.049711
0.055640
0.042656
0.043501
0.044559
0.044168
0.044661
0.050448
0.045116
0.046384
0.049184
0.046882
0.048565
0.048866
0.046812
0.046476
0.048747
0.046184
0.048377
0.052855
0.049734
0.052864
0.052380
0.051375
0.051493
0.049922
0.052362
0.051173
0.049457
0.051749
0.050090
0.051661
0.049343
0.053446
0.049940
0.044627
0.044885
0.049398
0.043648
0.044058
0.045790
0.050625
0.050146
0.052232
0.051731
0.046684
0.050041
0.050146
0.050653
0.052746
0.050286
0.050343
0.051560
0.049059
0.050141
0.036392
0.049477
0.048505
0.053271
0.042765
0.029264
0.032056
0.032479
0.030572
0.048861
0.046988
0.046572
0.048900
0.048361
0.051010
0.048816
0.047611
0.050600
0.048187
0.051931
0.050201
0.070190
0.063005
0.049030
0.048152
0.062046
0.048505
0.047487
0.065583
0.047466
0.050761
0.045645
0.049566
0.050780
0.038282
0.045305
0.041959
0.042233
0.037362
0.051802
0.052079
0.057485
0.054514
0.049236
0.046125
0.044230
0.029702
0.029179
0.030171
0.047931
0.041953
0.029049
0.028924
0.046100
0.046551
0.052927
0.053177
0.045475
0.048137
0.047200
0.047512
0.047040
0.032658
0.037720
0.033235
0.049299
0.038033
0.032099
0.034556
0.033373
0.033594
0.031835
0.034127
0.035850
0.034029
0.034320
0.036124
0.050794
0.057905
0.032070
0.049040
0.042478
0.028124
0.030002
0.029968
0.033548
0.035449
0.036002
0.036133
0.040814
0.041865
0.037559
0.043797
0.037790
0.042528
0.037817
0.040129
0.027457
0.031084
0.023668
0.029708
0.032795
0.030180
0.030251
0.035033
0.032408
0.035528
0.033167
0.032076
0.033483
0.028896
0.031424
0.035681
0.035606
0.034108
0.038644
0.036778
0.041993
0.037570
0.042109
0.038426
0.041671
0.038463
0.041506
0.041109
0.040379
0.043282
0.040053
0.038761
0.042493
0.041072
0.052639
0.042339
0.038800
0.038432
0.039116
0.038406
0.040419
0.040802
0.042088
0.034978
0.029173
0.026659
0.033716
0.038067
0.028346
0.023788
0.043025
0.030425
0.024243
0.031052
0.024854
0.024341
0.024420
0.026419
0.029962
0.024688
0.024980
0.027658
0.027477
0.055036
0.038687
0.033436
0.039102
0.022219
0.024643
0.023345
0.021264
0.021884
0.040730
0.024396
0.023428
0.024032
0.043225
0.039684
0.036785
0.019875
0.023777
0.021089
0.021377
0.031648
0.021190
0.025434
0.025118
0.028371
0.028866
0.032912
0.032922
0.032810
0.031220
0.032384
0.033131
0.032190
0.031398
0.031575
0.030578
0.033919
0.029741
0.029956
0.029565
0.029682
0.032858
0.029906
0.033920
0.029957
0.032678
0.030012
0.031056
0.032725
0.029711
0.028253
0.027715
0.027731
0.031912
0.031958
0.030998
0.030807
0.029518
0.031026
0.030225
0.029150
0.034711
0.051693
0.037343
0.031499
0.035716
0.032686
0.033675
0.050994
0.035816
0.032850
0.050284
0.052441
0.034220
0.029023
0.032004
0.033740
0.034235
0.033256
0.033417
0.039769
0.034182
0.032804
0.030119
0.036403
0.033386
0.031178
0.030045
0.031983
0.046484
0.050261
0.037173
0.030766
0.028110
0.034270
0.043874
0.028611
0.028811
0.034115
0.028301
0.029093
0.031485
0.050712
0.047620
0.036696
0.037867
0.045177
0.044055
0.032371
0.033524
0.036808
0.031881
0.033662
0.037323
0.031586
0.039624
0.048757
0.047752
0.047034
0.034777
0.027898
0.030972
0.039023
0.030609
0.029610
0.028136
0.028656
0.033789
0.029268
0.028239
0.038493
0.041901
0.031014
0.029348
0.032114
0.032899
0.028612
0.029341
0.029808
0.029359
0.034696
0.040184
0.033446
0.031677
0.038543
0.037345
0.032617
0.034166
0.034846
0.038365
0.033098
0.033349
0.038771
0.036049
0.033391
0.037286
0.035608
0.043691
0.037321
0.038913
0.042310
0.037244
0.036144
0.039628
0.038572
0.034180
0.031163
0.034038
0.036816
0.033412
0.030797
0.034883
0.036662
0.042245
0.033599
0.035844
0.032790
0.037870
0.038752
0.033910
0.035238
0.038655
0.032683
0.055820
0.039081
0.035273
0.050876
0.034914
0.054784
0.034608
0.038928
0.035921
0.032975
0.054504
0.045398
0.034935
0.040063
0.039094
0.051701
0.039818
0.037486
0.037668
0.052733
0.054919
0.037771
0.035597
0.052547
0.054930
0.037655
0.043205
0.047354
0.046739
0.047077
0.057997
0.033129
0.033036
0.055177
0.051420
0.038374
0.034900
0.035865
0.034917
0.032327
0.031506
0.035909
0.031818
0.051714
0.048185
0.034982
0.051715
0.054790
0.057359
0.042592
0.044256
0.037745
0.036926
0.037236
0.038618
0.038132
0.034055
0.036393
0.041734
0.043690
0.039120
0.041539
0.039826
0.038041
0.040663
0.038507
0.048829
0.038956
0.040051
0.040354
0.038208
0.042574
0.038960
0.039041
0.041685
0.054566
0.041337
0.040083
0.043881
0.043621
0.044842
0.042982
0.043366
0.044729
0.047563
0.046671
0.054833
0.043215
0.047406
0.042635
0.051159
0.042895
0.047751
0.029554
0.030308
0.045629
0.043988
0.043519
0.043830
0.047637
0.043889
0.043067
0.047405
0.052983
0.047787
0.049101
0.049117
0.047696
0.044132
0.045470
0.044295
0.044332
0.044346
0.047315
0.047404
0.049217
0.052147
0.052793
0.044177
0.045600
0.044621
0.044318
0.058120
0.044271
0.054529
0.050632
0.046399
0.049430
0.042949
0.041253
0.036358
0.037656
0.043151
0.046815
0.045062
0.048351
0.044368
0.042160
0.042141
0.041912
0.045141
0.045646
0.046406
0.036950
0.045467
0.055744
0.041404
0.041077
0.042490
0.050402
0.048697
0.045526
0.047642
0.045009
0.046460
0.045484
0.049803
0.059386
0.061298
0.052430
0.044385
0.054946
0.044130
0.049586
0.041311
0.033234
0.040134
0.056674
0.044273
0.035567
0.045304
0.045741
0.044107
0.046257
0.049237
0.046710
0.044673
0.051161
0.049071
0.060533
0.063338
0.051379
0.051189
0.062619
0.050541
0.045190
0.044989
0.058603
0.043030
0.056734
0.044844
0.048869
0.053572
0.046882
0.043864
0.047305
0.044506
0.046762
0.044682
0.046744
0.044157
0.047285
0.045425
0.046208
0.045018
0.045589
0.045965
0.044947
0.049011
0.049407
0.045102
0.042807
0.067637
0.049682
0.044729
0.058283
0.044975
0.045105
0.049949
0.052837
0.050908
0.055088
0.046844
0.047129
0.047328
0.075390
0.045413
0.065179
0.041601
0.059298
0.059378
0.052301
0.055242
0.068664
0.055324
0.056915
0.044398
0.050840
0.052558
0.048277
0.047508
0.041999
0.060066
0.047544
0.048163
0.036601
0.043998
0.044156
0.060318
0.057594
0.050105
0.047958
0.048849
0.047698
0.046448
0.047863
0.055343
0.046344
0.044155
0.048028
0.027976
0.028685
0.047810
0.044170
0.031802
0.034492
0.036659
0.063682
0.043685
0.044755
0.061291
0.056740
0.046300
0.052646
0.055882
0.046642
0.043473
0.048001
0.039194
0.054521
0.045785
0.048475
0.046959
0.051025
0.048666
0.047292
0.050451
0.046077
0.046818
0.050428
0.050022
0.050928
0.046125
0.059214
0.047414
0.064436
0.046117
0.052074
0.044201
0.055322
0.049592
0.049614
0.047782
0.045572
0.055432
0.047130
0.046415
0.052073
0.048393
0.061297
0.052050
0.048184
0.050197
0.056029
0.067172
0.068099
0.048322
0.047684
0.069256
0.046281
0.052799
0.056623
0.064609
0.050422
0.059496
0.051192
0.056254
0.046541
0.054776
0.056187
0.071832
0.048625
0.054030
0.070162
0.064220
0.050868
0.047180
0.048990
0.073134
0.051573
0.054633
0.048558
0.071482
0.050385
0.054473
0.046804
0.048148
0.062435
0.048319
0.048712
0.046628
0.050864
0.047029
0.047661
0.047031
0.054845
0.047184
0.046827
0.047248
0.045868
0.046658
0.048093
0.047889
0.049474
0.047615
0.048048
0.047413
0.047103
0.046005
0.049798
0.047565
0.049190
0.046425
0.048653
0.062792
0.059536
0.046159
0.050658
0.046633
0.053544
0.048969
0.047353
0.064416
0.045882
0.052990
0.052096
0.048959
0.049146
0.057017
0.049498
0.046842
0.050014
0.046659
0.046326
0.048023
0.047665
0.047848
0.050112
0.047884
0.047746
0.048977
0.048729
0.050754
0.053025
0.049306
0.046896
0.049460
0.047346
0.049993
0.055749
0.049728
0.048896
0.047379
0.049275
0.047466
0.048460
0.048361
0.047825
0.047910
0.046108
0.046763
0.050385
0.046260
0.045659
0.049573
0.048288
0.047316
0.053561
0.052986
0.050163
0.045836
0.048860
0.051028
0.049886
0.049758
0.048556
0.054300
0.047534
0.047071
0.046788
0.055159
0.040055
0.053453
0.047675
0.054097
0.060943
0.033109
0.047856
0.047506
0.050474
0.048252
0.048239
0.047924
0.047729
0.049651
0.049220
0.048547
0.047577
0.047195
0.045878
0.047606
0.047516
0.046011
0.049661
0.050205
0.056810
0.052567
0.046204
0.062056
0.057965
0.048725
0.046168
0.053020
0.048136
0.052585
0.067539
0.046232
0.031657
0.049089
0.045916
0.046420
0.050796
0.046449
0.033160
0.032383
0.031699
0.033939
0.036299
0.045814
0.050678
0.042538
0.045796
0.059342
0.046459
0.053437
0.046553
0.050918
0.047684
0.049597
0.046543
0.047898
0.046218
0.045936
0.049603
0.046673
0.047376
0.054784
0.046663
0.047918
0.048513
0.047631
0.046919
0.045793
0.049878
0.047957
0.047538
0.053168
0.047067
0.049146
0.046053
0.050570
0.049003
0.049163
0.046459
0.052080
0.047129
0.048247
0.053594
0.049361
0.055577
0.050820
0.057078
0.047767
0.045154
0.046523
0.047776
0.053642
0.067415
0.048564
0.049454
0.050179
0.046019
0.055666
0.045765
0.046757
0.049098
0.051253
0.045963
0.053423
0.046595
0.040081
0.049196
0.046295
0.050648
0.048993
0.047703
0.053722
0.062127
0.055584
0.059733
0.064470
0.058114
0.043830
0.044014
0.041586
0.037734
0.038933
0.036548
0.038322
0.043873
0.038365
0.037871
0.038791
0.036154
0.038720
0.035785
0.038650
0.030021
0.028451
0.029891
0.027642
0.033062
0.029126
0.027826
0.027564
0.037076
0.035498
0.035034
0.040827
0.035874
0.033592
0.043294
0.036272
0.036261
0.036483
0.037196
0.037586
0.038332
0.037580
0.041228
0.037724
0.037581
0.037940
0.045601
0.038289
0.036927
0.031770
0.032271
0.031785
0.030355
0.037872
0.031878
0.029638
0.038883
0.032502
0.035260
0.027607
0.026144
0.024590
0.031721
0.034715
0.031981
0.032959
0.034650
0.036144
0.034502
0.031700
0.036512
0.033949
0.031943
0.033223
0.032782
0.037150
0.032877
0.031747
0.037995
0.036681
0.035368
0.033660
0.023840
0.024015
0.042260
0.022396
0.022365
0.024474
0.024591
0.023625
0.023525
0.039242
0.022711
0.025016
0.023631
0.022872
0.023660
0.022213
0.046586
0.023181
0.022405
0.024688
0.023477
0.024283
0.023988
0.041402
0.022649
0.020647
0.023094
0.031639
0.024059
0.024872
0.024057
0.026427
0.026948
0.024367
0.024269
0.025858
0.024927
0.024511
0.024764
0.027446
0.021246
0.037171
0.017153
0.023847
0.017978
0.018185
0.017182
0.017587
0.020011
0.017165
0.018760
0.026557
0.017639
0.021172
0.017662
0.017469
0.017003
0.018374
0.019086
0.020162
0.021520
0.022949
0.022591
0.022326
0.022499
0.022092
0.022541
0.022663
0.022198
0.025889
0.022444
0.025634
0.023130
0.021869
0.022282
0.021932
0.024389
0.025142
0.025808
0.025909
0.028548
0.033848
0.028467
0.031928
0.027700
0.032405
0.021374
0.029186
0.028744
0.027578
0.030282
0.029018
0.028632
0.027981
0.034305
0.028919
0.027991
0.032583
0.028908
0.028043
0.025758
0.022854
0.024924
0.032787
0.026100
0.027298
0.026692
0.039621
0.028085
0.034362
0.026530
0.026464
0.031327
0.025937
0.026443
0.030132
0.026228
0.029620
0.032220
0.028127
0.027746
0.030854
0.028867
0.030715
0.031342
0.029123
0.032048
0.033031
0.033725
0.036383
0.032629
0.032547
0.024977
0.023520
0.023740
0.024317
0.025616
0.025403
0.030329
0.026955
0.025302
0.038445
0.024873
0.030250
0.025218
0.027892
0.027941
0.034425
0.032158
0.031559
0.035040
0.038805
0.038101
0.036690
0.037042
0.034281
0.038979
0.035773
0.037361
0.035883
0.036785
0.035564
0.049659
0.035780
0.037396
0.034910
0.036000
0.039896
0.036143
0.033366
0.034872
0.032511
0.037227
0.039197
0.038613
0.038284
0.039997
0.031504
0.028370
0.026894
0.029216
0.042614
0.045896
0.049494
0.036705
0.026978
0.026453
0.024481
0.026428
0.045018
0.025384
0.035500
0.035756
0.035362
0.026598
0.025393
0.043482
0.040175
0.038730
0.042337
0.020200
0.022402
0.019903
0.022587
0.024056
0.035903
0.056060
0.040857
0.044022
0.045541
0.047786
0.046281
0.040625
0.043761
0.047067
0.042892
0.045488
0.052060
0.047204
0.042553
0.025816
0.029525
0.031075
0.027828
0.029182
0.033419
0.028647
0.029611
0.033894
0.033221
0.032394
0.037123
0.031966
0.032692
0.035476
0.029891
0.033771
0.036746
0.038600
0.035319
0.041056
0.033545
0.040317
0.040451
0.041902
0.037109
0.040834
0.039440
0.021616
0.017174
0.014974
0.014322
0.017631
0.015667
0.019696
0.015429
0.015442
0.014860
0.014944
0.019282
0.015189
0.032613
0.022073
0.015045
0.018482
0.014906
0.015353
0.015305
0.017334
0.020695
0.015526
0.015038
0.017021
0.016262
0.016363
0.015125
0.023431
0.030528
0.015173
0.019279
0.015450
0.016278
0.018422
0.017688
0.018874
0.019838
0.017521
0.020295
0.017179
0.017071
0.019629
0.031056
0.031884
0.033171
0.040375
0.040807
0.036222
0.042727
0.020674
0.031634
0.022094
0.037852
0.038818
0.022703
0.021524
0.022882
0.039825
0.031819
0.045555
0.047388
0.026244
0.026342
0.038303
0.048559
0.029375
0.028473
0.027733
0.030591
0.031923
0.028765
0.028000
0.027383
0.029783
0.032308
0.030256
0.030698
0.034112
0.031841
0.032033
0.029998
0.030192
0.031695
0.032395
0.030318
0.042117
0.030280
0.029413
0.037268
0.030618
0.030005
0.033413
0.029757
0.022288
0.023924
0.032633
0.026774
0.027365
0.031044
0.036396
0.033839
0.027331
0.027925
0.028726
0.032893
0.029035
0.030359
0.027028
0.026440
0.028295
0.031167
0.030950
0.030101
0.037157
0.032717
0.033589
0.032278
0.041380
0.027065
0.030515
0.031403
0.032862
0.030297
0.040823
0.049450
0.031222
0.032516
0.041079
0.032295
0.036789
0.031999
0.032013
0.033033
0.033820
0.033291
0.038483
0.034738
0.033169
0.031656
0.040346
0.039693
0.039705
0.037928
0.038472
0.038587
0.047241
0.050684
0.034410
0.028940
0.032767
0.033106
0.029044
0.032456
0.035088
0.035142
0.030965
0.034553
0.035117
0.030595
0.041236
0.033187
0.032720
0.032640
0.022909
0.021229
0.026085
0.023935
0.023130
0.032859
0.035710
0.035157
0.032761
0.025746
0.032696
0.024007
0.026625
0.035617
0.025157
0.024963
0.031577
0.037499
0.031700
0.024930
0.034745
0.031842
0.047085
0.035223
0.032438
0.036602
0.032459
0.027890
0.032195
0.041766
0.042343
0.029573
0.028067
0.032782
0.041715
0.033938
0.028005
0.028622
0.032296
0.028882
0.031576
0.028946
0.032989
0.029639
0.028180
0.032503
0.027931
0.029103
0.029865
0.029179
0.031871
0.032066
0.030607
0.035389
0.031336
0.031191
0.047241
0.036515
0.038532
0.045541
0.030870
0.030377
0.025882
0.030502
0.028393
0.035427
0.026691
0.038146
0.032147
0.028749
0.033952
0.034310
0.032060
0.028370
0.026505
0.026880
0.031639
0.026665
0.028811
0.027272
0.026911
0.038261
0.034513
0.030466
0.031986
0.036133
0.035677
0.034908
0.033919
0.043361
0.038658
0.037473
0.037042
0.042603
0.038253
0.040097
0.038622
0.036126
0.034487
0.036741
0.036057
0.038395
0.036762
0.038041
0.040924
0.040573
0.043912
0.044679
0.045047
0.039989
0.044035
0.045895
0.042247
0.040816
0.050685
0.048298
0.046995
0.033890
0.033204
0.039578
0.039582
0.038873
0.032599
0.030577
0.028820
0.034719
0.045619
0.032035
0.039826
0.041457
0.032539
0.031674
0.033951
0.028378
0.033150
0.033012
0.034934
0.033685
0.033758
0.034986
0.042087
0.035725
0.044158
0.035893
0.035570
0.047533
0.037771
0.036759
0.037863
0.046697
0.045538
0.040204
0.040775
0.041725
0.040556
0.049429
0.039834
0.039907
0.041772
0.042694
0.050488
0.041049
0.040985
0.039809
0.049313
0.041578
0.053780
0.041443
0.056172
0.040175
0.043695
0.042444
0.043134
0.042936
0.043898
0.045688
0.046178
0.041759
0.051384
0.042155
0.045795
0.048292
0.043854
0.053636
0.049280
0.028763
0.029981
0.036834
0.036801
0.027544
0.039054
0.034960
0.033771
0.035178
0.043148
0.037251
0.041299
0.037578
0.048631
0.039057
0.044981
0.036403
0.043507
0.035717
0.040637
0.037306
0.040293
0.043319
0.046757
0.040689
0.041920
0.044876
0.033597
0.031605
0.039325
0.045854
0.046133
0.038499
0.038261
0.040485
0.037754
0.039299
0.045497
0.043775
0.043807
0.039405
0.039534
0.042659
0.041911
0.040806
0.038939
0.045312
0.041969
0.039493
0.041117
0.044505
0.039112
0.038557
0.040920
0.043494
0.043808
0.040147
0.037966
0.048230
0.046097
0.049181
0.052641
0.058805
0.060363
0.042332
0.042131
0.042578
0.040359
0.044878
0.040493
0.041185
0.040686
0.043024
0.041551
0.040801
0.040977
0.040501
0.042157
0.040829
0.041471
0.048594
0.048876
0.055201
0.064997
0.055317
0.031948
0.037985
0.042246
0.049434
0.055029
0.039721
0.045105
0.065212
0.040147
0.041086
0.042766
0.042154
0.039740
0.040629
0.038095
0.040894
0.040787
0.044506
0.038917
0.039108
0.041657
0.042448
0.042478
0.039403
0.041399
0.038687
0.045598
0.039472
0.041299
0.040906
0.040109
0.045968
0.041013
0.042031
0.040673
0.038680
0.055380
0.042840
0.048210
0.042304
0.042744
0.042958
0.043907
0.046461
0.046161
0.042931
0.050394
0.044683
0.041019
0.041071
0.038978
0.038531
0.038900
0.043875
0.041532
0.037981
0.045979
0.041666
0.038890
0.040301
0.034930
0.042377
0.042124
0.039656
0.046084
0.042125
0.043972
0.045747
0.046374
0.058091
0.047857
0.047455
0.046811
0.051996
0.049102
0.052350
0.048873
0.054949
0.050065
0.044941
0.050776
0.045455
0.049128
0.046821
0.044493
0.046777
0.054090
0.047291
0.049555
0.046725
0.043667
0.044449
0.047465
0.043439
0.045891
0.051968
0.043046
0.043812
0.047251
0.047671
0.044328
0.046992
0.044355
0.044143
0.043641
0.045860
0.044484
0.054222
0.046412
0.060590
0.058313
0.046889
0.047352
0.048982
0.046556
0.058290
0.048808
0.047447
0.051443
0.072746
0.054943
0.031695
0.035824
0.034503
0.037348
0.048151
0.038365
0.037943
0.046701
0.040164
0.042303
0.046239
0.049523
0.056624
0.048278
0.047368
0.048548
0.047713
0.046299
0.048263
0.049634
0.048911
0.047670
0.047556
0.048838
0.055253
0.066942
0.049979
0.049899
0.064385
0.074013
0.053166
0.047065
0.048526
0.053277
0.054484
0.047391
0.047010
0.046282
0.051338
0.047559
0.051991
0.048837
0.052247
0.057895
0.053169
0.048510
0.046823
0.047057
0.048228
0.046637
0.049934
0.052153
0.047248
0.050050
0.047709
0.046554
0.049376
0.051931
0.055261
0.047471
0.047969
0.048440
0.050717
0.048635
0.049124
0.050092
0.051237
0.045793
0.047801
0.048925
0.047315
0.047354
0.047734
0.048205
0.046442
0.048446
0.046699
0.047880
0.052712
0.056465
0.047442
0.047598
0.047355
0.047303
0.047912
0.046621
0.047707
0.047120
0.044648
0.047237
0.048201
0.046700
0.048971
0.046986
0.050109
0.047460
0.047477
0.046345
0.046088
0.047196
0.048400
0.042712
0.045911
0.051909
0.046475
0.045933
0.047028
0.041065
0.047367
0.047747
0.047859
0.046395
0.047746
0.047930
0.048517
0.046090
0.046873
0.050078
0.046632
0.052998
0.046743
0.045989
0.049262
0.047650
0.046281
0.047372
0.047055
0.046363
0.047961
0.048647
0.046086
0.055479
0.047082
0.048467
0.048758
0.047194
0.047043
0.047777
0.050904
0.046499
0.046545
0.050009
0.046303
0.048959
0.051050
0.046243
0.061057
0.047124
0.046583
0.045734
0.039214
0.037472
0.043689
0.040139
0.041790
0.041869
0.042126
0.041416
0.041533
0.044056
0.044532
0.041491
0.043230
0.041537
0.044133
0.041005
0.038973
0.040541
0.040886
0.045466
0.044076
0.049098
0.046415
0.050088
0.047876
0.049352
0.046175
0.047586
0.047928
0.047015
0.050184
0.046551
0.049262
0.046953
0.048274
0.047968
0.048816
0.047337
0.048635
0.048731
0.046865
0.046805
0.044071
0.039004
0.041011
0.041618
0.060131
0.045462
0.044588
0.045818
0.044219
0.045010
0.043887
0.047043
0.045920
0.045642
0.046414
0.044159
0.060394
0.044984
0.047546
0.044687
0.047262
0.047268
0.046189
0.044560
0.045462
0.047128
0.035150
0.039654
0.039176
0.049360
0.041084
0.049128
0.041683
0.043963
0.041570
0.042860
0.043756
0.043172
0.040933
0.054672
0.041641
0.040674
0.045435
0.040953
0.040848
0.043930
0.039223
0.042169
0.040885
0.042132
0.042252
0.042524
0.043939
0.042367
0.044017
0.041828
0.043617
0.044178
0.043980
0.049200
0.043849
0.046315
0.046117
0.044917
0.044083
0.046169
0.044618
0.043494
0.041358
0.044052
0.043992
0.050364
0.041454
0.040918
0.044024
0.042004
0.048373
0.041833
0.041377
0.042539
0.025711
0.032115
0.041685
0.039047
0.041809
0.042122
0.041096
0.041731
0.042310
0.042269
0.041583
0.042205
0.042298
0.042011
0.041188
0.042560
0.041046
0.043014
0.041869
0.043361
0.040885
0.045882
0.041115
0.034180
0.027257
0.029024
0.022684
0.022399
0.023941
0.026487
0.023235
0.028560
0.025600
0.026832
0.023208
0.026629
0.025323
0.023145
0.025878
0.023349
0.025854
0.025240
0.024049
0.023271
0.025544
0.028815
0.025348
0.025739
0.031627
0.033236
0.035180
0.032714
0.032886
0.031392
0.031734
0.037359
0.033344
0.035119
0.032675
0.030758
0.031413
0.041037
0.046520
0.049004
0.047870
0.035697
0.035720
0.033277
0.033704
0.038650
0.035834
0.040924
0.037701
0.037041
0.039138
0.037072
0.037621
0.038303
0.037332
0.044178
0.037848
0.037106
0.040747
0.037750
0.039094
0.040414
0.037296
0.039737
0.038121
0.040166
0.038808
0.037605
0.037785
0.056660
0.053708
0.059683
0.046080
0.032085
0.050232
0.037035
0.045409
0.050792
0.047751
0.035334
0.033761
0.039071
0.033723
0.034671
0.038744
0.034544
0.038579
0.036813
0.046614
0.053411
0.066485
0.047974
0.048342
0.045071
0.037600
0.051032
0.049769
0.052057
0.048762
0.049933
0.053225
0.049620
0.048817
0.036893
0.034781
0.034621
0.039681
0.030746
0.035538
0.040223
0.035283
0.034755
0.043689
0.036153
0.034621
0.039643
0.034996
0.035936
0.040591
0.035325
0.036305
0.035735
0.045094
0.057389
0.052602
0.042135
0.049357
0.046516
0.034904
0.042785
0.032237
0.030969
0.032434
0.031111
0.036216
0.031270
0.030588
0.037052
0.030793
0.030804
0.030668
0.032137
0.035623
0.030818
0.030987
0.031805
0.031830
0.029601
0.031624
0.030509
0.030476
0.030360
0.032282
0.033060
0.031736
0.031465
0.038471
0.036103
0.033812
0.037269
0.033960
0.035577
0.051131
0.038621
0.037785
0.046944
0.036090
0.038177
0.039154
0.037046
0.036071
0.036833
0.037352
0.039222
0.036096
0.032454
0.026034
0.024141
0.026327
0.024664
0.024070
0.026283
0.024050
0.024128
0.024774
0.038480
0.045146
0.034641
0.024537
0.024447
0.023695
0.031607
0.026168
0.027115
0.023921
0.025659
0.035642
0.024166
0.024550
0.024906
0.040359
0.047408
0.024339
0.024140
0.024988
0.025672
0.023908
0.027833
0.024800
0.025986
0.028758
0.030973
0.033150
0.031884
0.034651
0.034550
0.032775
0.032063
0.032217
0.046426
0.054524
0.058931
0.054921
0.033485
0.032870
0.036456
0.043229
0.044878
0.035035
0.035794
0.037822
0.034333
0.035473
0.035038
0.034344
0.035418
0.035304
0.034838
0.033877
0.039298
0.036180
0.036160
0.036817
0.036364
0.040861
0.036290
0.036577
0.036716
0.036679
0.039393
0.037371
0.036713
0.037099
0.035865
0.041495
0.043106
0.040920
0.032448
0.049601
0.032606
0.027574
0.021906
0.029122
0.052661
0.042217
0.031025
0.028459
0.041111
0.054032
0.028625
0.032182
0.029053
0.030133
0.030807
0.027841
0.033551
0.027953
0.028297
0.028014
0.030569
0.032783
0.033868
0.034922
0.037396
0.039863
0.040871
0.043443
0.043630
0.040555
0.042553
0.042381
0.047878
0.040334
0.043101
0.044020
0.046607
0.042106
0.042139
0.045277
0.044143
0.042229
0.043703
0.045828
0.043804
0.042225
0.043445
0.030242
0.035738
0.045629
0.036708
0.038830
0.037078
0.036655
0.040449
0.032986
0.033687
0.042137
0.041341
0.036657
0.041111
0.042459
0.035433
0.033300
0.041731
0.042187
0.058616
0.059537
0.043072
0.042672
0.043984
0.041959
0.045896
0.042974
0.043090
0.043718
0.051100
0.042103
0.044419
0.042721
0.045435
0.043324
0.043725
0.043633
0.045289
0.044721
0.042416
0.043162
0.044515
0.049485
0.043052
0.041282
0.040343
0.044076
0.041652
0.046820
0.042394
0.042645
0.045272
0.043603
0.046519
0.044934
0.044658
0.044091
0.047131
0.050522
0.043971
0.047107
0.042746
0.038396
0.046468
0.038193
0.041098
0.040283
0.039603
0.040034
0.042071
0.041314
0.044813
0.042836
0.042643
0.044959
0.059984
0.040936
0.040895
0.042797
0.046477
0.042508
0.041092
0.066712
0.041238
0.040672
0.044666
0.042255
0.041877
0.040309
0.040381
0.041637
0.047231
0.039623
0.045038
0.040479
0.041031
0.054792
0.039857
0.040184
0.039955
0.041373
0.043181
0.039708
0.045302
0.039126
0.038626
0.040139
0.041051
0.040156
0.038692
0.040688
0.038497
0.035622
0.034689
0.046376
0.036942
0.043261
0.040088
0.042403
0.041919
0.042207
0.050600
0.043139
0.060634
0.047760
0.044976
0.062769
0.068708
0.044442
0.044195
0.041580
0.037978
0.039454
0.028767
0.028926
0.030373
0.031996
0.032346
0.030511
0.031355
0.038162
0.030875
0.031792
0.030676
0.035000
0.033849
0.035556
0.034241
0.030807
0.039531
0.036025
0.030738
0.030498
0.034646
0.033751
0.030745
0.035611
0.042147
0.030548
0.030317
0.035851
0.033538
0.032055
0.037503
0.030870
0.034454
0.032299
0.034842
0.036705
0.040691
0.032486
0.029952
0.040377
0.028832
0.033582
0.029620
0.028864
0.062273
0.033888
0.028860
0.036627
0.034598
0.038489
0.043387
0.053487
0.035782
0.029145
0.036255
0.033176
0.033956
0.033824
0.033547
0.035341
0.049974
0.040923
0.036693
0.036163
0.037601
0.045537
0.037154
0.037972
0.037927
0.036617
0.035983
0.044100
0.050106
0.039029
0.038760
0.041382
0.071232
0.046504
0.040717
0.040874
0.055329
0.045160
0.038163
0.038189
0.058087
0.035098
0.061262
0.035846
0.053567
0.038755
0.034882
0.052283
0.037619
0.041818
0.052258
0.036134
0.035196
0.036182
0.036245
0.034742
0.038816
0.039891
0.054389
0.054032
0.043479
0.039728
0.037887
0.050757
0.053707
0.043557
0.047282
0.037315
0.063552
0.049236
0.041178
0.040244
0.043038
0.043394
0.041593
0.041551
0.044668
0.045660
0.044168
0.041255
0.038251
0.031825
0.030479
0.043748
0.048079
0.039880
0.041044
0.029212
0.027707
0.028459
0.030829
0.028386
0.041001
0.030662
0.028338
0.029712
0.036919
0.044131
0.038455
0.037633
0.043648
0.037058
0.035645
0.046381
0.038874
0.043962
0.050325
0.039831
0.049748
0.036401
0.041173
0.038802
0.037400
0.037204
0.037529
0.039300
0.037898
0.041335
0.044929
0.043742
0.043769
0.043175
0.042623
0.037061
0.042882
0.033411
0.034661
0.032962
0.035027
0.036555
0.035907
0.039147
0.037568
0.042515
0.040446
0.037687
0.041002
0.038424
0.037383
0.038149
0.034023
0.034023
0.034717
0.034985
0.034723
0.035380
0.028471
0.024835
0.025107
0.027587
0.024912
0.025838
0.034725
0.025948
0.023824
0.023151
0.038577
0.024924
0.029833
0.031843
0.030734
0.031445
0.032035
0.030523
0.035013
0.036870
0.030391
0.030607
0.030275
0.031483
0.031731
0.024441
0.029220
0.028906
0.031828
0.035455
0.032949
0.025582
0.028395
0.024577
0.024197
0.028232
0.023496
0.029053
0.027850
0.028913
0.027838
0.025824
0.028092
0.026392
0.027887
0.029681
0.025495
0.031268
0.027131
0.026835
0.027768
0.026186
0.026559
0.027815
0.028085
0.025304
0.032338
0.028865
0.027437
0.030416
0.027902
0.027495
0.030968
0.026253
0.028009
0.025902
0.030664
0.024000
0.025556
0.023136
0.023145
0.025718
0.024875
0.023351
0.026222
0.023070
0.024042
0.023644
0.023758
0.027098
0.023317
0.023048
0.023169
0.024399
0.024954
0.023271
0.023452
0.023897
0.023679
0.024722
0.025079
0.023239
0.023997
0.023149
0.026728
0.026616
0.026005
0.023038
0.029758
0.025773
0.034531
0.026759
0.026261
0.031356
0.031700
0.028523
0.029010
0.028166
0.030739
0.025904
0.027548
0.027598
0.028187
0.028430
0.029909
0.030596
0.029750
0.029797
0.030448
0.030861
0.031316
0.029939
0.029865
0.032945
0.031185
0.032152
0.033287
0.031002
0.030716
0.030757
0.030142
0.034304
0.032334
0.030941
0.033009
0.029995
0.031757
0.029666
0.030276
0.031357
0.032149
0.030356
0.029786
0.032186
0.033159
0.030188
0.029774
0.029700
0.036315
0.033845
0.033765
0.032392
0.035977
0.036457
0.036056
0.026911
0.032052
0.032425
0.035707
0.032603
0.024304
0.038100
0.024329
0.026613
0.030116
0.028218
0.031205
0.029573
0.028339
0.031493
0.031677
0.030845
0.028368
0.033117
0.035783
0.040628
0.025490
0.024776
0.027475
0.026588
0.025950
0.026432
0.029668
0.025136
0.024458
0.024333
0.024218
0.024023
0.026258
0.025615
0.020278
0.021111
0.020075
0.022815
0.023273
0.021753
0.020859
0.023039
0.019886
0.020146
0.021409
0.022947
0.019715
0.019996
0.021931
0.023884
0.035820
0.024548
0.024026
0.028898
0.026412
0.020223
0.017211
0.015863
0.027388
0.020200
0.020179
0.021110
0.022313
0.023937
0.024739
0.023770
0.023398
0.026517
0.021888
0.036198
0.037632
0.020111
0.019938
0.022187
0.020445
0.020632
0.019678
0.027472
0.023157
0.023909
0.023768
0.023874
0.027878
0.029523
0.023797
0.033444
0.028876
0.025812
0.036431
0.026581
0.026473
0.026405
0.029092
0.028315
0.028318
0.031607
0.028462
0.030719
0.031115
0.031670
0.031231
0.031649
0.032047
0.039970
0.032818
0.030118
0.031703
0.030029
0.030366
0.036463
0.029590
0.029679
0.029612
0.030306
0.026638
0.026197
0.024967
0.024939
0.028796
0.025901
0.024951
0.024788
0.032151
0.027216
0.024857
0.025396
0.024959
0.027105
0.026599
0.027074
0.031942
0.025983
0.033243
0.044503
0.040571
0.024761
0.024928
0.024509
0.023834
0.024193
0.024651
0.022481
0.025459
0.037992
0.043331
0.040112
0.027496
0.022823
0.029366
0.045563
0.033058
0.036786
0.033261
0.021327
0.021977
0.019595
0.026201
0.058174
0.022794
0.041800
0.019546
0.025786
0.022948
0.036756
0.053120
0.030274
0.026955
0.038296
0.030492
0.028240
0.030736
0.040382
0.054278
0.054858
0.045470
0.055863
0.059787
0.056787
0.071089
0.052681
0.066367
0.060995
0.060742
0.036554
0.054078
0.033587
0.062979
0.049199
0.033953
0.032568
0.029006
0.046368
0.035053
0.029533
0.032841
0.030372
0.029706
0.032369
0.033239
0.029961
0.033811
0.036072
0.038843
0.037336
0.039320
0.037067
0.035743
0.035697
0.035709
0.031403
0.033170
0.043117
0.038686
0.033221
0.032874
0.042384
0.034253
0.034295
0.049999
0.039446
0.040839
0.039010
0.038759
0.041033
0.039594
0.045923
0.042953
0.041840
0.045878
0.039783
0.043973
0.047655
0.040728
0.060331
0.040426
0.041076
0.042675
0.036361
0.047280
0.034019
0.041328
0.031475
0.040176
0.038210
0.042192
0.048468
0.040842
0.039750
0.043758
0.039886
0.039866
0.044866
0.041178
0.046295
0.043550
0.040540
0.053977
0.049676
0.045405
0.039930
0.043602
0.040216
0.043266
0.039334
0.037743
0.050104
0.041721
0.043669
0.043166
0.042316
0.045622
0.042245
0.048661
0.034491
0.037855
0.033725
0.041971
0.042023
0.037030
0.036398
0.037609
0.055769
0.050524
0.040006
0.042808
0.039654
0.044537
0.055158
0.045768
0.044052
0.041272
0.065097
0.041126
0.036499
0.046821
0.060155
0.061159
0.044339
0.042304
0.045449
0.042763
0.062903
0.045861
0.042052
0.044795
0.074367
0.072926
0.052053
0.049124
0.046269
0.052386
0.043999
0.044525
0.044916
0.044648
0.045041
0.046675
0.046367
0.044719
0.047236
0.044748
0.046938
0.043022
0.053655
0.068001
0.065405
0.043388
0.068393
0.043586
0.070691
0.050060
0.067090
0.049694
0.042398
0.043849
0.045253
0.042360
0.049313
0.048779
0.046106
0.043881
0.046993
0.043401
0.042453
0.043444
0.042226
0.028911
0.033191
0.029855
0.029322
0.034709
0.041814
0.042543
0.048108
0.049360
0.045647
0.042268
0.040679
0.027716
0.024062
0.024877
0.022488
0.030297
0.023442
0.036006
0.032273
0.032552
0.028745
0.029156
0.035244
0.050105
0.044029
0.039369
0.046804
0.030043
0.024847
0.043304
0.046773
0.045795
0.042854
0.037917
0.045019
0.033942
0.055160
0.041413
0.068166
0.039473
0.031832
0.030059
0.050886
0.046557
0.043821
0.046170
0.044184
0.047366
0.044357
0.048151
0.046481
0.044826
0.047792
0.043538
0.045417
0.048357
0.047654
0.048287
0.048896
0.045230
0.043801
0.049583
0.043791
0.044475
0.048142
0.045182
0.069710
0.052938
0.047336
0.048686
0.080333
0.044457
0.045272
0.043895
0.062307
0.044714
0.047413
0.044223
0.044826
0.046282
0.045121
0.044573
0.046962
0.045950
0.042396
0.048233
0.049637
0.046820
0.046884
0.046094
0.054614
0.049643
0.047560
0.048547
0.046765
0.046938
0.046935
0.047124
0.047292
0.049103
0.051867
0.048892
0.047615
0.047067
0.050016
0.047469
0.046567
0.049043
0.050249
0.046350
0.046847
0.048579
0.052588
0.046359
0.047724
0.047209
0.053337
0.046541
0.048048
0.047881
0.046425
0.045952
0.040121
0.048345
0.047410
0.050171
0.050303
0.051429
0.050772
0.046653
0.049042
0.046099
0.050813
0.046690
0.060414
0.050078
0.048013
0.047261
0.046336
0.047420
0.047654
0.047758
0.046180
0.047449
0.046188
0.048616
0.046203
0.046961
0.046847
0.048712
0.049925
0.046823
0.050853
0.046290
0.049540
0.031749
0.032544
0.032623
0.031697
0.032428
0.049146
0.031687
0.046210
0.051475
0.046259
0.046211
0.045250
0.043065
0.030280
0.031722
0.031547
0.034887
0.033305
0.032563
0.032729
0.034070
0.045949
0.047754
0.050702
0.032337
0.032820
0.032012
0.032981
0.032209
0.032761
0.031924
0.032068
0.031694
0.033021
0.035373
0.032690
0.031623
0.031322
0.037566
0.032478
0.031666
0.034071
0.035501
0.033142
0.032222
0.042286
0.032462
0.031397
0.047145
0.031852
0.031698
0.032629
0.032809
0.032143
0.033328
0.032516
0.036032
0.039596
0.031651
0.031466
0.036838
0.045884
0.034380
0.033224
0.032394
0.032075
0.045712
0.062305
0.047742
0.031465
0.035352
0.033921
0.038469
0.037059
0.032675
0.031945
0.031594
0.032798
0.033067
0.032483
0.033106
0.033073
0.042165
0.032733
0.035821
0.033659
0.036068
0.033972
0.032138
0.048370
0.047014
0.048266
0.045984
0.041600
0.045164
0.048252
0.048103
0.047168
0.048109
0.046650
0.046920
0.054232
0.054664
0.047724
0.055285
0.058302
0.047505
0.050097
0.054734
0.048239
0.046080
0.046412
0.050813
0.046269
0.046181
0.049639
0.046506
0.047955
0.048096
0.046273
0.046386
0.047354
0.046163
0.047215
0.046616
0.048168
0.046118
0.046315
0.049916
0.048800
0.049773
0.045924
0.050914
0.046422
0.046624
0.047437
0.047332
0.049081
0.044835
0.032018
0.035502
0.043246
0.045766
0.048103
0.047161
0.046880
0.033062
0.031756
0.031517
0.040044
0.028049
0.031403
0.046314
0.032497
0.033176
0.051285
0.044358
0.046146
0.044271
0.046222
0.057943
0.042417
0.045488
0.059798
0.039186
0.040060
0.044767
0.031290
0.062691
0.039112
0.028098
0.014923
0.016902
0.014527
0.016111
0.022479
0.041366
0.022846
0.025993
0.025930
0.029470
0.021512
0.021894
0.033711
0.024667
0.024299
0.041063
0.024794
0.027785
0.025948
0.045814
0.028845
0.053575
0.030280
0.029986
0.029864
0.033685
0.031988
0.049283
0.029896
0.031483
0.028841
0.028743
0.030516
0.027775
0.029956
0.028717
0.057857
0.029031
0.043685
0.047806
0.051678
0.059415
0.056866
0.034135
0.031328
0.034134
0.043120
0.036359
0.045578
0.030770
0.027956
0.026413
0.042159
0.042755
0.041719
0.043061
0.042172
0.044397
0.059824
0.053020
0.030142
0.032787
0.034208
0.044479
0.041106
0.032972
0.030533
0.031747
0.034315
0.030897
0.033212
0.025777
0.029337
0.031312
0.031258
0.030159
0.030055
0.032030
0.031449
0.032481
0.030619
0.029979
0.032391
0.030338
0.032543
0.029932
0.031647
0.034018
0.032721
0.034668
0.032005
0.036809
0.033082
0.031965
0.035748
0.033958
0.033868
0.033944
0.032079
0.031821
0.038028
0.032298
0.034474
0.035864
0.036359
0.036442
0.056863
0.057079
0.051537
0.039168
0.036029
0.040519
0.040893
0.044835
0.046857
0.048799
0.035285
0.032986
0.037162
0.035765
0.037374
0.041150
0.050293
0.040929
0.037678
0.035900
0.037373
0.035266
0.039216
0.038980
0.039759
0.044343
0.041634
0.045491
0.041658
0.050124
0.046418
0.053123
0.046949
0.045872
0.051422
0.045971
0.045661
0.048977
0.045948
0.045924
0.045993
0.048329
0.049042
0.046155
0.046240
0.046981
0.045899
0.061399
0.051060
0.050532
0.049148
0.059788
0.061899
0.052809
0.051577
0.060848
0.050339
0.059300
0.060511
0.043902
0.061762
0.066469
0.043863
0.044052
0.039593
0.040194
0.040877
0.040977
0.042994
0.041250
0.042718
0.044796
0.040905
0.045610
0.042306
0.044932
0.047948
0.043211
0.043068
0.041715
0.040036
0.043294
0.044816
0.043144
0.045779
0.045028
0.043835
0.048401
0.043977
0.042697
0.048956
0.048732
0.046408
0.044581
0.052397
0.049586
0.052312
0.045146
0.044848
0.048611
0.062737
0.069212
0.045209
0.043710
0.041133
0.053590
0.041591
0.041314
0.043879
0.054359
0.040849
0.038988
0.038857
0.035447
0.034712
0.041355
0.035096
0.034689
0.035131
0.034931
0.022840
0.026373
0.032384
0.034725
0.031461
0.034806
0.037252
0.040760
0.043287
0.032991
0.038939
0.039430
0.042523
0.037977
0.046505
0.041136
0.041786
0.038440
0.041214
0.049619
0.040697
0.039506
0.043654
0.043379
0.040533
0.044922
0.043349
0.043463
0.048536
0.041577
0.043833
0.053902
0.041765
0.050283
0.041798
0.043597
0.044472
0.043001
0.046168
0.038429
0.050790
0.043488
0.044060
0.047217
0.045699
0.042150
0.041971
0.043338
0.054255
0.057842
0.048215
0.052431
0.041402
0.046594
0.046851
0.042779
0.052888
0.044655
0.044232
0.050362
0.051104
0.045535
0.046744
0.048504
0.047471
0.046419
0.043850
0.048018
0.044723
0.048260
0.048566
0.046830
0.048667
0.047713
0.047590
0.049339
0.035740
0.057673
0.041851
0.061572
0.054137
0.064357
0.042624
0.066706
0.052642
0.049069
0.043231
0.054847
0.048852
0.055559
0.055144
0.068256
0.056578
0.049340
0.053111
0.063848
0.064037
0.049094
0.050956
0.064747
0.050321
0.047653
0.046508
0.069090
0.048661
0.067862
0.046924
0.048264
0.064414
0.066769
0.048034
0.050358
0.063764
0.052557
0.059836
0.054569
0.048504
0.046350
0.047560
0.046961
0.054659
0.042862
0.039650
0.037964
0.039554
0.040862
0.029636
0.045050
0.037276
0.031375
0.030257
0.040082
0.046832
0.044109
0.030704
0.030785
0.036739
0.036309
0.032029
0.036015
0.045187
0.039785
0.038484
0.034129
0.031337
0.047591
0.029342
0.038061
0.032697
0.031871
0.035538
0.030514
0.031296
0.028401
0.028087
0.032152
0.040746
0.031610
0.027888
0.025618
0.036271
0.029238
0.029371
0.029091
0.050117
0.024121
0.048021
0.044341
0.040779
0.022874
0.023301
0.034567
0.041051
0.041734
0.041724
0.047520
0.050018
0.044374
0.051632
0.039461
0.033224
0.035449
0.036046
0.056793
0.037392
0.057510
0.039303
0.036544
0.023616
0.021060
0.022489
0.023074
0.034013
0.036420
0.042708
0.041845
0.025383
0.024975
0.024774
0.031784
0.025280
0.039018
0.034126
0.035770
0.034439
0.028378
0.030669
0.027651
0.040465
0.026451
0.025658
0.022944
0.035100
0.041352
0.024242
0.022959
0.024852
0.022661
0.031162
0.024775
0.024267
0.024381
0.022485
0.026646
0.026328
0.023576
0.022672
0.023946
0.028559
0.024986
0.023244
0.031565
0.024556
0.025938
0.026365
0.027041
0.027659
0.028631
0.027918
0.028196
0.030127
0.026736
0.029946
0.027164
0.027730
0.031122
0.026764
0.027654
0.031739
0.026954
0.027219
0.031792
0.027130
0.026764
0.028920
0.026774
0.032566
0.027730
0.026923
0.027123
0.034068
0.027330
0.027387
0.030461
0.029740
0.028156
0.030161
0.028959
0.030581
0.033043
0.028727
0.030606
0.031411
0.029269
0.030664
0.038147
0.031925
0.031530
0.030954
0.021465
0.044439
0.034079
0.022001
0.022535
0.023594
0.034152
0.033316
0.023676
0.022676
0.032763
0.033601
0.037023
0.034221
0.037543
0.034805
0.037978
0.035717
0.050354
0.035397
0.024097
0.037156
0.034631
0.035100
0.038889
0.035110
0.038674
0.034814
0.038637
0.036050
0.034878
0.034954
0.037862
0.037506
0.037144
0.037483
0.037569
0.040111
0.037843
0.037052
0.038965
0.038707
0.038303
0.037753
0.037280
0.037731
0.038923
0.037013
0.039167
0.037391
0.039183
0.037730
0.037385
0.037024
0.038410
0.032911
0.044164
0.040477
0.030298
0.034257
0.037034
0.032198
0.036570
0.034401
0.032549
0.032826
0.035320
0.034873
0.033008
0.034021
0.035434
0.034980
0.035462
0.036717
0.035970
0.036217
0.039837
0.042875
0.036562
0.038675
0.036556
0.037859
0.039524
0.039441
0.045736
0.045851
0.043932
0.049743
0.044721
0.049163
0.054754
0.045398
0.045949
0.044917
0.058541
0.047739
0.041829
0.041456
0.038243
0.035470
0.057362
0.049334
0.049523
0.038573
0.037918
0.038011
0.038524
0.043834
0.038124
0.039178
0.038351
0.038142
0.043938
0.038946
0.037006
0.034409
0.033746
0.036356
0.034395
0.033703
0.033638
0.035466
0.036223
0.023414
0.024205
0.025898
0.026020
0.028564
0.028566
0.032799
0.032791
0.030000
0.030620
0.034304
0.033306
0.031550
0.031496
0.032906
0.030539
0.030229
0.034014
0.024876
0.031037
0.031850
0.029063
0.029191
0.029492
0.030314
0.029287
0.027911
0.028166
0.036107
0.032453
0.035100
0.044808
0.040432
0.045091
0.041736
0.040504
0.041767
0.039873
0.041856
0.042461
0.042175
0.042245
0.040520
0.041228
0.042129
0.040031
0.044060
0.041294
0.040292
0.040149
0.041389
0.040296
0.040171
0.055210
0.041520
0.045393
0.060732
0.051757
0.032040
0.032152
0.032096
0.042683
0.040104
0.036055
0.036614
0.032982
0.032805
0.036468
0.033802
0.041909
0.039356
0.042320
0.046524
0.051650
0.043257
0.044922
0.041283
0.042405
0.047226
0.041826
0.042765
0.044381
0.042471
0.041574
0.032166
0.030178
0.030112
0.036594
0.034999
0.042785
0.030019
0.037860
0.030155
0.022011
0.022002
0.024578
0.034894
0.032516
0.039520
0.040875
0.037663
0.043823
0.047428
0.045344
0.044905
0.043741
0.046607
0.044900
0.047353
0.043879
0.046494
0.044466
0.044166
0.045583
0.043924
0.049770
0.035092
0.037507
0.048045
0.032936
0.027358
0.035866
0.034664
0.031640
0.049827
0.030207
0.031225
0.036799
0.030308
0.032464
0.034733
0.030169
0.030412
0.031836
0.032526
0.032826
0.032176
0.030791
0.030225
0.031523
0.032766
0.035594
0.037977
0.038028
0.043326
0.041274
0.059226
0.043230
0.042223
0.064950
0.044065
0.043197
0.041990
0.044935
0.041988
0.043636
0.048965
0.044500
0.040788
0.044906
0.043518
0.045984
0.042866
0.044588
0.042205
0.050333
0.043375
0.045670
0.064069
0.046518
0.053743
0.048791
0.054636
0.049792
0.047962
0.052582
0.047182
0.048667
0.047645
0.047660
0.046824
0.046083
0.051775
0.046409
0.047779
0.046382
0.053679
0.046269
0.052105
0.048799
0.049102
0.050763
0.048763
0.051681
0.046893
0.048755
0.050217
0.047102
0.049026
0.046730
0.046606
0.050168
0.046420
0.046599
0.046565
0.049513
0.053982
0.045866
0.048923
0.045951
0.045782
0.038066
0.038662
0.037256
0.037435
0.037637
0.037690
0.038004
0.045230
0.046727
0.038225
0.036800
0.039659
0.017993
0.022974
0.032486
0.032673
0.050631
0.049385
0.036624
0.038671
0.037495
0.038123
0.036695
0.039660
0.037910
0.039078
0.037809
0.044770
0.037256
0.041100
0.037556
0.036636
0.039054
0.037095
0.040681
0.037470
0.036834
0.036803
0.041618
0.047674
0.036458
0.037519
0.040175
0.037411
0.038946
0.042902
0.039188
0.038867
0.042039
0.044443
0.051105
0.039230
0.039131
0.028408
0.044324
0.038209
0.033359
0.043294
0.037527
0.036656
0.034904
0.037548
0.036257
0.036997
0.034994
0.039790
0.037305
0.045255
0.020464
0.016350
0.018010
0.025222
0.024749
0.028038
0.033891
0.029606
0.025824
0.041669
0.036711
0.031124
0.024325
0.022854
0.022159
0.022027
0.025034
0.024904
0.029000
0.026931
0.026932
0.026809
0.034723
0.028199
0.028780
0.030500
0.034959
0.032351
0.031872
0.032466
0.035729
0.032898
0.031991
0.036320
0.036195
0.036774
0.038025
0.039230
0.039688
0.038160
0.037771
0.046017
0.042120
0.043859
0.025637
0.026433
0.030836
0.036229
0.031657
0.031579
0.034162
0.032069
0.031076
0.036195
0.034487
0.034278
0.031559
0.034678
0.037373
0.036679
0.038089
0.040928
0.041586
0.031765
0.032813
0.034399
0.038421
0.036486
0.040112
0.037068
0.039786
0.037799
0.038439
0.040951
0.040679
0.047693
0.040489
0.039015
0.027530
0.018507
0.045556
0.031935
0.038862
0.033463
0.035043
0.036879
0.035407
0.039926
0.039474
0.036461
0.037380
0.040692
0.026546
0.039852
0.025659
0.037534
0.031281
0.033819
0.037924
0.034473
0.035133
0.034087
0.020197
0.022084
0.021265
0.022014
0.025486
0.026891
0.038895
0.037530
0.038653
0.036020
0.037886
0.040168
0.039247
0.041693
0.026881
0.036161
0.030491
0.050768
0.040508
0.043972
0.043150
0.042813
0.043831
0.042254
0.043489
0.045053
0.043876
0.044217
0.042603
0.042336
0.046027
0.043027
0.047333
0.042657
0.043840
0.041639
0.048291
0.044508
0.044775
0.044316
0.042137
0.050969
0.043847
0.045598
0.047838
0.043307
0.049141
0.048363
0.048299
0.030296
0.041858
0.042406
0.043901
0.030852
0.030874
0.033679
0.039272
0.053296
0.029709
0.029104
0.039763
0.034093
0.029617
0.035322
0.030743
0.029059
0.030685
0.033667
0.032228
0.054376
0.065998
0.036825
0.048987
0.050598
0.053368
0.041709
0.058887
0.060664
0.042137
0.058694
0.064613
0.047325
0.039509
0.035181
0.040889
0.036387
0.031459
0.034406
0.028409
0.031071
0.034343
0.034049
0.037169
0.028300
0.029205
0.030539
0.031379
0.034225
0.024729
0.031698
0.028709
0.029577
0.030182
0.026192
0.024718
0.044383
0.034830
0.024936
0.025349
0.048590
0.024862
0.034197
0.038365
0.035336
0.050431
0.037393
0.053516
0.026358
0.028831
0.031948
0.037999
0.060293
0.041394
0.051505
0.027065
0.037150
0.025621
0.027224
0.028584
0.029993
0.025103
0.025187
0.025643
0.027101
0.027004
0.024597
0.027571
0.026073
0.027584
0.026578
0.032650
0.018405
0.019201
0.028585
0.035489
0.028540
0.028281
0.023945
0.024634
0.021553
0.025852
0.031538
0.019669
0.034635
0.022709
0.022298
0.032970
0.033896
0.041082
0.034899
0.038501
0.038454
0.037057
0.031798
0.036565
0.042475
0.038321
0.039855
0.045114
0.043468
0.039675
0.042726
0.041885
0.037725
0.038339
0.038969
0.038879
0.042075
0.045984
0.038168
0.037486
0.041763
0.042541
0.041633
0.039041
0.038161
0.041755
0.025139
0.027314
0.063340
0.031820
0.027130
0.025621
0.021936
0.024111
0.030193
0.023229
0.021586
0.022583
0.024242
0.024854
0.026523
0.023225
0.023530
0.027598
0.026049
0.025317
0.033905
0.025798
0.026000
0.028028
0.025075
0.026313
0.027266
0.025748
0.031827
0.028921
0.036239
0.041031
0.030498
0.032657
0.035437
0.033537
0.032650
0.037954
0.043015
0.038628
0.031496
0.035821
0.033156
0.032542
0.035532
0.033575
0.044986
0.053654
0.028135
0.026119
0.028749
0.026319
0.028624
0.026645
0.029416
0.029721
0.033025
0.059734
0.046025
0.050802
0.045548
0.037493
0.053571
0.033478
0.034704
0.025344
0.028486
0.031319
0.040205
0.038072
0.027774
0.039073
0.043320
0.033634
0.033156
0.046804
0.042471
0.048853
0.042949
0.041229
0.029881
0.040426
0.034443
0.030162
0.027373
0.021274
0.018979
0.025533
0.024279
0.022473
0.022280
0.023815
0.022219
0.023054
0.023773
0.028402
0.027842
0.032323
0.024030
0.026673
0.029898
0.026054
0.025554
0.031800
0.032078
0.030456
0.019448
0.033163
0.035303
0.036929
0.034415
0.034137
0.036791
0.037332
0.038309
0.041232
0.029229
0.024406
0.026902
0.027246
0.023726
0.036287
0.031560
0.024000
0.040249
0.028236
0.027532
0.027633
0.023113
0.044385
0.024855
0.024040
0.029898
0.034318
0.025889
0.029231
0.029650
0.026187
0.030184
0.033430
0.030627
0.029373
0.031745
0.028047
0.033015
0.034666
0.030802
0.029816
0.029861
0.025562
0.031549
0.031727
0.028144
0.033351
0.034980
0.028717
0.037523
0.047027
0.038231
0.045389
0.037875
0.027088
0.032830
0.032103
0.033404
0.030537
0.028752
0.029546
0.033077
0.029152
0.031956
0.030454
0.033291
0.030780
0.034239
0.030576
0.035894
0.040495
0.036525
0.041249
0.021455
0.025451
0.025312
0.030285
0.033162
0.036780
0.035896
0.035473
0.060410
0.035287
0.036066
0.036821
0.059187
0.043503
0.059614
0.039669
0.042219
0.051474
0.033726
0.030663
0.028722
0.026512
0.034459
0.033131
0.047385
0.032858
0.029464
0.028569
0.046189
0.050561
0.047990
0.037042
0.038393
0.053034
0.037643
0.048963
0.040860
0.075295
0.044683
0.041379
0.043303
0.043849
0.039466
0.031189
0.028208
0.030473
0.026273
0.028579
0.028894
0.050619
0.053474
0.045176
0.039048
0.041302
0.043130
0.038198
0.059279
0.041523
0.052868
0.037134
0.032099
0.026997
0.026568
0.028836
0.029362
0.022883
0.027743
0.021742
0.025154
0.028311
0.035884
0.033506
0.037295
0.041222
0.019282
0.031778
0.023225
0.018354
0.022216
0.025461
0.016366
0.018627
0.027328
0.019680
0.018494
0.019423
0.019142
0.018085
0.019000
0.027429
0.021962
0.026881
0.027182
0.022679
0.028597
0.026117
0.022852
0.022508
0.046559
0.029675
0.030035
0.047918
0.036309
0.040534
0.036404
0.046798
0.024450
0.024210
0.045509
0.032705
0.030484
0.029149
0.033117
0.032285
0.035320
0.030604
0.032611
0.035345
0.031168
0.027822
0.033648
0.031437
0.032987
0.032356
0.031482
0.032993
0.029177
0.030667
0.031549
0.052382
0.034915
0.034272
0.031677
0.036410
0.037637
0.035206
0.035023
0.041086
0.034959
0.038296
0.030971
0.037539
0.039259
0.031665
0.031813
0.035802
0.032163
0.032316
0.034868
0.029329
0.033849
0.037807
0.034020
0.033081
0.054063
0.032684
0.034845
0.031349
0.052698
0.060871
0.034421
0.038635
0.035894
0.057591
0.034608
0.045601
0.041326
0.048742
0.034276
0.035403
0.052053
0.042603
0.031924
0.019352
